{"sfm_data_version": "0.3", "root_path": "/mnt/ST8000/jialei/SFM_E/ex_sea_12/6-3/images", "views": [{"key": 9, "value": {"polymorphic_id": 1073741824, "ptr_wrapper": {"id": 2147483649, "data": {"local_path": "", "filename": "087511_13303.979266.jpg", "width": 1920, "height": 1080, "id_view": 9, "id_intrinsic": 0, "id_pose": 9}}}}, {"key": 8, "value": {"polymorphic_id": 1073741824, "ptr_wrapper": {"id": 2147483650, "data": {"local_path": "", "filename": "087510_13303.879656.jpg", "width": 1920, "height": 1080, "id_view": 8, "id_intrinsic": 0, "id_pose": 8}}}}, {"key": 7, "value": {"polymorphic_id": 1073741824, "ptr_wrapper": {"id": 2147483651, "data": {"local_path": "", "filename": "087509_13303.781047.jpg", "width": 1920, "height": 1080, "id_view": 7, "id_intrinsic": 0, "id_pose": 7}}}}, {"key": 6, "value": {"polymorphic_id": 1073741824, "ptr_wrapper": {"id": 2147483652, "data": {"local_path": "", "filename": "087508_13303.679461.jpg", "width": 1920, "height": 1080, "id_view": 6, "id_intrinsic": 0, "id_pose": 6}}}}, {"key": 5, "value": {"polymorphic_id": 1073741824, "ptr_wrapper": {"id": 2147483653, "data": {"local_path": "", "filename": "087507_13303.580852.jpg", "width": 1920, "height": 1080, "id_view": 5, "id_intrinsic": 0, "id_pose": 5}}}}, {"key": 4, "value": {"polymorphic_id": 1073741824, "ptr_wrapper": {"id": 2147483654, "data": {"local_path": "", "filename": "087506_13303.479266.jpg", "width": 1920, "height": 1080, "id_view": 4, "id_intrinsic": 0, "id_pose": 4}}}}, {"key": 3, "value": {"polymorphic_id": 1073741824, "ptr_wrapper": {"id": 2147483655, "data": {"local_path": "", "filename": "087505_13303.379656.jpg", "width": 1920, "height": 1080, "id_view": 3, "id_intrinsic": 0, "id_pose": 3}}}}, {"key": 2, "value": {"polymorphic_id": 1073741824, "ptr_wrapper": {"id": 2147483656, "data": {"local_path": "", "filename": "087504_13303.248047.jpg", "width": 1920, "height": 1080, "id_view": 2, "id_intrinsic": 0, "id_pose": 2}}}}, {"key": 1, "value": {"polymorphic_id": 1073741824, "ptr_wrapper": {"id": 2147483657, "data": {"local_path": "", "filename": "087503_13303.179461.jpg", "width": 1920, "height": 1080, "id_view": 1, "id_intrinsic": 0, "id_pose": 1}}}}, {"key": 0, "value": {"polymorphic_id": 1073741824, "ptr_wrapper": {"id": 2147483658, "data": {"local_path": "", "filename": "087502_13303.047852.jpg", "width": 1920, "height": 1080, "id_view": 0, "id_intrinsic": 0, "id_pose": 0}}}}], "intrinsics": [{"key": 0, "value": {"polymorphic_id": 2147483649, "polymorphic_name": "pinhole_radial_k3", "ptr_wrapper": {"id": 2147483659, "data": {"width": 1920, "height": 1080, "focal_length": 1739.13, "principal_point": [960.0, 540.0], "disto_k3": [0.0, 0.0, 0.0]}}}}], "extrinsics": [{"key": 0, "value": {"rotation": [[0.9999999719925458, -7.1621093072035e-05, 0.0002255777617188609], [7.162004141127709e-05, 0.9999999974243797, 4.670150882806977e-06], [-0.00022557809561916963, -4.653994863354175e-06, 0.9999999745464312]], "center": [0.00019539828758638526, -3.205993944906982e-05, 0.0001430058081186125]}}, {"key": 1, "value": {"rotation": [[0.9999999695080342, 7.528944445525396e-05, -0.00023519232638354937], [-7.536746885035108e-05, 0.9999999421288649, -0.0003317559517813923], [0.00023516733505140152, 0.0003317736675158313, 0.9999999173112756]], "center": [-0.0019613760502496936, -0.010610585323237493, 4.698538720885943e-05]}}, {"key": 2, "value": {"rotation": [[0.9999999955011563, -8.873120291852624e-05, 3.353298496412047e-05], [8.869894994200074e-05, 0.99999953468131, 0.0009606090044553085], [-3.3618205353052795e-05, -0.0009606060257931107, 0.999999538052833]], "center": [-0.003024280965189032, -0.02234082239705534, 0.00016686906882717664]}}, {"key": 3, "value": {"rotation": [[0.9999992939080733, -0.0011883239325942278, -8.341838861101964e-06], [0.0011883226707461616, 0.9999992827427946, -0.00014967673860850867], [8.51969732855246e-06, 0.00014966672012672977, 0.9999999887636438]], "center": [-0.003880819188802945, -0.03197140335050662, 0.0008843083944387857]}}, {"key": 4, "value": {"rotation": [[0.9999982290851687, -0.0018112495868518371, 0.0005110787227048162], [0.0018111882979247784, 0.9999983525540843, 0.00012035807564688362], [-0.0005112958792450081, -0.0001194322027010974, 0.9999998621562269]], "center": [-0.005229988035728883, -0.042899940585315606, 0.0009646013836597643]}}, {"key": 5, "value": {"rotation": [[0.9999975333022454, -0.0020603394142834856, 0.0008296932703220253], [0.002058806375289715, 0.9999961798333421, 0.001844352198142079], [-0.000833490092283097, -0.0018426394708881844, 0.9999979549849323]], "center": [-0.0062309352890377746, -0.05506159378621748, 0.0010991156649093185]}}, {"key": 6, "value": {"rotation": [[0.9999959766813562, -0.0024152418585859452, 0.00148769212712339], [0.00241110581564259, 0.9999932409469438, 0.0027757213788885534], [-0.0014943861101954247, -0.002772123228137389, 0.9999950410591852]], "center": [-0.008083862495814968, -0.0663699656709961, 0.0009761785217761384]}}, {"key": 7, "value": {"rotation": [[0.9999952451762756, -0.0025229959449881126, 0.0017731656160547176], [0.0025148112682857266, 0.9999862438432805, 0.0046030260146752875], [-0.0017847546400803199, -0.004598544951226196, 0.9999878339435967]], "center": [-0.008848729735616867, -0.07864291071239857, 0.001021138252011392]}}, {"key": 8, "value": {"rotation": [[0.9999925960968026, -0.0025264882519240414, 0.002902517646736155], [0.002508416937524736, 0.9999775533430191, 0.006212942505473024], [-0.002918149421168141, -0.006205615781021585, 0.9999764870919386]], "center": [-0.011656364316761779, -0.09042773387507196, 0.000508251695846902]}}, {"key": 9, "value": {"rotation": [[0.999989461438391, -0.0029562025635969697, 0.003512531645366026], [0.0029276178343054654, 0.9999627840567007, 0.008115390033001423], [-0.0035363916600076456, -0.008105021158174961, 0.9999609005186417]], "center": [-0.012790354610946452, -0.10296518689149088, 0.0001947367386211279]}}], "structure": [], "control_points": []}