{"sfm_data_version": "0.3", "root_path": "/mnt/ST8000/jialei/SFM_E/ex_sea_12/6-3/images", "views": [{"key": 9, "value": {"polymorphic_id": 1073741824, "ptr_wrapper": {"id": 2147483649, "data": {"local_path": "", "filename": "087511_13303.979266.jpg", "width": 1920, "height": 1080, "id_view": 9, "id_intrinsic": 0, "id_pose": 9}}}}, {"key": 8, "value": {"polymorphic_id": 1073741824, "ptr_wrapper": {"id": 2147483650, "data": {"local_path": "", "filename": "087510_13303.879656.jpg", "width": 1920, "height": 1080, "id_view": 8, "id_intrinsic": 0, "id_pose": 8}}}}, {"key": 7, "value": {"polymorphic_id": 1073741824, "ptr_wrapper": {"id": 2147483651, "data": {"local_path": "", "filename": "087509_13303.781047.jpg", "width": 1920, "height": 1080, "id_view": 7, "id_intrinsic": 0, "id_pose": 7}}}}, {"key": 6, "value": {"polymorphic_id": 1073741824, "ptr_wrapper": {"id": 2147483652, "data": {"local_path": "", "filename": "087508_13303.679461.jpg", "width": 1920, "height": 1080, "id_view": 6, "id_intrinsic": 0, "id_pose": 6}}}}, {"key": 5, "value": {"polymorphic_id": 1073741824, "ptr_wrapper": {"id": 2147483653, "data": {"local_path": "", "filename": "087507_13303.580852.jpg", "width": 1920, "height": 1080, "id_view": 5, "id_intrinsic": 0, "id_pose": 5}}}}, {"key": 4, "value": {"polymorphic_id": 1073741824, "ptr_wrapper": {"id": 2147483654, "data": {"local_path": "", "filename": "087506_13303.479266.jpg", "width": 1920, "height": 1080, "id_view": 4, "id_intrinsic": 0, "id_pose": 4}}}}, {"key": 3, "value": {"polymorphic_id": 1073741824, "ptr_wrapper": {"id": 2147483655, "data": {"local_path": "", "filename": "087505_13303.379656.jpg", "width": 1920, "height": 1080, "id_view": 3, "id_intrinsic": 0, "id_pose": 3}}}}, {"key": 2, "value": {"polymorphic_id": 1073741824, "ptr_wrapper": {"id": 2147483656, "data": {"local_path": "", "filename": "087504_13303.248047.jpg", "width": 1920, "height": 1080, "id_view": 2, "id_intrinsic": 0, "id_pose": 2}}}}, {"key": 1, "value": {"polymorphic_id": 1073741824, "ptr_wrapper": {"id": 2147483657, "data": {"local_path": "", "filename": "087503_13303.179461.jpg", "width": 1920, "height": 1080, "id_view": 1, "id_intrinsic": 0, "id_pose": 1}}}}, {"key": 0, "value": {"polymorphic_id": 1073741824, "ptr_wrapper": {"id": 2147483658, "data": {"local_path": "", "filename": "087502_13303.047852.jpg", "width": 1920, "height": 1080, "id_view": 0, "id_intrinsic": 0, "id_pose": 0}}}}], "intrinsics": [{"key": 0, "value": {"polymorphic_id": 2147483649, "polymorphic_name": "pinhole_radial_k3", "ptr_wrapper": {"id": 2147483659, "data": {"width": 1920, "height": 1080, "focal_length": 1739.13, "principal_point": [960.0, 540.0], "disto_k3": [0.0, 0.0, 0.0]}}}}], "extrinsics": [{"key": 0, "value": {"rotation": [[0.9999999757875184, 0.0002157350550482748, 4.339756871901528e-05], [-0.0002157321188102994, 0.9999999744414059, -6.765234982779687e-05], [-4.3412162593248703e-05, 6.764298594031463e-05, 0.9999999967699053]], "center": [102655.28827440744, -59731.17478743613, 609.3316321626684]}}, {"key": 1, "value": {"rotation": [[0.9999998471518292, 0.00036261224325929476, -0.00041738313309988334], [-0.00036278088959741244, 0.9999998525661289, -0.00040405166305650206], [0.0004172365574835426, 0.00040420301992225287, 0.9999998312667726]], "center": [102653.96493717995, -59737.67497203187, 609.2733454334481]}}, {"key": 2, "value": {"rotation": [[0.9999999692290115, 0.00019861105600215198, -0.0001486459714067755], [-0.0001984789400907396, 0.9999995857792632, 0.0008882834073144222], [0.0001488223327401308, -0.0008882538768862146, 0.9999995944283995]], "center": [102653.3139373863, -59744.88260405844, 609.3476461251174]}}, {"key": 3, "value": {"rotation": [[0.999999575979137, -0.0009009848571344675, -0.00019044115565912455], [0.0009009425347207257, 0.9999995694641768, -0.0002222026315605274], [0.00019064127487369013, 0.00022203096080445535, 0.9999999571790775]], "center": [102652.78943235251, -59750.8000741886, 609.7889885974963]}}, {"key": 4, "value": {"rotation": [[0.9999987847758866, -0.0015238732038047465, 0.0003290246333369606], [0.0015238575839222322, 0.9999988377898159, 4.7718767762510976e-05], [-0.000329096968292649, -4.7217323090720206e-05, 0.9999999447328535]], "center": [102651.96239645527, -59757.515167340614, 609.8389598695878]}}, {"key": 5, "value": {"rotation": [[0.9999982186100022, -0.0017729401647052713, 0.0006476573131441193], [0.0017717903219711833, 0.9999968609710231, 0.0017716679018561828], [-0.0006507963413107527, -0.0017705172328653432, 0.9999982208648426]], "center": [102651.34954332723, -59764.98786426502, 609.9222623228155]}}, {"key": 6, "value": {"rotation": [[0.999996883835578, -0.0021277954267249375, 0.0013056821037003312], [0.0021242602489139756, 0.9999940907099655, 0.002702973093415419], [-0.001311425761832807, -0.002700191061916242, 0.9999954945552006]], "center": [102650.21302577789, -59771.93643849567, 609.847435473173]}}, {"key": 7, "value": {"rotation": [[0.9999962352971609, -0.002235529061211709, 0.0015911635120562269], [0.002228300576388435, 0.9999872556323692, 0.004530259306439678], [-0.001601270760017845, -0.004526696660788577, 0.9999884724082045]], "center": [102649.7452377242, -59779.477479147936, 609.8756911334976]}}, {"key": 8, "value": {"rotation": [[0.9999937929493126, -0.0022389404072345816, 0.0027205162561930512], [0.002222202013012003, 0.9999786797915984, 0.0061401775596696346], [-0.0027342057458654753, -0.0061340939105753445, 0.9999774482511271]], "center": [102648.02215654017, -59786.71898685988, 609.5613943650131]}}, {"key": 9, "value": {"rotation": [[0.9999908928937306, -0.002668611459044204, 0.0033305618866001007], [0.0026417536880977803, 0.9999641686235703, 0.008042549746339273], [-0.0033519049883964564, -0.008033677977836625, 0.9999621116577856]], "center": [102647.3275735264, -59794.42263115968, 609.3694442630226]}}], "structure": [], "control_points": []}