{"sfm_data_version": "0.3", "root_path": "/mnt/ST8000/jialei/SFM_E/ex_sea_12/6-5/images", "views": [{"key": 9, "value": {"polymorphic_id": 1073741824, "ptr_wrapper": {"id": 2147483649, "data": {"local_path": "", "filename": "128880_17395.546875.jpg", "width": 1920, "height": 1080, "id_view": 9, "id_intrinsic": 0, "id_pose": 9}}}}, {"key": 8, "value": {"polymorphic_id": 1073741824, "ptr_wrapper": {"id": 2147483650, "data": {"local_path": "", "filename": "128879_17395.479266.jpg", "width": 1920, "height": 1080, "id_view": 8, "id_intrinsic": 0, "id_pose": 8}}}}, {"key": 7, "value": {"polymorphic_id": 1073741824, "ptr_wrapper": {"id": 2147483651, "data": {"local_path": "", "filename": "128878_17395.379656.jpg", "width": 1920, "height": 1080, "id_view": 7, "id_intrinsic": 0, "id_pose": 7}}}}, {"key": 6, "value": {"polymorphic_id": 1073741824, "ptr_wrapper": {"id": 2147483652, "data": {"local_path": "", "filename": "128877_17395.280047.jpg", "width": 1920, "height": 1080, "id_view": 6, "id_intrinsic": 0, "id_pose": 6}}}}, {"key": 5, "value": {"polymorphic_id": 1073741824, "ptr_wrapper": {"id": 2147483653, "data": {"local_path": "", "filename": "128876_17395.180437.jpg", "width": 1920, "height": 1080, "id_view": 5, "id_intrinsic": 0, "id_pose": 5}}}}, {"key": 4, "value": {"polymorphic_id": 1073741824, "ptr_wrapper": {"id": 2147483654, "data": {"local_path": "", "filename": "128875_17395.078875.jpg", "width": 1920, "height": 1080, "id_view": 4, "id_intrinsic": 0, "id_pose": 4}}}}, {"key": 3, "value": {"polymorphic_id": 1073741824, "ptr_wrapper": {"id": 2147483655, "data": {"local_path": "", "filename": "128874_17394.979266.jpg", "width": 1920, "height": 1080, "id_view": 3, "id_intrinsic": 0, "id_pose": 3}}}}, {"key": 2, "value": {"polymorphic_id": 1073741824, "ptr_wrapper": {"id": 2147483656, "data": {"local_path": "", "filename": "128873_17394.879656.jpg", "width": 1920, "height": 1080, "id_view": 2, "id_intrinsic": 0, "id_pose": 2}}}}, {"key": 1, "value": {"polymorphic_id": 1073741824, "ptr_wrapper": {"id": 2147483657, "data": {"local_path": "", "filename": "128872_17394.780047.jpg", "width": 1920, "height": 1080, "id_view": 1, "id_intrinsic": 0, "id_pose": 1}}}}, {"key": 0, "value": {"polymorphic_id": 1073741824, "ptr_wrapper": {"id": 2147483658, "data": {"local_path": "", "filename": "128871_17394.680437.jpg", "width": 1920, "height": 1080, "id_view": 0, "id_intrinsic": 0, "id_pose": 0}}}}], "intrinsics": [{"key": 0, "value": {"polymorphic_id": 2147483649, "polymorphic_name": "pinhole_radial_k3", "ptr_wrapper": {"id": 2147483659, "data": {"width": 1920, "height": 1080, "focal_length": 1739.13, "principal_point": [960.0, 540.0], "disto_k3": [0.0, 0.0, 0.0]}}}}], "extrinsics": [{"key": 0, "value": {"rotation": [[0.9999999221066747, -0.0003333842115590871, 0.00021128561731826383], [0.0003334182992669355, 0.9999999314040379, -0.00016132004645799208], [-0.00021123182126843052, 0.00016139048038341783, 0.9999999646671146]], "center": [8.216200175322578e-05, -0.00038445509096841674, 0.000288004907970095]}}, {"key": 1, "value": {"rotation": [[0.9999988616631529, 0.00036816615180734015, -0.00146325872046684], [-0.0003696532469672321, 0.9999994153981759, -0.0010161494886493682], [0.001462883753196221, 0.0010166892302661441, 0.9999984131558078]], "center": [-0.00018930155665906163, -0.011675826806713861, 0.0003494821383245296]}}, {"key": 2, "value": {"rotation": [[0.9999970128000362, 0.001984154879473135, -0.0014274173944971381], [-0.0019991124042778438, 0.9999422986795949, -0.01055475537198088], [0.0014063927612557603, 0.010557577410635451, 0.9999432782006286]], "center": [0.0027329847576504553, -0.013338642868139447, 0.008692751960351318]}}, {"key": 3, "value": {"rotation": [[0.9999981607211715, 0.0017169135286704764, -0.0008548463070026946], [-0.0017252211944640214, 0.9999503501120116, -0.009814322324812629], [0.0008379535212050852, 0.009815779072504234, 0.9999514729801122]], "center": [0.0030224889426863763, -0.020808345694131085, 0.008886069441122905]}}, {"key": 4, "value": {"rotation": [[0.9999991309214551, 0.001001328660744693, -0.0008576113613601806], [-0.0010089164351184464, 0.9999599447360213, -0.008893312721335813], [0.0008486718805938656, 0.008894170250545973, 0.9999600859492309]], "center": [0.005199771482446054, -0.032053606214616656, 0.010212799919442565]}}, {"key": 5, "value": {"rotation": [[0.9999996208288001, 0.00037435693210581967, 0.0007862564103096544], [-0.0003687101342654379, 0.9999742287804584, -0.0071697857544266485], [-0.0007889202065219671, 0.0071694931351438205, 0.999973987648225]], "center": [0.005025966544273682, -0.043922912610111095, 0.010339944756796402]}}, {"key": 6, "value": {"rotation": [[0.9999977027581667, 0.0001157751771206806, -0.0021403444808822236], [-0.0001371140972195756, 0.9999502650199861, -0.009972396210709526], [0.002139083474954619, 0.009972666773105083, 0.9999479837668156]], "center": [0.007975742058030597, -0.051675198380272055, 0.013790739795734702]}}, {"key": 7, "value": {"rotation": [[0.9999978024012772, -0.0003419659006472249, -0.0020683935645230663], [0.00032474151103803066, 0.9999653185378268, -0.008322034876969253], [0.0020711676817618176, 0.008321344895224533, 0.9999632320658438]], "center": [0.009754813532589664, -0.0635475288044178, 0.014948403722312438]}}, {"key": 8, "value": {"rotation": [[0.9999985797306438, -0.0007557696084736029, -0.0015064358575555285], [0.0007444229330587397, 0.9999714584696322, -0.007518515851762433], [0.001512075127352336, 0.007517383748045239, 0.999970600853042]], "center": [0.009593201963314668, -0.07435436790657224, 0.015285204827618984]}}, {"key": 9, "value": {"rotation": [[0.9999969745963201, -0.0013163082359652237, -0.0020780112688882453], [0.0013008755009081782, 0.9999716946016747, -0.0074106489854862895], [0.0020877071482450125, 0.0074079233313313194, 0.9999703816367663]], "center": [0.01123836607759786, -0.08466378734885624, 0.016680672763339722]}}], "structure": [], "control_points": []}