{"sfm_data_version": "0.3", "root_path": "/mnt/ST8000/jialei/SFM_E/ex_sea_12/6-5/images", "views": [{"key": 9, "value": {"polymorphic_id": 1073741824, "ptr_wrapper": {"id": 2147483649, "data": {"local_path": "", "filename": "128880_17395.546875.jpg", "width": 1920, "height": 1080, "id_view": 9, "id_intrinsic": 0, "id_pose": 9}}}}, {"key": 8, "value": {"polymorphic_id": 1073741824, "ptr_wrapper": {"id": 2147483650, "data": {"local_path": "", "filename": "128879_17395.479266.jpg", "width": 1920, "height": 1080, "id_view": 8, "id_intrinsic": 0, "id_pose": 8}}}}, {"key": 7, "value": {"polymorphic_id": 1073741824, "ptr_wrapper": {"id": 2147483651, "data": {"local_path": "", "filename": "128878_17395.379656.jpg", "width": 1920, "height": 1080, "id_view": 7, "id_intrinsic": 0, "id_pose": 7}}}}, {"key": 6, "value": {"polymorphic_id": 1073741824, "ptr_wrapper": {"id": 2147483652, "data": {"local_path": "", "filename": "128877_17395.280047.jpg", "width": 1920, "height": 1080, "id_view": 6, "id_intrinsic": 0, "id_pose": 6}}}}, {"key": 5, "value": {"polymorphic_id": 1073741824, "ptr_wrapper": {"id": 2147483653, "data": {"local_path": "", "filename": "128876_17395.180437.jpg", "width": 1920, "height": 1080, "id_view": 5, "id_intrinsic": 0, "id_pose": 5}}}}, {"key": 4, "value": {"polymorphic_id": 1073741824, "ptr_wrapper": {"id": 2147483654, "data": {"local_path": "", "filename": "128875_17395.078875.jpg", "width": 1920, "height": 1080, "id_view": 4, "id_intrinsic": 0, "id_pose": 4}}}}, {"key": 3, "value": {"polymorphic_id": 1073741824, "ptr_wrapper": {"id": 2147483655, "data": {"local_path": "", "filename": "128874_17394.979266.jpg", "width": 1920, "height": 1080, "id_view": 3, "id_intrinsic": 0, "id_pose": 3}}}}, {"key": 2, "value": {"polymorphic_id": 1073741824, "ptr_wrapper": {"id": 2147483656, "data": {"local_path": "", "filename": "128873_17394.879656.jpg", "width": 1920, "height": 1080, "id_view": 2, "id_intrinsic": 0, "id_pose": 2}}}}, {"key": 1, "value": {"polymorphic_id": 1073741824, "ptr_wrapper": {"id": 2147483657, "data": {"local_path": "", "filename": "128872_17394.780047.jpg", "width": 1920, "height": 1080, "id_view": 1, "id_intrinsic": 0, "id_pose": 1}}}}, {"key": 0, "value": {"polymorphic_id": 1073741824, "ptr_wrapper": {"id": 2147483658, "data": {"local_path": "", "filename": "128871_17394.680437.jpg", "width": 1920, "height": 1080, "id_view": 0, "id_intrinsic": 0, "id_pose": 0}}}}], "intrinsics": [{"key": 0, "value": {"polymorphic_id": 2147483649, "polymorphic_name": "pinhole_radial_k3", "ptr_wrapper": {"id": 2147483659, "data": {"width": 1920, "height": 1080, "focal_length": 1739.13, "principal_point": [960.0, 540.0], "disto_k3": [0.0, 0.0, 0.0]}}}}], "extrinsics": [{"key": 0, "value": {"rotation": [[0.9999999977709986, -4.570014960123139e-05, -4.867749642341696e-05], [4.5699255401870216e-05, 0.9999999987870453, -1.8370825498300866e-05], [4.867833591384702e-05, 1.8368600932010927e-05, 0.999999998646507]], "center": [102655.28827440461, -59731.17478745961, 609.331632154657]}}, {"key": 1, "value": {"rotation": [[0.9999983001987637, 0.0006560892671578449, -0.0017231211380135554], [-0.0006575943080781841, 0.9999994027048502, -0.0008730175647285604], [0.0017225473313473973, 0.0008741491954247241, 0.9999981343451974]], "center": [102655.12160723575, -59738.19164182626, 609.3688761601824]}}, {"key": 2, "value": {"rotation": [[0.9999959957700197, 0.00227207225556482, -0.0016870481886965012], [-0.0022895165350861734, 0.9999431808201669, -0.010411207676436931], [0.0016632973158935437, 0.010415028512290552, 0.9999443787647027]], "center": [102656.93924949314, -59739.22518481975, 614.5530169535599]}}, {"key": 3, "value": {"rotation": [[0.9999973694139074, 0.002004749393433926, -0.0011145156498649081], [-0.002015435181631092, 0.9999512052014541, -0.009670844698763621], [0.0010950736472544447, 0.009673065492825298, 0.999952615186179]], "center": [102657.12052275552, -59743.8670498053, 614.6724395733133]}}, {"key": 4, "value": {"rotation": [[0.9999985447527052, 0.0012891652368742278, -0.0011173833105850724], [-0.0012988938137765888, 0.9999608742475239, -0.008750019942108573], [0.0011060593705909173, 0.008751458570935483, 0.9999610935459188]], "center": [102658.47577669384, -59750.85492386218, 615.4955588529901]}}, {"key": 5, "value": {"rotation": [[0.9999996423596655, 0.0006619586723980886, 0.0005263945819519247], [-0.0006582436280651269, 0.9999750960903999, -0.007026657407418453], [-0.0005310328294776443, 0.007026308398522987, 0.9999751741890507]], "center": [102658.36991147435, -59758.23091271601, 615.5735435541669]}}, {"key": 6, "value": {"rotation": [[0.9999970378880709, 0.00040379476898954534, -0.0024002426683809247], [-0.0004273692716286722, 0.9999515996289283, -0.009829331363428286], [0.0023961574631578874, 0.0098303280378096, 0.999948810229844]], "center": [102660.20493462037, -59763.04819705568, 617.7168066008546]}}, {"key": 7, "value": {"rotation": [[0.999997287916915, -5.395654266847276e-05, -0.0023283572544867503], [3.491099364604566e-05, 0.999966550090968, -0.008179087992526379], [0.002328720686458654, 0.008178984524894932, 0.9999638399822794]], "center": [102661.31281293814, -59770.425807520885, 618.4348713844452]}}, {"key": 8, "value": {"rotation": [[0.9999983303726777, -0.0004678403435831622, -0.0017664589630688034], [0.00045479949785926866, 0.9999726958988265, -0.007375677206130922], [0.0017698613708528302, 0.007374861506849372, 0.9999712390906464]], "center": [102661.21436897748, -59777.14156346525, 618.6432353113217]}}, {"key": 9, "value": {"rotation": [[0.9999967379078142, -0.0010282976909156275, -0.0023381141091868684], [0.0010112799966531525, 0.9999730767094368, -0.007267954941439725], [0.002345524780745317, 0.007265566744672246, 0.9999708546019636]], "center": [102662.23879222029, -59783.54797877851, 619.5092392605868]}}], "structure": [], "control_points": []}