{"sfm_data_version": "0.3", "root_path": "/mnt/ST8000/jialei/SFM_E/ex_sea_12/6-3/images", "views": [{"key": 9, "value": {"polymorphic_id": 1073741824, "ptr_wrapper": {"id": 2147483649, "data": {"local_path": "", "filename": "087511_13303.979266.jpg", "width": 1920, "height": 1080, "id_view": 9, "id_intrinsic": 0, "id_pose": 9}}}}, {"key": 8, "value": {"polymorphic_id": 1073741824, "ptr_wrapper": {"id": 2147483650, "data": {"local_path": "", "filename": "087510_13303.879656.jpg", "width": 1920, "height": 1080, "id_view": 8, "id_intrinsic": 0, "id_pose": 8}}}}, {"key": 7, "value": {"polymorphic_id": 1073741824, "ptr_wrapper": {"id": 2147483651, "data": {"local_path": "", "filename": "087509_13303.781047.jpg", "width": 1920, "height": 1080, "id_view": 7, "id_intrinsic": 0, "id_pose": 7}}}}, {"key": 6, "value": {"polymorphic_id": 1073741824, "ptr_wrapper": {"id": 2147483652, "data": {"local_path": "", "filename": "087508_13303.679461.jpg", "width": 1920, "height": 1080, "id_view": 6, "id_intrinsic": 0, "id_pose": 6}}}}, {"key": 5, "value": {"polymorphic_id": 1073741824, "ptr_wrapper": {"id": 2147483653, "data": {"local_path": "", "filename": "087507_13303.580852.jpg", "width": 1920, "height": 1080, "id_view": 5, "id_intrinsic": 0, "id_pose": 5}}}}, {"key": 4, "value": {"polymorphic_id": 1073741824, "ptr_wrapper": {"id": 2147483654, "data": {"local_path": "", "filename": "087506_13303.479266.jpg", "width": 1920, "height": 1080, "id_view": 4, "id_intrinsic": 0, "id_pose": 4}}}}, {"key": 3, "value": {"polymorphic_id": 1073741824, "ptr_wrapper": {"id": 2147483655, "data": {"local_path": "", "filename": "087505_13303.379656.jpg", "width": 1920, "height": 1080, "id_view": 3, "id_intrinsic": 0, "id_pose": 3}}}}, {"key": 2, "value": {"polymorphic_id": 1073741824, "ptr_wrapper": {"id": 2147483656, "data": {"local_path": "", "filename": "087504_13303.248047.jpg", "width": 1920, "height": 1080, "id_view": 2, "id_intrinsic": 0, "id_pose": 2}}}}, {"key": 1, "value": {"polymorphic_id": 1073741824, "ptr_wrapper": {"id": 2147483657, "data": {"local_path": "", "filename": "087503_13303.179461.jpg", "width": 1920, "height": 1080, "id_view": 1, "id_intrinsic": 0, "id_pose": 1}}}}, {"key": 0, "value": {"polymorphic_id": 1073741824, "ptr_wrapper": {"id": 2147483658, "data": {"local_path": "", "filename": "087502_13303.047852.jpg", "width": 1920, "height": 1080, "id_view": 0, "id_intrinsic": 0, "id_pose": 0}}}}], "intrinsics": [{"key": 0, "value": {"polymorphic_id": 2147483649, "polymorphic_name": "pinhole_radial_k3", "ptr_wrapper": {"id": 2147483659, "data": {"width": 1920, "height": 1080, "focal_length": 1739.13, "principal_point": [960.0, 540.0], "disto_k3": [0.0, 0.0, 0.0]}}}}], "extrinsics": [{"key": 0, "value": {"rotation": [[0.9999999697128107, -0.00010332077083817513, 0.00022338127975990568], [0.00010331742735428578, 0.9999999945505679, 1.4979097840244287e-05], [-0.00022338282619453946, -1.4956018207431755e-05, 0.9999999749382149]], "center": [0.000208624076624704, -3.985161328587392e-05, 0.00013179719298438088]}}, {"key": 1, "value": {"rotation": [[0.9999999687000707, 5.241364419821114e-05, -0.00024464804823943906], [-5.249317690793451e-05, 0.9999999457787839, -0.00032509520982737636], [0.00024463099554965613, 0.0003251080420052031, 0.9999999172302151]], "center": [-0.001951026056989948, -0.010604737002526475, 5.868261949301755e-05]}}, {"key": 2, "value": {"rotation": [[0.9999999893072503, -0.00014326670926475033, 2.9328305451123573e-05], [0.00014323824596097325, 0.9999995210175846, 0.0009682186768592842], [-2.946700490711882e-05, -0.0009682144655713427, 0.9999995308461122]], "center": [-0.003010859498955476, -0.022313069413204628, 0.00020651989038592244]}}, {"key": 3, "value": {"rotation": [[0.9999992597191271, -0.001216719492879951, -1.2444831550795215e-05], [0.0012167176853089868, 0.9999992493965447, -0.00014423737849764682], [1.2620318639623687e-05, 0.00014422212987484339, 0.9999999895203525]], "center": [-0.0038274515334725118, -0.0318935443183892, 0.0009045311959615721]}}, {"key": 4, "value": {"rotation": [[0.999998160419463, -0.0018468058994536426, 0.0005181367193121892], [0.0018467394440699544, 0.9999982864924317, 0.00012870752293085228], [-0.0005183735292937003, -0.00012775042264603787, 0.9999998574843469]], "center": [-0.005169681192122285, -0.04278567080326167, 0.0010100146893586965]}}, {"key": 5, "value": {"rotation": [[0.9999973574254284, -0.0021382976654711495, 0.0008442897926767768], [0.00213672948732707, 0.9999959986259054, 0.0018539469453476374], [-0.0008482507047826917, -0.0018521380272587457, 0.9999979250255825]], "center": [-0.006168477911105315, -0.05492741760995465, 0.0011801915729589912]}}, {"key": 6, "value": {"rotation": [[0.9999956924975166, -0.002516584036180623, 0.0015105598964340705], [0.0025123684385823853, 0.9999929625458505, 0.002786191594651213], [-0.0015175609512270167, -0.0027823845101156318, 0.9999949776599868]], "center": [-0.00802229545714221, -0.06621897662943217, 0.0010975870182587443]}}, {"key": 7, "value": {"rotation": [[0.9999948141123615, -0.002669370246849482, 0.0018017244153714623], [0.002661029975793414, 0.9999858071044566, 0.004615680785800415], [-0.0018140198046437666, -0.004610862406721072, 0.9999877245646643]], "center": [-0.00878753885279922, -0.07846442119655782, 0.0011798851852825197]}}, {"key": 8, "value": {"rotation": [[0.9999919986153314, -0.0027110342269796115, 0.0029415979900934666], [0.0026926642801857964, 0.99997696196529, 0.006230978875248426], [-0.002958422618455438, -0.006223008282954978, 0.9999762606699827]], "center": [-0.011612221206862988, -0.09023862218924603, 0.000731451084924511]}}, {"key": 9, "value": {"rotation": [[0.9999885729622895, -0.003187890896111718, 0.0035624845934111703], [0.003158821477430315, 0.9999619135789982, 0.008135922707498681], [-0.003588285345054018, -0.008124576485156337, 0.9999605569547328]], "center": [-0.012754670031924296, -0.10275841431717625, 0.0004700812973205868]}}], "structure": [], "control_points": []}