{"sfm_data_version": "0.3", "root_path": "/mnt/ST8000/jialei/SFM_E/ex_sea_12/6-3/images", "views": [{"key": 9, "value": {"polymorphic_id": 1073741824, "ptr_wrapper": {"id": 2147483649, "data": {"local_path": "", "filename": "087511_13303.979266.jpg", "width": 1920, "height": 1080, "id_view": 9, "id_intrinsic": 0, "id_pose": 9}}}}, {"key": 8, "value": {"polymorphic_id": 1073741824, "ptr_wrapper": {"id": 2147483650, "data": {"local_path": "", "filename": "087510_13303.879656.jpg", "width": 1920, "height": 1080, "id_view": 8, "id_intrinsic": 0, "id_pose": 8}}}}, {"key": 7, "value": {"polymorphic_id": 1073741824, "ptr_wrapper": {"id": 2147483651, "data": {"local_path": "", "filename": "087509_13303.781047.jpg", "width": 1920, "height": 1080, "id_view": 7, "id_intrinsic": 0, "id_pose": 7}}}}, {"key": 6, "value": {"polymorphic_id": 1073741824, "ptr_wrapper": {"id": 2147483652, "data": {"local_path": "", "filename": "087508_13303.679461.jpg", "width": 1920, "height": 1080, "id_view": 6, "id_intrinsic": 0, "id_pose": 6}}}}, {"key": 5, "value": {"polymorphic_id": 1073741824, "ptr_wrapper": {"id": 2147483653, "data": {"local_path": "", "filename": "087507_13303.580852.jpg", "width": 1920, "height": 1080, "id_view": 5, "id_intrinsic": 0, "id_pose": 5}}}}, {"key": 4, "value": {"polymorphic_id": 1073741824, "ptr_wrapper": {"id": 2147483654, "data": {"local_path": "", "filename": "087506_13303.479266.jpg", "width": 1920, "height": 1080, "id_view": 4, "id_intrinsic": 0, "id_pose": 4}}}}, {"key": 3, "value": {"polymorphic_id": 1073741824, "ptr_wrapper": {"id": 2147483655, "data": {"local_path": "", "filename": "087505_13303.379656.jpg", "width": 1920, "height": 1080, "id_view": 3, "id_intrinsic": 0, "id_pose": 3}}}}, {"key": 2, "value": {"polymorphic_id": 1073741824, "ptr_wrapper": {"id": 2147483656, "data": {"local_path": "", "filename": "087504_13303.248047.jpg", "width": 1920, "height": 1080, "id_view": 2, "id_intrinsic": 0, "id_pose": 2}}}}, {"key": 1, "value": {"polymorphic_id": 1073741824, "ptr_wrapper": {"id": 2147483657, "data": {"local_path": "", "filename": "087503_13303.179461.jpg", "width": 1920, "height": 1080, "id_view": 1, "id_intrinsic": 0, "id_pose": 1}}}}, {"key": 0, "value": {"polymorphic_id": 1073741824, "ptr_wrapper": {"id": 2147483658, "data": {"local_path": "", "filename": "087502_13303.047852.jpg", "width": 1920, "height": 1080, "id_view": 0, "id_intrinsic": 0, "id_pose": 0}}}}], "intrinsics": [{"key": 0, "value": {"polymorphic_id": 2147483649, "polymorphic_name": "pinhole_radial_k3", "ptr_wrapper": {"id": 2147483659, "data": {"width": 1920, "height": 1080, "focal_length": 1739.13, "principal_point": [960.0, 540.0], "disto_k3": [0.0, 0.0, 0.0]}}}}], "extrinsics": [{"key": 0, "value": {"rotation": [[0.9999999876364949, 0.00015233307218391482, 3.900827420480607e-05], [-0.0001523312366599207, 0.9999999872905867, -4.705338330402511e-05], [-3.901544149546909e-05, 4.704744054363078e-05, 0.9999999981321669]], "center": [102655.28827440667, -59731.17478744112, 609.3316321599544]}}, {"key": 1, "value": {"rotation": [[0.9999998605224796, 0.00030803843540802946, -0.00042903070237785315], [-0.00030820451802208483, 0.9999998775821802, -0.00038709895324475207], [0.0004289114085009341, 0.0003872311284540065, 0.9999998330435146]], "center": [102653.96336168487, -59737.66460242525, 609.2873686118165]}}, {"key": 2, "value": {"rotation": [[0.9999999816668733, 0.00011237509711136003, -0.0001550422228604459], [-0.00011223455633960615, 0.9999995831215646, 0.000906178846467295], [0.0001551439901625027, -0.0009061614287591089, 0.9999995774008146]], "center": [102653.31421512768, -59744.85659777729, 609.3787435697853]}}, {"key": 3, "value": {"rotation": [[0.9999995188070726, -0.0009610804283369902, -0.00019674865606019218], [0.0009610398027721157, 0.999999516885149, -0.00020647509850718723], [0.0001969470001840504, 0.00020628591586322812, 0.9999999593289994]], "center": [102652.81420758294, -59750.74149905438, 609.8079539269032]}}, {"key": 4, "value": {"rotation": [[0.9999986784098497, -0.001591134165942574, 0.00033387216127230804], [0.0015911120974975864, 0.9999987319789365, 6.635369442718061e-05], [-0.0003339773155456631, -6.582237869998201e-05, 0.9999999420632822]], "center": [102651.99146639193, -59757.43218647553, 609.8733139998966]}}, {"key": 5, "value": {"rotation": [[0.9999980100668793, -0.0018826058859072342, 0.0006600434529261068], [0.0018814207825187475, 0.9999966253148733, 0.0017915397578853567], [-0.0006634139887803906, -0.001790294373371374, 0.9999981773623076]], "center": [102651.37988218685, -59764.890395865325, 609.9784206455279]}}, {"key": 6, "value": {"rotation": [[0.9999965646844236, -0.0022608513200501877, 0.0013263373098914976], [0.0022572323632302285, 0.9999937431188889, 0.0027237153177381594], [-0.0013324869265283032, -0.002720712109416071, 0.9999954110915754]], "center": [102650.24293994159, -59771.82652192987, 609.9283209265179]}}, {"key": 7, "value": {"rotation": [[0.9999957790394497, -0.002413619680148097, 0.0016175114600732118], [0.0024062330134860003, 0.9999867392207092, 0.004553177507878445], [-0.0016284796494511217, -0.004549266179620891, 0.9999883260474889]], "center": [102649.77482202351, -59779.34839426858, 609.9794256332879]}}, {"key": 8, "value": {"rotation": [[0.9999931843451595, -0.0024552136373917, 0.0027573881160740652], [0.002438167379677056, 0.9999780024151543, 0.006168470282566779], [-0.0027724723725548175, -0.0061617052666446985, 0.9999771731320425]], "center": [102648.04156115612, -59786.58114920726, 609.7047437214711]}}, {"key": 9, "value": {"rotation": [[0.9999899950702346, -0.002932032633184031, 0.003378304910782481], [0.002904679603123544, 0.999963191419693, 0.008073329062185258], [-0.003401851824443812, -0.008063435395727453, 0.9999617034735799]], "center": [102647.34174924722, -59794.27161166543, 609.5448038074893]}}], "structure": [], "control_points": []}