{"sfm_data_version": "0.3", "root_path": "/mnt/ST8000/jialei/SFM_E/ex_sea_12/1-2/images", "views": [{"key": 9, "value": {"polymorphic_id": 1073741824, "ptr_wrapper": {"id": 2147483649, "data": {"local_path": "", "filename": "038735_11734.566406.jpg", "width": 1920, "height": 1080, "id_view": 9, "id_intrinsic": 0, "id_pose": 9}}}}, {"key": 8, "value": {"polymorphic_id": 1073741824, "ptr_wrapper": {"id": 2147483650, "data": {"local_path": "", "filename": "038734_11734.465820.jpg", "width": 1920, "height": 1080, "id_view": 8, "id_intrinsic": 0, "id_pose": 8}}}}, {"key": 7, "value": {"polymorphic_id": 1073741824, "ptr_wrapper": {"id": 2147483651, "data": {"local_path": "", "filename": "038733_11734.399211.jpg", "width": 1920, "height": 1080, "id_view": 7, "id_intrinsic": 0, "id_pose": 7}}}}, {"key": 6, "value": {"polymorphic_id": 1073741824, "ptr_wrapper": {"id": 2147483652, "data": {"local_path": "", "filename": "038732_11734.299602.jpg", "width": 1920, "height": 1080, "id_view": 6, "id_intrinsic": 0, "id_pose": 6}}}}, {"key": 5, "value": {"polymorphic_id": 1073741824, "ptr_wrapper": {"id": 2147483653, "data": {"local_path": "", "filename": "038731_11734.198016.jpg", "width": 1920, "height": 1080, "id_view": 5, "id_intrinsic": 0, "id_pose": 5}}}}, {"key": 4, "value": {"polymorphic_id": 1073741824, "ptr_wrapper": {"id": 2147483654, "data": {"local_path": "", "filename": "038730_11734.100406.jpg", "width": 1920, "height": 1080, "id_view": 4, "id_intrinsic": 0, "id_pose": 4}}}}, {"key": 3, "value": {"polymorphic_id": 1073741824, "ptr_wrapper": {"id": 2147483655, "data": {"local_path": "", "filename": "038729_11733.998820.jpg", "width": 1920, "height": 1080, "id_view": 3, "id_intrinsic": 0, "id_pose": 3}}}}, {"key": 2, "value": {"polymorphic_id": 1073741824, "ptr_wrapper": {"id": 2147483656, "data": {"local_path": "", "filename": "038728_11733.899211.jpg", "width": 1920, "height": 1080, "id_view": 2, "id_intrinsic": 0, "id_pose": 2}}}}, {"key": 1, "value": {"polymorphic_id": 1073741824, "ptr_wrapper": {"id": 2147483657, "data": {"local_path": "", "filename": "038727_11733.798602.jpg", "width": 1920, "height": 1080, "id_view": 1, "id_intrinsic": 0, "id_pose": 1}}}}, {"key": 0, "value": {"polymorphic_id": 1073741824, "ptr_wrapper": {"id": 2147483658, "data": {"local_path": "", "filename": "038726_11733.699016.jpg", "width": 1920, "height": 1080, "id_view": 0, "id_intrinsic": 0, "id_pose": 0}}}}], "intrinsics": [{"key": 0, "value": {"polymorphic_id": 2147483649, "polymorphic_name": "pinhole_radial_k3", "ptr_wrapper": {"id": 2147483659, "data": {"width": 1920, "height": 1080, "focal_length": 1739.13, "principal_point": [960.0, 540.0], "disto_k3": [0.0, 0.0, 0.0]}}}}], "extrinsics": [{"key": 0, "value": {"rotation": [[0.9999992686623524, -0.0012063752074791133, -8.563655166289578e-05], [0.0012063778290343872, 0.999999271858815, 3.0567522543969534e-05], [8.55996134060454e-05, -3.067081022606794e-05, 0.9999999958660037]], "center": [-0.0002914519285437662, -0.0008765033047980883, 0.0003606040577660429]}}, {"key": 1, "value": {"rotation": [[0.9999998767067373, 8.752285657682712e-05, 0.000488800838574097], [-8.795999716494617e-05, 0.9999995961893962, 0.0008943623894171776], [-0.0004887223640400048, -0.0008944052740686925, 0.9999994805946935]], "center": [-1.5003297675457783e-05, -0.010837172318818762, 0.0018732233700366832]}}, {"key": 2, "value": {"rotation": [[0.9999995050472172, -0.0008195982640425018, 0.0005640602862034051], [0.000818872670303515, 0.9999988385872718, 0.0012854071952636814], [-0.000565113148602444, -0.0012849446654950507, 0.9999990147816827]], "center": [0.0001190638699256823, -0.021877355090308657, 0.0027053374632259614]}}, {"key": 3, "value": {"rotation": [[0.9999939175843539, -0.00237937394352887, 0.002550171353784147], [0.002376667376918249, 0.9999966098501787, 0.0010638328484539744], [-0.0025526939644811048, -0.0010577654687182797, 0.9999961824355816]], "center": [-0.0017071800508451497, -0.03211603578084553, 0.002133630568129423]}}, {"key": 4, "value": {"rotation": [[0.9999906473512581, -0.0033280251502978697, 0.002762147463668567], [0.0033250809051181404, 0.9999938996267008, 0.001069834734245285], [-0.002765691050440206, -0.0010606403646682278, 0.9999956129878923]], "center": [-0.0009798552718361729, -0.04266332518389128, 0.0031027041789489676]}}, {"key": 5, "value": {"rotation": [[0.9999857931727248, -0.004626159268820668, 0.0026480376009415207], [0.004626033479739632, 0.999989298411998, 5.362578277118333e-05], [-0.002648257344146164, -4.137511032137365e-05, 0.9999964925044186]], "center": [-0.0003940688061626385, -0.052247063914274416, 0.004636433387028062]}}, {"key": 6, "value": {"rotation": [[0.9999788743865841, -0.005894092158375662, 0.002740521514154702], [0.005893684190698914, 0.9999826197808022, 0.00015691712496487698], [-0.002741398767285885, -0.00014076204167211075, 0.999996232452326]], "center": [0.0004308866151418348, -0.06318715579349808, 0.005843954302229405]}}, {"key": 7, "value": {"rotation": [[0.9999654024261129, -0.00767632116291053, 0.0032043789080789735], [0.007676124787502534, 0.999970535413198, 7.357777530972455e-05], [-0.0032048492990122655, -4.897801733232483e-05, 0.9999948632578691]], "center": [0.0003525305300056589, -0.07424952704481338, 0.00679928852987174]}}, {"key": 8, "value": {"rotation": [[0.9999589110864764, -0.008175099409531981, 0.0039171275691921355], [0.008173932873937575, 0.9999665436406395, 0.0003137208401020719], [-0.003919561215419256, -0.0002816896118443379, 0.9999922788156123]], "center": [-0.0008621383965306912, -0.0847556945864229, 0.006884952509666416]}}, {"key": 9, "value": {"rotation": [[0.9999443225026046, -0.009487830797243326, 0.004618761908893524], [0.009487517076536259, 0.9999549884621922, 8.982928065317981e-05], [-0.004619406296332763, -4.600369670048132e-05, 0.9999893294276342]], "center": [-0.0006692675543704737, -0.09547469585899963, 0.007513913291510622]}}], "structure": [], "control_points": []}