{"sfm_data_version": "0.3", "root_path": "/mnt/ST8000/jialei/SFM_E/ex_sea_12/1-2/images", "views": [{"key": 9, "value": {"polymorphic_id": 1073741824, "ptr_wrapper": {"id": 2147483649, "data": {"local_path": "", "filename": "038735_11734.566406.jpg", "width": 1920, "height": 1080, "id_view": 9, "id_intrinsic": 0, "id_pose": 9}}}}, {"key": 8, "value": {"polymorphic_id": 1073741824, "ptr_wrapper": {"id": 2147483650, "data": {"local_path": "", "filename": "038734_11734.465820.jpg", "width": 1920, "height": 1080, "id_view": 8, "id_intrinsic": 0, "id_pose": 8}}}}, {"key": 7, "value": {"polymorphic_id": 1073741824, "ptr_wrapper": {"id": 2147483651, "data": {"local_path": "", "filename": "038733_11734.399211.jpg", "width": 1920, "height": 1080, "id_view": 7, "id_intrinsic": 0, "id_pose": 7}}}}, {"key": 6, "value": {"polymorphic_id": 1073741824, "ptr_wrapper": {"id": 2147483652, "data": {"local_path": "", "filename": "038732_11734.299602.jpg", "width": 1920, "height": 1080, "id_view": 6, "id_intrinsic": 0, "id_pose": 6}}}}, {"key": 5, "value": {"polymorphic_id": 1073741824, "ptr_wrapper": {"id": 2147483653, "data": {"local_path": "", "filename": "038731_11734.198016.jpg", "width": 1920, "height": 1080, "id_view": 5, "id_intrinsic": 0, "id_pose": 5}}}}, {"key": 4, "value": {"polymorphic_id": 1073741824, "ptr_wrapper": {"id": 2147483654, "data": {"local_path": "", "filename": "038730_11734.100406.jpg", "width": 1920, "height": 1080, "id_view": 4, "id_intrinsic": 0, "id_pose": 4}}}}, {"key": 3, "value": {"polymorphic_id": 1073741824, "ptr_wrapper": {"id": 2147483655, "data": {"local_path": "", "filename": "038729_11733.998820.jpg", "width": 1920, "height": 1080, "id_view": 3, "id_intrinsic": 0, "id_pose": 3}}}}, {"key": 2, "value": {"polymorphic_id": 1073741824, "ptr_wrapper": {"id": 2147483656, "data": {"local_path": "", "filename": "038728_11733.899211.jpg", "width": 1920, "height": 1080, "id_view": 2, "id_intrinsic": 0, "id_pose": 2}}}}, {"key": 1, "value": {"polymorphic_id": 1073741824, "ptr_wrapper": {"id": 2147483657, "data": {"local_path": "", "filename": "038727_11733.798602.jpg", "width": 1920, "height": 1080, "id_view": 1, "id_intrinsic": 0, "id_pose": 1}}}}, {"key": 0, "value": {"polymorphic_id": 1073741824, "ptr_wrapper": {"id": 2147483658, "data": {"local_path": "", "filename": "038726_11733.699016.jpg", "width": 1920, "height": 1080, "id_view": 0, "id_intrinsic": 0, "id_pose": 0}}}}], "intrinsics": [{"key": 0, "value": {"polymorphic_id": 2147483649, "polymorphic_name": "pinhole_radial_k3", "ptr_wrapper": {"id": 2147483659, "data": {"width": 1920, "height": 1080, "focal_length": 1739.13, "principal_point": [960.0, 540.0], "disto_k3": [0.0, 0.0, 0.0]}}}}], "extrinsics": [{"key": 0, "value": {"rotation": [[0.9999970746504804, -0.0024127460277367225, -0.00017130991624388816], [0.002412756513953981, 0.9999970874363256, 6.1031712666817235e-05], [0.00017116216327054624, -6.144486324404825e-05, 0.9999999834640211]], "center": [102655.28827337839, -59731.174787116615, 609.3316321501649]}}, {"key": 1, "value": {"rotation": [[0.9999992927959765, -0.0011188672578111055, 0.00040316697080580087], [0.0011184939661245178, 0.9999989467304459, 0.0009249374285112055], [-0.00040420142836659765, -0.0009244858345675469, 0.999999490973444]], "center": [102655.45405179837, -59737.41653151163, 610.2792574278797]}}, {"key": 2, "value": {"rotation": [[0.9999978332480998, -0.0020259895778255922, 0.0004783987215063217], [0.002025358529721908, 0.9999970831547648, 0.0013159045515605343], [-0.00048106333499817536, -0.0013149327713906512, 0.9999990197644568]], "center": [102655.52975928984, -59744.33459489821, 610.800454463857]}}, {"key": 3, "value": {"rotation": [[0.9999905341208644, -0.0035858182966340196, 0.002464462580889294], [0.003583130441685283, 0.9999929819302469, 0.0010941967333729702], [-0.00246836887578568, -0.001085355884942923, 0.99999636457224]], "center": [102654.37763669688, -59750.74891607414, 610.4421158747934]}}, {"key": 4, "value": {"rotation": [[0.9999861376034499, -0.004534471369001914, 0.002676409972031742], [0.004531540520480244, 0.9999891273820928, 0.0011001173174305463], [-0.0026813693229272304, -0.0010879738069303525, 0.9999958132770105]], "center": [102654.82546835025, -59757.35857609241, 611.0491114908843]}}, {"key": 5, "value": {"rotation": [[0.9999797076204869, -0.005832595186497217, 0.0025622608447276028], [0.00583239960576935, 0.9999829879017601, 8.379682041734691e-05], [-0.0025627060082258554, -6.88509908397886e-05, 0.9999967138933291]], "center": [102655.18536861795, -59763.36436449671, 612.009955179527]}}, {"key": 6, "value": {"rotation": [[0.9999712671498666, -0.0071005216427225395, 0.002654706592492257], [0.0071000501743943, 0.9999747768450087, 0.00018697940079922534], [-0.0026559672836985824, -0.0001681254783431343, 0.9999964587795357]], "center": [102655.69409296966, -59770.220238891896, 612.766352840172]}}, {"key": 7, "value": {"rotation": [[0.9999556848637042, -0.008882747324186062, 0.003118510659865908], [0.00888246775550274, 0.9999605447501443, 0.00010348704003316407], [-0.0031193068674766344, -7.578238360940554e-05, 0.999995132079]], "center": [102655.63668266429, -59777.15204770689, 613.3647725119299]}}, {"key": 8, "value": {"rotation": [[0.9999486528248066, -0.009381539237214251, 0.003831244627513214], [0.009380291218439583, 0.9999559450717764, 0.000343587351246251], [-0.0038342992205233303, -0.00030763151867114113, 0.9999926017288009]], "center": [102654.86761529892, -59783.73445514651, 613.418314844942]}}, {"key": 9, "value": {"rotation": [[0.9999325406611906, -0.010694273589459595, 0.004532840086683776], [0.010693841355422663, 0.9999428120932635, 0.0001195829486883187], [-0.004533859715817609, -7.110140892509688e-05, 0.9999897194774889]], "center": [102654.98040196067, -59790.451301879555, 613.8122158376774]}}], "structure": [], "control_points": []}