{"sfm_data_version": "0.3", "root_path": "/mnt/ST8000/jialei/SFM_E/ex_sea_12/1-2/images", "views": [{"key": 9, "value": {"polymorphic_id": 1073741824, "ptr_wrapper": {"id": 2147483649, "data": {"local_path": "", "filename": "038735_11734.566406.jpg", "width": 1920, "height": 1080, "id_view": 9, "id_intrinsic": 0, "id_pose": 9}}}}, {"key": 8, "value": {"polymorphic_id": 1073741824, "ptr_wrapper": {"id": 2147483650, "data": {"local_path": "", "filename": "038734_11734.465820.jpg", "width": 1920, "height": 1080, "id_view": 8, "id_intrinsic": 0, "id_pose": 8}}}}, {"key": 7, "value": {"polymorphic_id": 1073741824, "ptr_wrapper": {"id": 2147483651, "data": {"local_path": "", "filename": "038733_11734.399211.jpg", "width": 1920, "height": 1080, "id_view": 7, "id_intrinsic": 0, "id_pose": 7}}}}, {"key": 6, "value": {"polymorphic_id": 1073741824, "ptr_wrapper": {"id": 2147483652, "data": {"local_path": "", "filename": "038732_11734.299602.jpg", "width": 1920, "height": 1080, "id_view": 6, "id_intrinsic": 0, "id_pose": 6}}}}, {"key": 5, "value": {"polymorphic_id": 1073741824, "ptr_wrapper": {"id": 2147483653, "data": {"local_path": "", "filename": "038731_11734.198016.jpg", "width": 1920, "height": 1080, "id_view": 5, "id_intrinsic": 0, "id_pose": 5}}}}, {"key": 4, "value": {"polymorphic_id": 1073741824, "ptr_wrapper": {"id": 2147483654, "data": {"local_path": "", "filename": "038730_11734.100406.jpg", "width": 1920, "height": 1080, "id_view": 4, "id_intrinsic": 0, "id_pose": 4}}}}, {"key": 3, "value": {"polymorphic_id": 1073741824, "ptr_wrapper": {"id": 2147483655, "data": {"local_path": "", "filename": "038729_11733.998820.jpg", "width": 1920, "height": 1080, "id_view": 3, "id_intrinsic": 0, "id_pose": 3}}}}, {"key": 2, "value": {"polymorphic_id": 1073741824, "ptr_wrapper": {"id": 2147483656, "data": {"local_path": "", "filename": "038728_11733.899211.jpg", "width": 1920, "height": 1080, "id_view": 2, "id_intrinsic": 0, "id_pose": 2}}}}, {"key": 1, "value": {"polymorphic_id": 1073741824, "ptr_wrapper": {"id": 2147483657, "data": {"local_path": "", "filename": "038727_11733.798602.jpg", "width": 1920, "height": 1080, "id_view": 1, "id_intrinsic": 0, "id_pose": 1}}}}, {"key": 0, "value": {"polymorphic_id": 1073741824, "ptr_wrapper": {"id": 2147483658, "data": {"local_path": "", "filename": "038726_11733.699016.jpg", "width": 1920, "height": 1080, "id_view": 0, "id_intrinsic": 0, "id_pose": 0}}}}], "intrinsics": [{"key": 0, "value": {"polymorphic_id": 2147483649, "polymorphic_name": "pinhole_radial_k3", "ptr_wrapper": {"id": 2147483659, "data": {"width": 1920, "height": 1080, "focal_length": 1739.13, "principal_point": [960.0, 540.0], "disto_k3": [0.0, 0.0, 0.0]}}}}], "extrinsics": [{"key": 0, "value": {"rotation": [[0.9999999384635704, -0.0003235746152631631, 0.00013554454481525975], [0.00032354691815115533, 0.9999999267870643, 0.00020431166831392635], [-0.00013561064496111418, -0.00020426780072156864, 0.9999999699422087]], "center": [102655.28827450135, -59731.17478753924, 609.3316320112077]}}, {"key": 1, "value": {"rotation": [[0.9999992053121295, 0.0010633768244337394, 0.0006772036907753762], [-0.0010641288227882851, 0.999998816591688, 0.0011110558366430007], [-0.0006760214183395535, -0.001111775585666656, 0.9999991534746862]], "center": [102655.30267672782, -59737.244340509096, 610.4273783997268]}}, {"key": 2, "value": {"rotation": [[0.9999997218716292, 0.00019812157977522227, 0.0007190302523057089], [-0.0001992158982701036, 0.9999988216333273, 0.0015221842802638703], [-0.0007187278274701037, -0.001522327099158826, 0.9999985829742525]], "center": [102655.32008857567, -59743.96937633319, 610.9453028415724]}}, {"key": 3, "value": {"rotation": [[0.9999957238786429, -0.0013287604388682109, 0.002605114224956088], [0.0013254593105328715, 0.9999983170446471, 0.001268489452018776], [-0.0026067953592661315, -0.001265031054899435, 0.9999958021483814]], "center": [102654.18741160726, -59750.10235802865, 610.3239631023968]}}, {"key": 4, "value": {"rotation": [[0.999993519738695, -0.0022844725755317157, 0.002782384888566087], [0.0022809864139466144, 0.9999966104427963, 0.0012554695926175875], [-0.0027852435433670837, -0.0012491148747172988, 0.999995341054364]], "center": [102654.55043296491, -59756.51853657235, 610.9342668980205]}}, {"key": 5, "value": {"rotation": [[0.9999895544109704, -0.003701485446377697, 0.0026814314161578406], [0.0037010047219060934, 0.9999931342901555, 0.00018421889063015553], [-0.002682094889770403, -0.00017429297602257986, 0.999996387987957]], "center": [102654.75148743347, -59762.33873328406, 611.999465818953]}}, {"key": 6, "value": {"rotation": [[0.9999838461346988, -0.004968726904745971, 0.002760293933741345], [0.004967979369688143, 0.9999876209808222, 0.0002776078128147162], [-0.002761639121418309, -0.0002638902450583468, 0.9999961518482465]], "center": [102655.14021918568, -59769.01236255928, 612.7598114208329]}}, {"key": 7, "value": {"rotation": [[0.9999720817988142, -0.00676622874018531, 0.0031707682950525497], [0.0067657236399, 0.9999770977798347, 0.00016999837532404719], [-0.0031718459253118744, -0.00014854108726467698, 0.9999949586517779]], "center": [102654.98150962728, -59775.77792664118, 613.3232778007851]}}, {"key": 8, "value": {"rotation": [[0.9999664569520325, -0.007237866012427626, 0.003833831814875157], [0.00723638245688388, 0.9999737367614713, 0.00040069469402643154], [-0.0038366313005429712, -0.00037293818021724386, 0.9999925705610901]], "center": [102654.23533806753, -59782.12277621834, 613.2963445061927]}}, {"key": 9, "value": {"rotation": [[0.9999530669722647, -0.008574422530338126, 0.004510336022053225], [0.008573681196531279, 0.9999632284513754, 0.00018367319532492082], [-0.004511745061597077, -0.00014499439184338515, 0.9999898115146596]], "center": [102654.26347954656, -59788.635199109645, 613.6008352541678]}}], "structure": [], "control_points": []}