{"sfm_data_version": "0.3", "root_path": "/mnt/ST8000/jialei/SFM_E/ex_sea_12/1-2/images", "views": [{"key": 9, "value": {"polymorphic_id": 1073741824, "ptr_wrapper": {"id": 2147483649, "data": {"local_path": "", "filename": "038735_11734.566406.jpg", "width": 1920, "height": 1080, "id_view": 9, "id_intrinsic": 0, "id_pose": 9}}}}, {"key": 8, "value": {"polymorphic_id": 1073741824, "ptr_wrapper": {"id": 2147483650, "data": {"local_path": "", "filename": "038734_11734.465820.jpg", "width": 1920, "height": 1080, "id_view": 8, "id_intrinsic": 0, "id_pose": 8}}}}, {"key": 7, "value": {"polymorphic_id": 1073741824, "ptr_wrapper": {"id": 2147483651, "data": {"local_path": "", "filename": "038733_11734.399211.jpg", "width": 1920, "height": 1080, "id_view": 7, "id_intrinsic": 0, "id_pose": 7}}}}, {"key": 6, "value": {"polymorphic_id": 1073741824, "ptr_wrapper": {"id": 2147483652, "data": {"local_path": "", "filename": "038732_11734.299602.jpg", "width": 1920, "height": 1080, "id_view": 6, "id_intrinsic": 0, "id_pose": 6}}}}, {"key": 5, "value": {"polymorphic_id": 1073741824, "ptr_wrapper": {"id": 2147483653, "data": {"local_path": "", "filename": "038731_11734.198016.jpg", "width": 1920, "height": 1080, "id_view": 5, "id_intrinsic": 0, "id_pose": 5}}}}, {"key": 4, "value": {"polymorphic_id": 1073741824, "ptr_wrapper": {"id": 2147483654, "data": {"local_path": "", "filename": "038730_11734.100406.jpg", "width": 1920, "height": 1080, "id_view": 4, "id_intrinsic": 0, "id_pose": 4}}}}, {"key": 3, "value": {"polymorphic_id": 1073741824, "ptr_wrapper": {"id": 2147483655, "data": {"local_path": "", "filename": "038729_11733.998820.jpg", "width": 1920, "height": 1080, "id_view": 3, "id_intrinsic": 0, "id_pose": 3}}}}, {"key": 2, "value": {"polymorphic_id": 1073741824, "ptr_wrapper": {"id": 2147483656, "data": {"local_path": "", "filename": "038728_11733.899211.jpg", "width": 1920, "height": 1080, "id_view": 2, "id_intrinsic": 0, "id_pose": 2}}}}, {"key": 1, "value": {"polymorphic_id": 1073741824, "ptr_wrapper": {"id": 2147483657, "data": {"local_path": "", "filename": "038727_11733.798602.jpg", "width": 1920, "height": 1080, "id_view": 1, "id_intrinsic": 0, "id_pose": 1}}}}, {"key": 0, "value": {"polymorphic_id": 1073741824, "ptr_wrapper": {"id": 2147483658, "data": {"local_path": "", "filename": "038726_11733.699016.jpg", "width": 1920, "height": 1080, "id_view": 0, "id_intrinsic": 0, "id_pose": 0}}}}], "intrinsics": [{"key": 0, "value": {"polymorphic_id": 2147483649, "polymorphic_name": "pinhole_radial_k3", "ptr_wrapper": {"id": 2147483659, "data": {"width": 1920, "height": 1080, "focal_length": 1739.13, "principal_point": [960.0, 540.0], "disto_k3": [0.0, 0.0, 0.0]}}}}], "extrinsics": [{"key": 0, "value": {"rotation": [[0.9999990639014495, -0.0013681664079342264, -1.780181624427335e-05], [0.0013681687576320863, 0.9999990552578434, 0.00013265621437073068], [1.7620303649833787e-05, -0.0001326804460802562, 0.999999991042712]], "center": [-0.00035826925210129463, -0.0011753426418088019, 0.0006846930418139021]}}, {"key": 1, "value": {"rotation": [[0.9999998626615396, 1.882373651315413e-05, 0.000523758120585198], [-1.9368234893115156e-05, 0.9999994594144074, 0.0010396132763951542], [-0.000523738268042713, -0.0010396232778865744, 0.9999993224406037]], "center": [-0.0003453080911023538, -0.010733799927970517, 0.0024109969410170545]}}, {"key": 2, "value": {"rotation": [[0.9999994818011756, -0.0008464285851325269, 0.0005656465596153131], [0.0008456072981229773, 0.9999985903398292, 0.0014506090624697007], [-0.0005668735992222172, -0.0014501299959068152, 0.9999987878879241]], "center": [-0.00032882520681670643, -0.02132460586210659, 0.0032273981360014113]}}, {"key": 3, "value": {"rotation": [[0.9999941782523388, -0.002373170838133011, 0.0024518404520786365], [0.0023702422020342767, 0.9999964749477069, 0.0011966804352572663], [-0.0024546717363243616, -0.0011908620127735361, 0.9999962782102407]], "center": [-0.002122846119940864, -0.030981259218373452, 0.002249853952459221]}}, {"key": 4, "value": {"rotation": [[0.9999910029867305, -0.0033288674832693244, 0.0026291798857618204], [0.0033257649923545784, 0.9999937692713259, 0.001183514149494468], [-0.0026331032658235554, -0.0011747594669792132, 0.9999958433450543]], "center": [-0.0015615541679506713, -0.04108622342547261, 0.003211619349001147]}}, {"key": 5, "value": {"rotation": [[0.999985541971954, -0.004745882647873266, 0.0025283284893486257], [0.004745614500434428, 0.999988733230892, 0.00011204592421291149], [-0.00252883176006282, -0.00010004583190879827, 0.9999967974952524]], "center": [-0.0012542433192384104, -0.05025229573277888, 0.004889742737024474]}}, {"key": 6, "value": {"rotation": [[0.9999785220511642, -0.006013111814350744, 0.0026072826231596648], [0.006012597012900058, 0.9999819031129129, 0.00020524092452793008], [-0.0026084695760885098, -0.00018955997666200665, 0.9999965799708945]], "center": [-0.0006528489503501181, -0.06076272830353041, 0.006087822477149229]}}, {"key": 7, "value": {"rotation": [[0.9999649430529857, -0.007810571048865036, 0.0030178874944997427], [0.007810312776637199, 0.9999694943027204, 9.735652289247027e-05], [-0.00301855584177655, -7.378246461321753e-05, 0.9999954414279986]], "center": [-0.00091378424526942, -0.07141706478187977, 0.0069759919510447065]}}, {"key": 8, "value": {"rotation": [[0.999958927284696, -0.008282154813893817, 0.0036809856394844813], [0.008281003219431612, 0.999965658117424, 0.00032798089423319976], [-0.0036835756160499256, -0.0002974851692360145, 0.9999931713633121]], "center": [-0.0020993270245815592, -0.081407944479445, 0.006934472096030896]}}, {"key": 9, "value": {"rotation": [[0.9999442449635048, -0.009618648278737329, 0.00435758759583095], [0.009618256936139918, 0.9999537373632988, 0.00011075505020640452], [-0.004358451316212134, -6.883647793605108e-05, 0.9999904995367019]], "center": [-0.0020656485347231106, -0.09166396135576779, 0.007414723255796007]}}], "structure": [], "control_points": []}