{"sfm_data_version": "0.3", "root_path": "/mnt/ST8000/jialei/SFM_E/ex_sea_12/1-5/images", "views": [{"key": 9, "value": {"polymorphic_id": 1073741824, "ptr_wrapper": {"id": 2147483649, "data": {"local_path": "", "filename": "075418_15357.965820.jpg", "width": 1920, "height": 1080, "id_view": 9, "id_intrinsic": 0, "id_pose": 9}}}}, {"key": 8, "value": {"polymorphic_id": 1073741824, "ptr_wrapper": {"id": 2147483650, "data": {"local_path": "", "filename": "075417_15357.866211.jpg", "width": 1920, "height": 1080, "id_view": 8, "id_intrinsic": 0, "id_pose": 8}}}}, {"key": 7, "value": {"polymorphic_id": 1073741824, "ptr_wrapper": {"id": 2147483651, "data": {"local_path": "", "filename": "075416_15357.766602.jpg", "width": 1920, "height": 1080, "id_view": 7, "id_intrinsic": 0, "id_pose": 7}}}}, {"key": 6, "value": {"polymorphic_id": 1073741824, "ptr_wrapper": {"id": 2147483652, "data": {"local_path": "", "filename": "075415_15357.666016.jpg", "width": 1920, "height": 1080, "id_view": 6, "id_intrinsic": 0, "id_pose": 6}}}}, {"key": 5, "value": {"polymorphic_id": 1073741824, "ptr_wrapper": {"id": 2147483653, "data": {"local_path": "", "filename": "075414_15357.566406.jpg", "width": 1920, "height": 1080, "id_view": 5, "id_intrinsic": 0, "id_pose": 5}}}}, {"key": 4, "value": {"polymorphic_id": 1073741824, "ptr_wrapper": {"id": 2147483654, "data": {"local_path": "", "filename": "075413_15357.497820.jpg", "width": 1920, "height": 1080, "id_view": 4, "id_intrinsic": 0, "id_pose": 4}}}}, {"key": 3, "value": {"polymorphic_id": 1073741824, "ptr_wrapper": {"id": 2147483655, "data": {"local_path": "", "filename": "075412_15357.398211.jpg", "width": 1920, "height": 1080, "id_view": 3, "id_intrinsic": 0, "id_pose": 3}}}}, {"key": 2, "value": {"polymorphic_id": 1073741824, "ptr_wrapper": {"id": 2147483656, "data": {"local_path": "", "filename": "075411_15357.299602.jpg", "width": 1920, "height": 1080, "id_view": 2, "id_intrinsic": 0, "id_pose": 2}}}}, {"key": 1, "value": {"polymorphic_id": 1073741824, "ptr_wrapper": {"id": 2147483657, "data": {"local_path": "", "filename": "075410_15357.198016.jpg", "width": 1920, "height": 1080, "id_view": 1, "id_intrinsic": 0, "id_pose": 1}}}}, {"key": 0, "value": {"polymorphic_id": 1073741824, "ptr_wrapper": {"id": 2147483658, "data": {"local_path": "", "filename": "075409_15357.099406.jpg", "width": 1920, "height": 1080, "id_view": 0, "id_intrinsic": 0, "id_pose": 0}}}}], "intrinsics": [{"key": 0, "value": {"polymorphic_id": 2147483649, "polymorphic_name": "pinhole_radial_k3", "ptr_wrapper": {"id": 2147483659, "data": {"width": 1920, "height": 1080, "focal_length": 1739.13, "principal_point": [960.0, 540.0], "disto_k3": [0.0, 0.0, 0.0]}}}}], "extrinsics": [{"key": 0, "value": {"rotation": [[0.9999999990009012, 1.5888658410828729e-06, 4.467295874457344e-05], [-1.586790936827403e-06, 0.9999999989201009, -4.644653462436492e-05], [-4.4673032493643556e-05, 4.644646369131422e-05, 0.9999999979235231]], "center": [102655.28827442146, -59731.174787453885, 609.3316321643005]}}, {"key": 1, "value": {"rotation": [[0.9999996247103753, 0.0004905254476495634, 0.0007141175631023254], [-0.0004906414578447434, 0.9999998664670344, 0.00016228639348194322], [-0.000714037862138291, -0.0001626367082598029, 0.9999997318495804]], "center": [102655.14538545349, -59737.67713848433, 609.717800771853]}}, {"key": 2, "value": {"rotation": [[0.9999993611123702, -0.0006473990544436656, 0.0009266333231915813], [0.0006475709599501814, 0.9999997731711555, -0.0001852282083226914], [-0.0009265131964375046, 0.0001858281508132279, 0.9999995535204979]], "center": [102655.74743944476, -59744.35791327621, 610.1612551812634]}}, {"key": 3, "value": {"rotation": [[0.9999993269255628, -0.0011282930881859625, -0.0002703759029014656], [0.0011281151056601933, 0.9999991475056691, -0.0006575288915365683], [0.00027111755771111825, 0.0006572234338303661, 0.9999997472762817]], "center": [102655.88801145749, -59750.529664200934, 610.6464816667074]}}, {"key": 4, "value": {"rotation": [[0.9999975977697512, -0.0016076648768598091, 0.0014899222702614893], [0.0016061803888996811, 0.9999982130720695, 0.0009970141554642268], [-0.0014915224725173062, -0.000994618676475211, 0.9999983930459098]], "center": [102655.52157766704, -59758.07884259961, 610.223266735468]}}, {"key": 5, "value": {"rotation": [[0.9999965318011763, -0.002364471703011086, 0.001160025510733188], [0.002363291068653015, 0.9999966891755799, 0.0010180831023292904], [-0.0011624288987792525, -0.0010153380934858139, 0.9999988089230959]], "center": [102655.82225734295, -59764.78921555547, 610.6011778136993]}}, {"key": 6, "value": {"rotation": [[0.9999937939443232, -0.002991796933651714, 0.0018604364937172782], [0.0029883902168558203, 0.9999938580411444, 0.0018312301601329834], [-0.0018659037357708695, -0.0018256590851998041, 0.9999965926802715]], "center": [102655.15301413914, -59771.857559340315, 610.5881622204232]}}, {"key": 7, "value": {"rotation": [[0.9999902755159605, -0.004243332564681012, 0.001201250290113081], [0.004242845006228354, 0.9999909158053246, 0.000408133655561903], [-0.0012029712245530681, -0.00040303296787816027, 0.9999991952120056]], "center": [102655.83039114959, -59777.85585935074, 611.4809400946025]}}, {"key": 8, "value": {"rotation": [[0.9999851870379911, -0.005363737215126656, 0.0009252176397511982], [0.005363990737439487, 0.999985576773572, -0.00027175024272712206], [-0.0009237466982376276, 0.0002767090761506685, 0.9999995350619537]], "center": [102655.94043991495, -59784.040462620804, 612.0307392794822]}}, {"key": 9, "value": {"rotation": [[0.9999798798385942, -0.00633508601620855, -0.0003265013904408955], [0.006334552873864377, 0.9999786422932054, -0.0016088496898724886], [0.0003366866182923506, 0.0016067490792357514, 0.9999986524988502]], "center": [102656.53045376435, -59790.014191506765, 612.9754597323299]}}], "structure": [], "control_points": []}