{"sfm_data_version": "0.3", "root_path": "/mnt/ST8000/jialei/SFM_E/ex_sea_12/1-5/images", "views": [{"key": 9, "value": {"polymorphic_id": 1073741824, "ptr_wrapper": {"id": 2147483649, "data": {"local_path": "", "filename": "075418_15357.965820.jpg", "width": 1920, "height": 1080, "id_view": 9, "id_intrinsic": 0, "id_pose": 9}}}}, {"key": 8, "value": {"polymorphic_id": 1073741824, "ptr_wrapper": {"id": 2147483650, "data": {"local_path": "", "filename": "075417_15357.866211.jpg", "width": 1920, "height": 1080, "id_view": 8, "id_intrinsic": 0, "id_pose": 8}}}}, {"key": 7, "value": {"polymorphic_id": 1073741824, "ptr_wrapper": {"id": 2147483651, "data": {"local_path": "", "filename": "075416_15357.766602.jpg", "width": 1920, "height": 1080, "id_view": 7, "id_intrinsic": 0, "id_pose": 7}}}}, {"key": 6, "value": {"polymorphic_id": 1073741824, "ptr_wrapper": {"id": 2147483652, "data": {"local_path": "", "filename": "075415_15357.666016.jpg", "width": 1920, "height": 1080, "id_view": 6, "id_intrinsic": 0, "id_pose": 6}}}}, {"key": 5, "value": {"polymorphic_id": 1073741824, "ptr_wrapper": {"id": 2147483653, "data": {"local_path": "", "filename": "075414_15357.566406.jpg", "width": 1920, "height": 1080, "id_view": 5, "id_intrinsic": 0, "id_pose": 5}}}}, {"key": 4, "value": {"polymorphic_id": 1073741824, "ptr_wrapper": {"id": 2147483654, "data": {"local_path": "", "filename": "075413_15357.497820.jpg", "width": 1920, "height": 1080, "id_view": 4, "id_intrinsic": 0, "id_pose": 4}}}}, {"key": 3, "value": {"polymorphic_id": 1073741824, "ptr_wrapper": {"id": 2147483655, "data": {"local_path": "", "filename": "075412_15357.398211.jpg", "width": 1920, "height": 1080, "id_view": 3, "id_intrinsic": 0, "id_pose": 3}}}}, {"key": 2, "value": {"polymorphic_id": 1073741824, "ptr_wrapper": {"id": 2147483656, "data": {"local_path": "", "filename": "075411_15357.299602.jpg", "width": 1920, "height": 1080, "id_view": 2, "id_intrinsic": 0, "id_pose": 2}}}}, {"key": 1, "value": {"polymorphic_id": 1073741824, "ptr_wrapper": {"id": 2147483657, "data": {"local_path": "", "filename": "075410_15357.198016.jpg", "width": 1920, "height": 1080, "id_view": 1, "id_intrinsic": 0, "id_pose": 1}}}}, {"key": 0, "value": {"polymorphic_id": 1073741824, "ptr_wrapper": {"id": 2147483658, "data": {"local_path": "", "filename": "075409_15357.099406.jpg", "width": 1920, "height": 1080, "id_view": 0, "id_intrinsic": 0, "id_pose": 0}}}}], "intrinsics": [{"key": 0, "value": {"polymorphic_id": 2147483649, "polymorphic_name": "pinhole_radial_k3", "ptr_wrapper": {"id": 2147483659, "data": {"width": 1920, "height": 1080, "focal_length": 1739.13, "principal_point": [960.0, 540.0], "disto_k3": [0.0, 0.0, 0.0]}}}}], "extrinsics": [{"key": 0, "value": {"rotation": [[0.9999998437213545, -0.00046509097538386675, 0.0003102380553682081], [0.0004651363681882715, 0.9999998811280872, -0.00014625994130642152], [-0.0003101699943108434, 0.00014640422145148884, 0.9999999411801875]], "center": [0.00025971191958505007, -0.000487707985219928, 0.0002107048744198757]}}, {"key": 1, "value": {"rotation": [[0.9999995198728542, 2.391262764329873e-05, 0.0009796337311656135], [-2.3973712519427983e-05, 0.9999999977692985, 6.234311569178338e-05], [-0.0009796322381926312, -6.236657121660778e-05, 0.9999995182154282]], "center": [2.1714392525136742e-05, -0.011085246193837026, 0.0008410890366678459]}}, {"key": 2, "value": {"rotation": [[0.9999986687663048, -0.0011139903836642588, 0.001192262992343795], [0.0011143307692555646, 0.9999993385580208, -0.00028486919314184647], [-0.0011919448621892411, 0.0002861973892517428, 0.9999992486789675]], "center": [0.0009976847557577303, -0.021974141619423654, 0.0015651906305440574]}}, {"key": 3, "value": {"rotation": [[0.999998727969319, -0.0015950039720920403, -4.698195185851675e-06], [0.0015949999583235292, 0.9999984414299212, -0.000757042179069334], [5.905673146027909e-06, 0.000757033722467311, 0.9999997134324916]], "center": [0.0012218882906865076, -0.03203305819162491, 0.0023570909548095726]}}, {"key": 4, "value": {"rotation": [[0.9999963076937655, -0.002074198980430959, 0.0017556472954625973], [0.002072625424505663, 0.999997449240791, 0.0008976278521449586], [-0.0017575046760048682, -0.0008939857386070041, 0.9999980559815165]], "center": [0.0006191052832711025, -0.04433670611555654, 0.001668393101378858]}}, {"key": 5, "value": {"rotation": [[0.9999949761091455, -0.002831038191782514, 0.0014258258052764652], [0.0028297296896970035, 0.9999955741183685, 0.0009188980125592444], [-0.0014284209301082022, -0.0009148586945024378, 0.9999985613225724]], "center": [0.0011038933981367726, -0.05527362288532542, 0.0022855447436338715]}}, {"key": 6, "value": {"rotation": [[0.999991759501034, -0.0034582920763488213, 0.002126298648198973], [0.0034546115207589956, 0.9999925325237016, 0.001732211324838935], [-0.002132273262813547, -0.0017248515147466946, 0.9999962391419199]], "center": [7.77156784578445e-06, -0.06679329625227946, 0.0022651917698501747]}}, {"key": 7, "value": {"rotation": [[0.9999878319941774, -0.004709891799880035, 0.0014672364562605786], [0.004709442614773382, 0.9999888626339797, 0.00030944831082085076], [-0.0014686775831728252, -0.0003025346795590286, 0.9999988757288297]], "center": [0.0011068301323505676, -0.07656985969395219, 0.0037215346844192473]}}, {"key": 8, "value": {"rotation": [[0.9999822939037762, -0.005830321533860596, 0.001191314296619433], [0.005830766214428715, 0.9999829324362183, -0.0003701372898478215], [-0.0011891359443752727, 0.0003770770113126978, 0.9999992218840134]], "center": [0.0012812483242564158, -0.08664968963654236, 0.004618666249998809]}}, {"key": 9, "value": {"rotation": [[0.999976865720884, -0.006801792840466502, -6.030913938103139e-05], [0.006801679999375311, 0.9999754113849305, -0.0017069782434486027], [7.191816885787814e-05, 0.0017065285502702303, 0.9999985412929774]], "center": [0.002237916232645511, -0.09638613147649447, 0.006159624797892152]}}], "structure": [], "control_points": []}