{"sfm_data_version": "0.3", "root_path": "/mnt/ST8000/jialei/SFM_E/ex_sea_12/6-1/images", "views": [{"key": 9, "value": {"polymorphic_id": 1073741824, "ptr_wrapper": {"id": 2147483649, "data": {"local_path": "", "filename": "104926_15025.847656.jpg", "width": 1920, "height": 1080, "id_view": 9, "id_intrinsic": 0, "id_pose": 9}}}}, {"key": 8, "value": {"polymorphic_id": 1073741824, "ptr_wrapper": {"id": 2147483650, "data": {"local_path": "", "filename": "104925_15025.748047.jpg", "width": 1920, "height": 1080, "id_view": 8, "id_intrinsic": 0, "id_pose": 8}}}}, {"key": 7, "value": {"polymorphic_id": 1073741824, "ptr_wrapper": {"id": 2147483651, "data": {"local_path": "", "filename": "104924_15025.647461.jpg", "width": 1920, "height": 1080, "id_view": 7, "id_intrinsic": 0, "id_pose": 7}}}}, {"key": 6, "value": {"polymorphic_id": 1073741824, "ptr_wrapper": {"id": 2147483652, "data": {"local_path": "", "filename": "104923_15025.547852.jpg", "width": 1920, "height": 1080, "id_view": 6, "id_intrinsic": 0, "id_pose": 6}}}}, {"key": 5, "value": {"polymorphic_id": 1073741824, "ptr_wrapper": {"id": 2147483653, "data": {"local_path": "", "filename": "104922_15025.447266.jpg", "width": 1920, "height": 1080, "id_view": 5, "id_intrinsic": 0, "id_pose": 5}}}}, {"key": 4, "value": {"polymorphic_id": 1073741824, "ptr_wrapper": {"id": 2147483654, "data": {"local_path": "", "filename": "104921_15025.347656.jpg", "width": 1920, "height": 1080, "id_view": 4, "id_intrinsic": 0, "id_pose": 4}}}}, {"key": 3, "value": {"polymorphic_id": 1073741824, "ptr_wrapper": {"id": 2147483655, "data": {"local_path": "", "filename": "104920_15025.280047.jpg", "width": 1920, "height": 1080, "id_view": 3, "id_intrinsic": 0, "id_pose": 3}}}}, {"key": 2, "value": {"polymorphic_id": 1073741824, "ptr_wrapper": {"id": 2147483656, "data": {"local_path": "", "filename": "104919_15025.248047.jpg", "width": 1920, "height": 1080, "id_view": 2, "id_intrinsic": 0, "id_pose": 2}}}}, {"key": 1, "value": {"polymorphic_id": 1073741824, "ptr_wrapper": {"id": 2147483657, "data": {"local_path": "", "filename": "104918_15025.147461.jpg", "width": 1920, "height": 1080, "id_view": 1, "id_intrinsic": 0, "id_pose": 1}}}}, {"key": 0, "value": {"polymorphic_id": 1073741824, "ptr_wrapper": {"id": 2147483658, "data": {"local_path": "", "filename": "104917_15025.047852.jpg", "width": 1920, "height": 1080, "id_view": 0, "id_intrinsic": 0, "id_pose": 0}}}}], "intrinsics": [{"key": 0, "value": {"polymorphic_id": 2147483649, "polymorphic_name": "pinhole_radial_k3", "ptr_wrapper": {"id": 2147483659, "data": {"width": 1920, "height": 1080, "focal_length": 1739.13, "principal_point": [960.0, 540.0], "disto_k3": [0.0, 0.0, 0.0]}}}}], "extrinsics": [{"key": 0, "value": {"rotation": [[0.9999990296238391, -0.0008005569407895648, 0.0011401140139489098], [0.000801281012370018, 0.9999994775065598, -0.0006347718854195263], [-0.0011396052472081378, 0.000635684821163314, 0.9999991486019819]], "center": [0.00047425974793841556, -0.0014830186976955986, 0.0014059454645584748]}}, {"key": 1, "value": {"rotation": [[0.999999915070271, 0.00012841042807806665, 0.0003916250921896725], [-0.00012849793452669668, 0.9999999667842244, 0.00022342746242426593], [-0.00039159638876544125, -0.0002234777664640974, 0.9999998983549729]], "center": [0.0010880733287284648, -0.011201540874842443, 0.001613484840880579]}}, {"key": 2, "value": {"rotation": [[0.9999988272853974, 1.6534976401206755e-05, 0.0015313897037323014], [-1.961276111784832e-05, 0.999997980146995, 0.002009805281554515], [-0.00153135337846726, -0.0020098329594069727, 0.9999968077590575]], "center": [0.0017979625338105506, -0.02300593283532532, 0.0012197495104278476]}}, {"key": 3, "value": {"rotation": [[0.9999972301968925, -0.000300664241658086, 0.002334352063759344], [0.00029551098730434095, 0.9999975195738252, 0.002207604913385966], [-0.0023350100214285015, -0.002206908972071957, 0.9999948386271745]], "center": [0.0020265009338794474, -0.03332549142054651, 0.001140522009045659]}}, {"key": 4, "value": {"rotation": [[0.9999918616544389, -0.001425709206336775, 0.003774119519677841], [0.0014197185994779243, 0.9999977289586082, 0.0015894894540280954], [-0.003776377098244134, -0.0015841183305349436, 0.9999916147374072]], "center": [0.0030012117833902795, -0.04306243922230624, 0.0009958201236917458]}}, {"key": 5, "value": {"rotation": [[0.9999886928206856, -0.0014877951381511876, 0.004516713008787425], [0.001478426599003474, 0.9999967505215682, 0.0020768247630267855], [-0.004519788221611085, -0.002070123651344585, 0.9999876429749021]], "center": [0.0030897905114159584, -0.053505732976309034, 0.0007224881998670375]}}, {"key": 6, "value": {"rotation": [[0.9999825537946853, -0.0020632645170976143, 0.005534893476138279], [0.0020503704689946536, 0.9999951736020862, 0.0023342565141137536], [-0.005539682951179269, -0.0023228672080628805, 0.9999819579376091]], "center": [0.0032225671800043877, -0.06355849259018836, 0.0006092497309326394]}}, {"key": 7, "value": {"rotation": [[0.9999783847693031, -0.002022796526073272, 0.006256060133161415], [0.002004270568774776, 0.9999935924508065, 0.002966134996470864], [-0.006262019934715055, -0.00295353204557725, 0.9999760315901544]], "center": [0.00333647381391832, -0.07417094197075297, 0.00025728732124491986]}}, {"key": 8, "value": {"rotation": [[0.9999707316626226, -0.0027632594201754583, 0.007134438695240121], [0.0027351628227056117, 0.9999884781659351, 0.0039449232832319365], [-0.007145257339845543, -0.003925293970406231, 0.9999667681302182]], "center": [0.00483688542472659, -0.08504806407478484, 0.0002963784872212391]}}, {"key": 9, "value": {"rotation": [[0.9999642531187374, -0.0031761153181057962, 0.007836119969202035], [0.0031438977640980787, 0.9999865693660912, 0.004120314828338686], [-0.007849101320185157, -0.004095531579883367, 0.999960808346779]], "center": [0.005651241215449258, -0.09555237982250905, 0.0002790518773615918]}}], "structure": [], "control_points": []}