{"sfm_data_version": "0.3", "root_path": "/mnt/ST8000/jialei/SFM_E/ex_sea_12/6-1/images", "views": [{"key": 9, "value": {"polymorphic_id": 1073741824, "ptr_wrapper": {"id": 2147483649, "data": {"local_path": "", "filename": "104926_15025.847656.jpg", "width": 1920, "height": 1080, "id_view": 9, "id_intrinsic": 0, "id_pose": 9}}}}, {"key": 8, "value": {"polymorphic_id": 1073741824, "ptr_wrapper": {"id": 2147483650, "data": {"local_path": "", "filename": "104925_15025.748047.jpg", "width": 1920, "height": 1080, "id_view": 8, "id_intrinsic": 0, "id_pose": 8}}}}, {"key": 7, "value": {"polymorphic_id": 1073741824, "ptr_wrapper": {"id": 2147483651, "data": {"local_path": "", "filename": "104924_15025.647461.jpg", "width": 1920, "height": 1080, "id_view": 7, "id_intrinsic": 0, "id_pose": 7}}}}, {"key": 6, "value": {"polymorphic_id": 1073741824, "ptr_wrapper": {"id": 2147483652, "data": {"local_path": "", "filename": "104923_15025.547852.jpg", "width": 1920, "height": 1080, "id_view": 6, "id_intrinsic": 0, "id_pose": 6}}}}, {"key": 5, "value": {"polymorphic_id": 1073741824, "ptr_wrapper": {"id": 2147483653, "data": {"local_path": "", "filename": "104922_15025.447266.jpg", "width": 1920, "height": 1080, "id_view": 5, "id_intrinsic": 0, "id_pose": 5}}}}, {"key": 4, "value": {"polymorphic_id": 1073741824, "ptr_wrapper": {"id": 2147483654, "data": {"local_path": "", "filename": "104921_15025.347656.jpg", "width": 1920, "height": 1080, "id_view": 4, "id_intrinsic": 0, "id_pose": 4}}}}, {"key": 3, "value": {"polymorphic_id": 1073741824, "ptr_wrapper": {"id": 2147483655, "data": {"local_path": "", "filename": "104920_15025.280047.jpg", "width": 1920, "height": 1080, "id_view": 3, "id_intrinsic": 0, "id_pose": 3}}}}, {"key": 2, "value": {"polymorphic_id": 1073741824, "ptr_wrapper": {"id": 2147483656, "data": {"local_path": "", "filename": "104919_15025.248047.jpg", "width": 1920, "height": 1080, "id_view": 2, "id_intrinsic": 0, "id_pose": 2}}}}, {"key": 1, "value": {"polymorphic_id": 1073741824, "ptr_wrapper": {"id": 2147483657, "data": {"local_path": "", "filename": "104918_15025.147461.jpg", "width": 1920, "height": 1080, "id_view": 1, "id_intrinsic": 0, "id_pose": 1}}}}, {"key": 0, "value": {"polymorphic_id": 1073741824, "ptr_wrapper": {"id": 2147483658, "data": {"local_path": "", "filename": "104917_15025.047852.jpg", "width": 1920, "height": 1080, "id_view": 0, "id_intrinsic": 0, "id_pose": 0}}}}], "intrinsics": [{"key": 0, "value": {"polymorphic_id": 2147483649, "polymorphic_name": "pinhole_radial_k3", "ptr_wrapper": {"id": 2147483659, "data": {"width": 1920, "height": 1080, "focal_length": 1739.13, "principal_point": [960.0, 540.0], "disto_k3": [0.0, 0.0, 0.0]}}}}], "extrinsics": [{"key": 0, "value": {"rotation": [[0.9999999824315453, 0.00011647796087494534, 0.0001468665844425325], [-0.00011648986635138746, 0.9999999899299157, 8.105725944034842e-05], [-0.00014685714157927976, -8.107436648509107e-05, 0.9999999859299634]], "center": [102655.2882747714, -59731.174787813565, 609.3316322304977]}}, {"key": 1, "value": {"rotation": [[0.9999992723867638, 0.0010459812167508647, -0.0006009569345678101], [-0.0010454159362852612, 0.9999990115837305, 0.0009401792819496407], [0.0006019397504415144, -0.0009395503479063213, 0.9999993774566465]], "center": [102655.6974323932, -59737.55787986662, 609.4629744978595]}}, {"key": 2, "value": {"rotation": [[0.999999419371778, 0.0009332890976473456, 0.000538727729879385], [-0.0009347545760389448, 0.9999958463537347, 0.002726446251096137], [-0.0005361809296334352, -0.002726948246255243, 0.9999961381241793]], "center": [102656.1705590652, -59745.310681947136, 609.1983403140124]}}, {"key": 3, "value": {"rotation": [[0.9999989108081925, 0.000615513937649429, 0.0013414637607766504], [-0.0006194342127159661, 0.9999955334497589, 0.0029239325895221665], [-0.0013396580477997102, -0.0029247603533472844, 0.9999948255332076]], "center": [102656.32683349177, -59752.08864696573, 609.1412953508624]}}, {"key": 4, "value": {"rotation": [[0.9999960042600166, -0.0005105656533349969, 0.0027804292321014553], [0.000504158186780194, 0.9999972170832601, 0.0023047017719905263], [-0.002781598195964305, -0.002303290786841388, 0.9999934787602505]], "center": [102656.97281854687, -59758.4834582611, 609.0410329230193]}}, {"key": 5, "value": {"rotation": [[0.9999936300117314, -0.0005731859357084187, 0.003522980817976214], [0.0005633511152465218, 0.999995943739693, 0.002791977736675757], [-0.0035245668502203622, -0.0027899752766375636, 0.9999898966821986]], "center": [102657.03711193394, -59765.342688712626, 608.8565284212933]}}, {"key": 6, "value": {"rotation": [[0.9999890301675202, -0.0011493892849562173, 0.004540754220845868], [0.0011355516236977105, 0.999994707533324, 0.0030488404110472133], [-0.004544234493555397, -0.003043650704950366, 0.9999850429497703]], "center": [102657.13030480332, -59771.945455344096, 608.7773322386072]}}, {"key": 7, "value": {"rotation": [[0.9999855403882717, -0.0011094412965123829, 0.005261953476206129], [0.0010900808801823645, 0.9999926318263811, 0.003680763048899685], [-0.005265998295748431, -0.0036749738716182847, 0.9999793817019391]], "center": [102657.21128477575, -59778.9157391406, 608.541085167252]}}, {"key": 8, "value": {"rotation": [[0.9999794389173755, -0.0018505393807647485, 0.006139808343182374], [0.0018219494173182384, 0.9999874878634676, 0.004658821399440521], [-0.006148352853529659, -0.004647539188795435, 0.9999702986272528]], "center": [102658.20336970309, -59786.05921445006, 608.5606630896764]}}, {"key": 9, "value": {"rotation": [[0.9999740360278121, -0.00226390314806243, 0.006841199659699329], [0.0022308599576390344, 0.9999858286927162, 0.004833805704719172], [-0.0068520459789087745, -0.0048184184415392285, 0.9999649155393528]], "center": [102658.7445750024, -59792.958208448974, 608.5438072273124]}}], "structure": [], "control_points": []}