{"sfm_data_version": "0.3", "root_path": "/mnt/ST8000/jialei/SFM_E/ex_sea_12/6-3/images", "views": [{"key": 9, "value": {"polymorphic_id": 1073741824, "ptr_wrapper": {"id": 2147483649, "data": {"local_path": "", "filename": "087511_13303.979266.jpg", "width": 1920, "height": 1080, "id_view": 9, "id_intrinsic": 0, "id_pose": 9}}}}, {"key": 8, "value": {"polymorphic_id": 1073741824, "ptr_wrapper": {"id": 2147483650, "data": {"local_path": "", "filename": "087510_13303.879656.jpg", "width": 1920, "height": 1080, "id_view": 8, "id_intrinsic": 0, "id_pose": 8}}}}, {"key": 7, "value": {"polymorphic_id": 1073741824, "ptr_wrapper": {"id": 2147483651, "data": {"local_path": "", "filename": "087509_13303.781047.jpg", "width": 1920, "height": 1080, "id_view": 7, "id_intrinsic": 0, "id_pose": 7}}}}, {"key": 6, "value": {"polymorphic_id": 1073741824, "ptr_wrapper": {"id": 2147483652, "data": {"local_path": "", "filename": "087508_13303.679461.jpg", "width": 1920, "height": 1080, "id_view": 6, "id_intrinsic": 0, "id_pose": 6}}}}, {"key": 5, "value": {"polymorphic_id": 1073741824, "ptr_wrapper": {"id": 2147483653, "data": {"local_path": "", "filename": "087507_13303.580852.jpg", "width": 1920, "height": 1080, "id_view": 5, "id_intrinsic": 0, "id_pose": 5}}}}, {"key": 4, "value": {"polymorphic_id": 1073741824, "ptr_wrapper": {"id": 2147483654, "data": {"local_path": "", "filename": "087506_13303.479266.jpg", "width": 1920, "height": 1080, "id_view": 4, "id_intrinsic": 0, "id_pose": 4}}}}, {"key": 3, "value": {"polymorphic_id": 1073741824, "ptr_wrapper": {"id": 2147483655, "data": {"local_path": "", "filename": "087505_13303.379656.jpg", "width": 1920, "height": 1080, "id_view": 3, "id_intrinsic": 0, "id_pose": 3}}}}, {"key": 2, "value": {"polymorphic_id": 1073741824, "ptr_wrapper": {"id": 2147483656, "data": {"local_path": "", "filename": "087504_13303.248047.jpg", "width": 1920, "height": 1080, "id_view": 2, "id_intrinsic": 0, "id_pose": 2}}}}, {"key": 1, "value": {"polymorphic_id": 1073741824, "ptr_wrapper": {"id": 2147483657, "data": {"local_path": "", "filename": "087503_13303.179461.jpg", "width": 1920, "height": 1080, "id_view": 1, "id_intrinsic": 0, "id_pose": 1}}}}, {"key": 0, "value": {"polymorphic_id": 1073741824, "ptr_wrapper": {"id": 2147483658, "data": {"local_path": "", "filename": "087502_13303.047852.jpg", "width": 1920, "height": 1080, "id_view": 0, "id_intrinsic": 0, "id_pose": 0}}}}], "intrinsics": [{"key": 0, "value": {"polymorphic_id": 2147483649, "polymorphic_name": "pinhole_radial_k3", "ptr_wrapper": {"id": 2147483659, "data": {"width": 1920, "height": 1080, "focal_length": 1739.13, "principal_point": [960.0, 540.0], "disto_k3": [0.0, 0.0, 0.0]}}}}], "extrinsics": [{"key": 0, "value": {"rotation": [[0.9999999999641535, 6.181130347046455e-06, 5.786781429620056e-06], [-6.181117599083268e-06, 0.9999999999784703, -2.2029606105387083e-06], [-5.786795046282188e-06, 2.202924841683221e-06, 0.9999999999808301]], "center": [102655.28827440385, -59731.17478745661, 609.3316321521588]}}, {"key": 1, "value": {"rotation": [[0.999999878455494, 0.00018278632471805157, -0.0004579062754493495], [-0.00018293650999576009, 0.9999999294875247, -0.0003279621607229397], [0.00045784629616323866, 0.00032804588863688083, 0.9999998413813195]], "center": [102653.91272703167, -59737.99546067646, 609.3168939098439]}}, {"key": 2, "value": {"rotation": [[0.9999999802416161, -7.60030488842486e-05, -0.00018368534094230794], [7.61681549156743e-05, 0.9999995929871746, 0.0008990127346650236], [0.00018361693847122174, -0.0008990267078754786, 0.9999995790178107]], "center": [102653.24881932253, -59745.4837877082, 609.4427859751576]}}, {"key": 3, "value": {"rotation": [[0.9999993837084007, -0.0010913849839705584, -0.00020362130569236326], [0.0010913576258136856, 0.9999993954346084, -0.0001344207950494024], [0.0002037678874272728, 0.0001341984885422996, 0.9999999702347065]], "center": [102652.74353760587, -59751.7142314178, 609.8387566242982]}}, {"key": 4, "value": {"rotation": [[0.9999984366051888, -0.0017368421448996634, 0.0003319134566396137], [0.001736797536979852, 0.9999984827024125, 0.0001346372458302041], [-0.00033214679667089474, -0.00013406056886501567, 0.9999999358531328]], "center": [102651.9150259036, -59758.71473633844, 609.938345791479]}}, {"key": 5, "value": {"rotation": [[0.9999975486844416, -0.002112876352747771, 0.0006621016737817082], [0.00211170084743278, 0.9999962019318432, 0.0017711130452344947], [-0.0006658413019456976, -0.0017697105430118907, 0.9999982123883797]], "center": [102651.29320285498, -59766.45717206447, 610.0874120845721]}}, {"key": 6, "value": {"rotation": [[0.9999959036264173, -0.0025377286580622895, 0.0013238820353790519], [0.002534198856739786, 0.9999932480375898, 0.0026611492603301184], [-0.0013306263713185988, -0.002657783378928043, 0.9999955828007296]], "center": [102650.13029308988, -59773.70773880786, 610.0872147367943]}}, {"key": 7, "value": {"rotation": [[0.9999948223896094, -0.0027801237850563314, 0.0016205263692879261], [0.002772974599157568, 0.9999864869964127, 0.004397321508104017], [-0.0016327295692245263, -0.00439280506202714, 0.9999890186686257]], "center": [102649.65272649242, -59781.49799072852, 610.1832499485215]}}, {"key": 8, "value": {"rotation": [[0.9999920370504487, -0.0028988033551328343, 0.0027427677266683324], [0.0028824610069438984, 0.9999781819759682, 0.005943651283584839], [-0.0027599373611788304, -0.0059356980335662154, 0.9999785748877907]], "center": [102647.86738616318, -59789.024880788704, 609.9873151466614]}}, {"key": 9, "value": {"rotation": [[0.9999883291481819, -0.0034692884739220627, 0.0033623808398246077], [0.003443103242787847, 0.9999639440241906, 0.007762453970562492], [-0.003389189797991897, -0.007750786351739288, 0.9999642187115713]], "center": [102647.15898300489, -59797.00679050962, 609.8938863239387]}}], "structure": [], "control_points": []}