{"sfm_data_version": "0.3", "root_path": "/mnt/ST8000/jialei/SFM_E/ex_sea_12/6-3/images", "views": [{"key": 9, "value": {"polymorphic_id": 1073741824, "ptr_wrapper": {"id": 2147483649, "data": {"local_path": "", "filename": "087511_13303.979266.jpg", "width": 1920, "height": 1080, "id_view": 9, "id_intrinsic": 0, "id_pose": 9}}}}, {"key": 8, "value": {"polymorphic_id": 1073741824, "ptr_wrapper": {"id": 2147483650, "data": {"local_path": "", "filename": "087510_13303.879656.jpg", "width": 1920, "height": 1080, "id_view": 8, "id_intrinsic": 0, "id_pose": 8}}}}, {"key": 7, "value": {"polymorphic_id": 1073741824, "ptr_wrapper": {"id": 2147483651, "data": {"local_path": "", "filename": "087509_13303.781047.jpg", "width": 1920, "height": 1080, "id_view": 7, "id_intrinsic": 0, "id_pose": 7}}}}, {"key": 6, "value": {"polymorphic_id": 1073741824, "ptr_wrapper": {"id": 2147483652, "data": {"local_path": "", "filename": "087508_13303.679461.jpg", "width": 1920, "height": 1080, "id_view": 6, "id_intrinsic": 0, "id_pose": 6}}}}, {"key": 5, "value": {"polymorphic_id": 1073741824, "ptr_wrapper": {"id": 2147483653, "data": {"local_path": "", "filename": "087507_13303.580852.jpg", "width": 1920, "height": 1080, "id_view": 5, "id_intrinsic": 0, "id_pose": 5}}}}, {"key": 4, "value": {"polymorphic_id": 1073741824, "ptr_wrapper": {"id": 2147483654, "data": {"local_path": "", "filename": "087506_13303.479266.jpg", "width": 1920, "height": 1080, "id_view": 4, "id_intrinsic": 0, "id_pose": 4}}}}, {"key": 3, "value": {"polymorphic_id": 1073741824, "ptr_wrapper": {"id": 2147483655, "data": {"local_path": "", "filename": "087505_13303.379656.jpg", "width": 1920, "height": 1080, "id_view": 3, "id_intrinsic": 0, "id_pose": 3}}}}, {"key": 2, "value": {"polymorphic_id": 1073741824, "ptr_wrapper": {"id": 2147483656, "data": {"local_path": "", "filename": "087504_13303.248047.jpg", "width": 1920, "height": 1080, "id_view": 2, "id_intrinsic": 0, "id_pose": 2}}}}, {"key": 1, "value": {"polymorphic_id": 1073741824, "ptr_wrapper": {"id": 2147483657, "data": {"local_path": "", "filename": "087503_13303.179461.jpg", "width": 1920, "height": 1080, "id_view": 1, "id_intrinsic": 0, "id_pose": 1}}}}, {"key": 0, "value": {"polymorphic_id": 1073741824, "ptr_wrapper": {"id": 2147483658, "data": {"local_path": "", "filename": "087502_13303.047852.jpg", "width": 1920, "height": 1080, "id_view": 0, "id_intrinsic": 0, "id_pose": 0}}}}], "intrinsics": [{"key": 0, "value": {"polymorphic_id": 2147483649, "polymorphic_name": "pinhole_radial_k3", "ptr_wrapper": {"id": 2147483659, "data": {"width": 1920, "height": 1080, "focal_length": 1739.13, "principal_point": [960.0, 540.0], "disto_k3": [0.0, 0.0, 0.0]}}}}], "extrinsics": [{"key": 0, "value": {"rotation": [[0.9999999630663216, -0.00017639326851933877, 0.00020676743045887978], [0.0001763855333973908, 0.9999999837436663, 3.742740812903593e-05], [-0.00020677402904045074, -3.73909359631976e-05, 0.9999999779232092]], "center": [0.0002300489399538525, -6.178394572838672e-05, 0.00010140594951814552]}}, {"key": 1, "value": {"rotation": [[0.9999999669963786, 2.303048423859931e-07, -0.00025691864196343073], [-3.043917811134722e-07, 0.9999999584220994, -0.0002883673123121964], [0.0002569185648689046, 0.0002883673809989538, 0.9999999254185495]], "center": [-0.0020125977412235375, -0.011171539240274182, 7.650825484705026e-05]}}, {"key": 2, "value": {"rotation": [[0.9999999664212849, -0.00025856994058263597, 1.7292051007172403e-05], [0.0002585535953611591, 0.9999995260339667, 0.0009386596189557401], [-1.7534751973203807e-05, -0.0009386551165147908, 0.9999995593094553]], "center": [-0.003096302241400028, -0.02336905367030918, 0.0002808725366373547]}}, {"key": 3, "value": {"rotation": [[0.9999991885205445, -0.0012739509596755483, -2.684274437920467e-06], [0.0012739507001320932, 0.9999991840527443, -9.456986371442935e-05], [2.8047496163839706e-06, 9.456636733967355e-05, 0.9999999955246678]], "center": [-0.0039213358979809775, -0.03351767195072015, 0.0009252997965376931]}}, {"key": 4, "value": {"rotation": [[0.999998015942835, -0.0019194291408791118, 0.0005328247058012318], [0.0019193363435315181, 0.9999981428265777, 0.0001746178561210089], [-0.000533158882854842, -0.00017359483984659408, 0.9999998428032064]], "center": [-0.005273009450292337, -0.04492052438958202, 0.0010867970049463983]}}, {"key": 5, "value": {"rotation": [[0.9999969930072319, -0.002295476253828972, 0.0008629978347192416], [0.002293910312369733, 0.9999957288122637, 0.0018111688790171927], [-0.0008671516438468848, -0.001809183793212832, 0.9999979874489895]], "center": [-0.006288245583094897, -0.05753196939115301, 0.00132890706007352]}}, {"key": 6, "value": {"rotation": [[0.9999951373759232, -0.002720354454523164, 0.0015247610142254662], [0.002716228880545652, 0.9999926625399284, 0.0027012898721912627], [-0.0015320982922891425, -0.0026971351369312973, 0.9999951890568655]], "center": [-0.008184660388549377, -0.06934204057561953, 0.0013277368263743235]}}, {"key": 7, "value": {"rotation": [[0.9999939522641523, -0.0029627611254892314, 0.0018213955180933939], [0.0029546544306672923, 0.9999857891609898, 0.004437509804831248], [-0.0018345169160786643, -0.004432101373606555, 0.999988495446372]], "center": [-0.008964914669887311, -0.08203141265209886, 0.0014835089203515826]}}, {"key": 8, "value": {"rotation": [[0.9999909197015774, -0.003081484620017448, 0.002943631588665908], [0.003063828525034856, 0.9999774029245007, 0.005983861223348293], [-0.002962004247528799, -0.005974788105674047, 0.9999777639717445]], "center": [-0.011875222020655347, -0.09429138796938823, 0.00116328118200344]}}, {"key": 9, "value": {"rotation": [[0.9999869831135675, -0.0036519935854141894, 0.003563221334361534], [0.0036241025839897404, 0.9999629905988389, 0.007802775985994221], [-0.0035915851495231066, -0.00778976093850009, 0.9999632093935431]], "center": [-0.013031479944789957, -0.10729286974472237, 0.001010348181775283]}}], "structure": [], "control_points": []}