{"sfm_data_version": "0.3", "root_path": "/mnt/ST8000/jialei/SFM_E/ex_sea_12/6-1/images", "views": [{"key": 9, "value": {"polymorphic_id": 1073741824, "ptr_wrapper": {"id": 2147483649, "data": {"local_path": "", "filename": "104926_15025.847656.jpg", "width": 1920, "height": 1080, "id_view": 9, "id_intrinsic": 0, "id_pose": 9}}}}, {"key": 8, "value": {"polymorphic_id": 1073741824, "ptr_wrapper": {"id": 2147483650, "data": {"local_path": "", "filename": "104925_15025.748047.jpg", "width": 1920, "height": 1080, "id_view": 8, "id_intrinsic": 0, "id_pose": 8}}}}, {"key": 7, "value": {"polymorphic_id": 1073741824, "ptr_wrapper": {"id": 2147483651, "data": {"local_path": "", "filename": "104924_15025.647461.jpg", "width": 1920, "height": 1080, "id_view": 7, "id_intrinsic": 0, "id_pose": 7}}}}, {"key": 6, "value": {"polymorphic_id": 1073741824, "ptr_wrapper": {"id": 2147483652, "data": {"local_path": "", "filename": "104923_15025.547852.jpg", "width": 1920, "height": 1080, "id_view": 6, "id_intrinsic": 0, "id_pose": 6}}}}, {"key": 5, "value": {"polymorphic_id": 1073741824, "ptr_wrapper": {"id": 2147483653, "data": {"local_path": "", "filename": "104922_15025.447266.jpg", "width": 1920, "height": 1080, "id_view": 5, "id_intrinsic": 0, "id_pose": 5}}}}, {"key": 4, "value": {"polymorphic_id": 1073741824, "ptr_wrapper": {"id": 2147483654, "data": {"local_path": "", "filename": "104921_15025.347656.jpg", "width": 1920, "height": 1080, "id_view": 4, "id_intrinsic": 0, "id_pose": 4}}}}, {"key": 3, "value": {"polymorphic_id": 1073741824, "ptr_wrapper": {"id": 2147483655, "data": {"local_path": "", "filename": "104920_15025.280047.jpg", "width": 1920, "height": 1080, "id_view": 3, "id_intrinsic": 0, "id_pose": 3}}}}, {"key": 2, "value": {"polymorphic_id": 1073741824, "ptr_wrapper": {"id": 2147483656, "data": {"local_path": "", "filename": "104919_15025.248047.jpg", "width": 1920, "height": 1080, "id_view": 2, "id_intrinsic": 0, "id_pose": 2}}}}, {"key": 1, "value": {"polymorphic_id": 1073741824, "ptr_wrapper": {"id": 2147483657, "data": {"local_path": "", "filename": "104918_15025.147461.jpg", "width": 1920, "height": 1080, "id_view": 1, "id_intrinsic": 0, "id_pose": 1}}}}, {"key": 0, "value": {"polymorphic_id": 1073741824, "ptr_wrapper": {"id": 2147483658, "data": {"local_path": "", "filename": "104917_15025.047852.jpg", "width": 1920, "height": 1080, "id_view": 0, "id_intrinsic": 0, "id_pose": 0}}}}], "intrinsics": [{"key": 0, "value": {"polymorphic_id": 2147483649, "polymorphic_name": "pinhole_radial_k3", "ptr_wrapper": {"id": 2147483659, "data": {"width": 1920, "height": 1080, "focal_length": 1739.13, "principal_point": [960.0, 540.0], "disto_k3": [0.0, 0.0, 0.0]}}}}], "extrinsics": [{"key": 0, "value": {"rotation": [[0.9999989741278111, -0.000770192841578744, 0.0012077029071734455], [0.0007709175271053551, 0.9999995230216355, -0.0005997021492209406], [-0.0012072404448228598, 0.0006006325733418984, 0.9999990909050969]], "center": [0.00022931107424064288, -0.0016933215032664014, 0.001642216594841965]}}, {"key": 1, "value": {"rotation": [[0.9999998275052959, 0.0002818112866100849, 0.0005153365668677397], [-0.0002819530292610342, 0.9999999224396398, 0.00027499673423157675], [-0.0005152590297145565, -0.00027514198750222513, 0.999999829402495]], "center": [0.000777663386214646, -0.011112315078577205, 0.001752064550563657]}}, {"key": 2, "value": {"rotation": [[0.9999986697464868, 0.0004044169091472711, 0.001580174743755631], [-0.00040767626666093627, 0.9999977891626953, 0.002062879003564482], [-0.0015793369870957523, -0.002063520459152656, 0.9999966237832987]], "center": [0.0015793966542625784, -0.022428356982875278, 0.0009932977636978456]}}, {"key": 3, "value": {"rotation": [[0.999997314515616, 9.976967638988659e-05, 0.0023153849719208847], [-0.00010492631978762923, 0.9999975144898123, 0.0022271067925283762], [-0.0023151570192839342, -0.0022273437564918545, 0.999994839480568]], "center": [0.0018411527778509052, -0.032326845447694166, 0.0007513026065779279]}}, {"key": 4, "value": {"rotation": [[0.9999927346713936, -0.0011447742911531156, 0.003635945028512057], [0.0011391311093812081, 0.9999981441258322, 0.0015537455413714148], [-0.0036377169686063323, -0.0015495924348055297, 0.9999921828587174]], "center": [0.0028369428631972093, -0.041711169057254284, 0.0003428656635176741]}}, {"key": 5, "value": {"rotation": [[0.9999931217036828, 0.0007211416659365324, 0.0036382001073187813], [-0.0006870560115558125, 0.9999559451944753, -0.009361390081643935], [-0.0036447907155595653, 0.009358826043974014, 0.9999495626658969]], "center": [0.004755005587970029, -0.042289158113047134, 0.011380975253299189]}}, {"key": 6, "value": {"rotation": [[0.9999895203766304, 0.0001732806223145167, 0.004574834504391656], [-0.00013149293877029792, 0.9999582849005658, -0.009132971494849684], [-0.004576226231699656, 0.009132274226314763, 0.999947828499533]], "center": [0.004925145351012054, -0.051938631691583706, 0.011046089311463517]}}, {"key": 7, "value": {"rotation": [[0.9999860975664249, 0.0002992947217044115, 0.005264512944426633], [-0.00025450300795488046, 0.9999637837248998, -0.008506848229534673], [-0.005266868338151078, 0.008505390129262456, 0.9999499579662261]], "center": [0.005076151053094221, -0.06212259524506101, 0.010512038718933312]}}, {"key": 8, "value": {"rotation": [[0.9999816278374087, -0.0003135225749471065, 0.006053568471620652], [0.00035905975688737326, 0.999971639258624, -0.007522749132534741], [-0.006051038236252157, 0.0075247845161882905, 0.9999533801904207]], "center": [0.0065664046762611075, -0.0726548707286717, 0.010282979289793364]}}, {"key": 9, "value": {"rotation": [[0.9999772462529265, -0.0007120424537247773, 0.006708201842309556], [0.000761440051044823, 0.9999725948366367, -0.007364087501635263], [-0.006702774460008134, 0.007369027834604039, 0.9999503838907763]], "center": [0.007371198979211103, -0.08281802708358926, 0.010097658269923319]}}], "structure": [], "control_points": []}