{"sfm_data_version": "0.3", "root_path": "/mnt/ST8000/jialei/SFM_E/ex_sea_12/6-1/images", "views": [{"key": 9, "value": {"polymorphic_id": 1073741824, "ptr_wrapper": {"id": 2147483649, "data": {"local_path": "", "filename": "104926_15025.847656.jpg", "width": 1920, "height": 1080, "id_view": 9, "id_intrinsic": 0, "id_pose": 9}}}}, {"key": 8, "value": {"polymorphic_id": 1073741824, "ptr_wrapper": {"id": 2147483650, "data": {"local_path": "", "filename": "104925_15025.748047.jpg", "width": 1920, "height": 1080, "id_view": 8, "id_intrinsic": 0, "id_pose": 8}}}}, {"key": 7, "value": {"polymorphic_id": 1073741824, "ptr_wrapper": {"id": 2147483651, "data": {"local_path": "", "filename": "104924_15025.647461.jpg", "width": 1920, "height": 1080, "id_view": 7, "id_intrinsic": 0, "id_pose": 7}}}}, {"key": 6, "value": {"polymorphic_id": 1073741824, "ptr_wrapper": {"id": 2147483652, "data": {"local_path": "", "filename": "104923_15025.547852.jpg", "width": 1920, "height": 1080, "id_view": 6, "id_intrinsic": 0, "id_pose": 6}}}}, {"key": 5, "value": {"polymorphic_id": 1073741824, "ptr_wrapper": {"id": 2147483653, "data": {"local_path": "", "filename": "104922_15025.447266.jpg", "width": 1920, "height": 1080, "id_view": 5, "id_intrinsic": 0, "id_pose": 5}}}}, {"key": 4, "value": {"polymorphic_id": 1073741824, "ptr_wrapper": {"id": 2147483654, "data": {"local_path": "", "filename": "104921_15025.347656.jpg", "width": 1920, "height": 1080, "id_view": 4, "id_intrinsic": 0, "id_pose": 4}}}}, {"key": 3, "value": {"polymorphic_id": 1073741824, "ptr_wrapper": {"id": 2147483655, "data": {"local_path": "", "filename": "104920_15025.280047.jpg", "width": 1920, "height": 1080, "id_view": 3, "id_intrinsic": 0, "id_pose": 3}}}}, {"key": 2, "value": {"polymorphic_id": 1073741824, "ptr_wrapper": {"id": 2147483656, "data": {"local_path": "", "filename": "104919_15025.248047.jpg", "width": 1920, "height": 1080, "id_view": 2, "id_intrinsic": 0, "id_pose": 2}}}}, {"key": 1, "value": {"polymorphic_id": 1073741824, "ptr_wrapper": {"id": 2147483657, "data": {"local_path": "", "filename": "104918_15025.147461.jpg", "width": 1920, "height": 1080, "id_view": 1, "id_intrinsic": 0, "id_pose": 1}}}}, {"key": 0, "value": {"polymorphic_id": 1073741824, "ptr_wrapper": {"id": 2147483658, "data": {"local_path": "", "filename": "104917_15025.047852.jpg", "width": 1920, "height": 1080, "id_view": 0, "id_intrinsic": 0, "id_pose": 0}}}}], "intrinsics": [{"key": 0, "value": {"polymorphic_id": 2147483649, "polymorphic_name": "pinhole_radial_k3", "ptr_wrapper": {"id": 2147483659, "data": {"width": 1920, "height": 1080, "focal_length": 1739.13, "principal_point": [960.0, 540.0], "disto_k3": [0.0, 0.0, 0.0]}}}}], "extrinsics": [{"key": 0, "value": {"rotation": [[0.9999999445466974, 0.00017702387606636916, 0.00028208004110882916], [-0.00017706657210638974, 0.9999999728712635, 0.0001513436518265249], [-0.00028205324201648947, -0.00015139359037995875, 0.9999999487629734]], "center": [102655.28827513954, -59731.174788258075, 609.3316322788451]}}, {"key": 1, "value": {"rotation": [[0.9999991602622105, 0.001229547929225789, -0.0004094957433041995], [-0.0012291268254091077, 0.9999987172416984, 0.001027016165684365], [0.0004107579836199216, -0.0010265119810571439, 0.9999993887753291]], "center": [102655.66929983991, -59737.61333464543, 609.4015373723922]}}, {"key": 2, "value": {"rotation": [[0.9999988721247076, 0.0013513527967926131, 0.0006554349179385535], [-0.0013531927885684495, 0.9999951222768545, 0.0028150118606738495], [-0.0006516276467575357, -0.0028158956154959018, 0.999995823047923]], "center": [102656.22421526161, -59745.34809749061, 608.8765203114818]}}, {"key": 3, "value": {"rotation": [[0.9999984861518674, 0.0010461524459470283, 0.0013904168561825812], [-0.0010502908122038206, 0.999995011332997, 0.0029789592694695194], [-0.001387293474329739, -0.0029804151018268076, 0.9999945962567185]], "center": [102656.40941007328, -59752.11443282571, 608.7058394667105]}}, {"key": 4, "value": {"rotation": [[0.9999963079447832, -0.00019938653812323542, 0.0027100446142113268], [0.00019314156074291654, 0.9999973261039278, 0.0023044481622111236], [-0.0027104968437750175, -0.0023039162318148525, 0.9999936725684102]], "center": [102657.09595375681, -59758.52872270513, 608.4211786924469]}}, {"key": 5, "value": {"rotation": [[0.9999949292420621, 0.001666526727926913, 0.0027137020522583926], [-0.0016431087303095582, 0.9999615917282653, -0.008609022126487533], [-0.0027279449891277007, 0.008604519564686658, 0.9999592594497024]], "center": [102658.41450540676, -59758.92826007901, 615.9653457059412]}}, {"key": 6, "value": {"rotation": [[0.9999927140723958, 0.0011179593687799655, 0.003649927255912462], [-0.0010873369017502558, 0.9999642866599522, -0.00838111586333619], [-0.003659166651819526, 0.008377086098538631, 0.9999582165910292]], "center": [102658.53685101123, -59765.52437997096, 615.7313504129482]}}, {"key": 7, "value": {"rotation": [[0.999989810349802, 0.00124345226377312, 0.004339703104449626], [-0.0012097724353634604, 0.9999691987069089, -0.0077548751193230545], [-0.004349212253004866, 0.0077495460466647965, 0.9999605136648391]], "center": [102658.6463366592, -59772.48578859367, 615.3609431322126]}}, {"key": 8, "value": {"rotation": [[0.9999866516983217, 0.0006300386900382477, 0.005128301514939288], [-0.0005953066156872787, 0.9999768970263568, -0.006771338388512047], [-0.005132449241092722, 0.0067681950908253736, 0.9999639240992646]], "center": [102659.67175369851, -59779.68459257638, 615.1980026188115]}}, {"key": 9, "value": {"rotation": [[0.9999832537176511, 0.00023102339616595032, 0.005782638882866893], [-0.0001927806979259706, 0.9999781149739423, -0.006613048371425207], [-0.005784040098558104, 0.006611822846290247, 0.9999614135949384]], "center": [102660.22837787167, -59786.63153260881, 615.0655849328099]}}], "structure": [], "control_points": []}