{"sfm_data_version": "0.3", "root_path": "/mnt/ST8000/jialei/SFM_E/ex_sea_12/1-5/images", "views": [{"key": 9, "value": {"polymorphic_id": 1073741824, "ptr_wrapper": {"id": 2147483649, "data": {"local_path": "", "filename": "075418_15357.965820.jpg", "width": 1920, "height": 1080, "id_view": 9, "id_intrinsic": 0, "id_pose": 9}}}}, {"key": 8, "value": {"polymorphic_id": 1073741824, "ptr_wrapper": {"id": 2147483650, "data": {"local_path": "", "filename": "075417_15357.866211.jpg", "width": 1920, "height": 1080, "id_view": 8, "id_intrinsic": 0, "id_pose": 8}}}}, {"key": 7, "value": {"polymorphic_id": 1073741824, "ptr_wrapper": {"id": 2147483651, "data": {"local_path": "", "filename": "075416_15357.766602.jpg", "width": 1920, "height": 1080, "id_view": 7, "id_intrinsic": 0, "id_pose": 7}}}}, {"key": 6, "value": {"polymorphic_id": 1073741824, "ptr_wrapper": {"id": 2147483652, "data": {"local_path": "", "filename": "075415_15357.666016.jpg", "width": 1920, "height": 1080, "id_view": 6, "id_intrinsic": 0, "id_pose": 6}}}}, {"key": 5, "value": {"polymorphic_id": 1073741824, "ptr_wrapper": {"id": 2147483653, "data": {"local_path": "", "filename": "075414_15357.566406.jpg", "width": 1920, "height": 1080, "id_view": 5, "id_intrinsic": 0, "id_pose": 5}}}}, {"key": 4, "value": {"polymorphic_id": 1073741824, "ptr_wrapper": {"id": 2147483654, "data": {"local_path": "", "filename": "075413_15357.497820.jpg", "width": 1920, "height": 1080, "id_view": 4, "id_intrinsic": 0, "id_pose": 4}}}}, {"key": 3, "value": {"polymorphic_id": 1073741824, "ptr_wrapper": {"id": 2147483655, "data": {"local_path": "", "filename": "075412_15357.398211.jpg", "width": 1920, "height": 1080, "id_view": 3, "id_intrinsic": 0, "id_pose": 3}}}}, {"key": 2, "value": {"polymorphic_id": 1073741824, "ptr_wrapper": {"id": 2147483656, "data": {"local_path": "", "filename": "075411_15357.299602.jpg", "width": 1920, "height": 1080, "id_view": 2, "id_intrinsic": 0, "id_pose": 2}}}}, {"key": 1, "value": {"polymorphic_id": 1073741824, "ptr_wrapper": {"id": 2147483657, "data": {"local_path": "", "filename": "075410_15357.198016.jpg", "width": 1920, "height": 1080, "id_view": 1, "id_intrinsic": 0, "id_pose": 1}}}}, {"key": 0, "value": {"polymorphic_id": 1073741824, "ptr_wrapper": {"id": 2147483658, "data": {"local_path": "", "filename": "075409_15357.099406.jpg", "width": 1920, "height": 1080, "id_view": 0, "id_intrinsic": 0, "id_pose": 0}}}}], "intrinsics": [{"key": 0, "value": {"polymorphic_id": 2147483649, "polymorphic_name": "pinhole_radial_k3", "ptr_wrapper": {"id": 2147483659, "data": {"width": 1920, "height": 1080, "focal_length": 1739.13, "principal_point": [960.0, 540.0], "disto_k3": [0.0, 0.0, 0.0]}}}}], "extrinsics": [{"key": 0, "value": {"rotation": [[0.9999999999362905, -3.3959868324964357e-06, 1.07650680754932e-05], [3.3961607892447236e-06, 0.9999999998636703, -1.615939570297822e-05], [-1.0765013196930729e-05, 1.615943226185083e-05, 0.9999999998114937]], "center": [102655.28827440487, -59731.17478745426, 609.3316321550941]}}, {"key": 1, "value": {"rotation": [[0.9999996651169117, 0.00047782831821732957, 0.0006644141503389872], [-0.0004779455255410645, 0.9999998702503341, 0.0001762594397840184], [-0.0006643298423797924, -0.00017657693452797636, 0.9999997637431954]], "center": [102655.12931302623, -59737.92383728574, 609.6910499214058]}}, {"key": 2, "value": {"rotation": [[0.9999994060190978, -0.0006471979855200028, 0.0008769813109693904], [0.000647329718014004, 0.9999997792417267, -0.00014993576850752354], [-0.0008768840792411798, 0.00015050337551333586, 0.9999996042114444]], "center": [102655.77717741863, -59744.84286577307, 610.1341024495706]}}, {"key": 3, "value": {"rotation": [[0.9999993382837361, -0.0011111050016621477, -0.0002981237422955559], [0.0011109296860620525, 0.999999210288787, -0.0005875857686367959], [0.0002987763763503463, 0.0005872541853063074, 0.9999997829325759]], "center": [102655.89772501364, -59751.25955657371, 610.5697299547066]}}, {"key": 4, "value": {"rotation": [[0.9999976342308068, -0.0016372718872390852, 0.0014320871331847962], [0.0016357952604981053, 0.9999981299183797, 0.0010316654544052508], [-0.0014337735719105243, -0.0010293204123777956, 0.9999984423952036]], "center": [102655.57458740514, -59759.02496453112, 610.2207333307672]}}, {"key": 5, "value": {"rotation": [[0.9999965251417569, -0.002397967976136181, 0.0010951958715538404], [0.002396829554717629, 0.9999965872134936, 0.0010396006215401606], [-0.001097685062882566, -0.0010369720112421317, 0.9999988598876255]], "center": [102655.89678322664, -59765.96537170573, 610.5916655354349]}}, {"key": 6, "value": {"rotation": [[0.9999937672381513, -0.0030471686798155266, 0.0017833249527187272], [0.0030439193122590523, 0.9999937074698431, 0.001821970345308701], [-0.0017888655820644144, -0.0018165306921377664, 0.9999967500828062]], "center": [102655.23362880347, -59773.25935428692, 610.6081473444162]}}, {"key": 7, "value": {"rotation": [[0.9999902935787054, -0.004267294386259438, 0.0010967894034091727], [0.004266822477571577, 0.9999908036532067, 0.00043224409711615147], [-0.001098623829762498, -0.00042756009589314684, 0.9999993051087813]], "center": [102655.96432339617, -59779.49295085285, 611.4644561884296]}}, {"key": 8, "value": {"rotation": [[0.9999852462616656, -0.005370705548132273, 0.0008141135737525326], [0.005370892184596431, 0.9999855508355177, -0.00022723848367570116], [-0.0008128813795064815, 0.00023160764728932844, 0.9999996427908168]], "center": [102656.09977804689, -59785.91504660982, 611.998654820346]}}, {"key": 9, "value": {"rotation": [[0.9999802333398227, -0.006278330043373991, -0.00033985511603904867], [0.006277883222033689, 0.9999794485969273, -0.0013002176881298758], [0.0003480113273139727, 0.0012980584164378865, 0.9999990969658243]], "center": [102656.6551921085, -59792.26410398038, 612.8147296270303]}}], "structure": [], "control_points": []}