{"sfm_data_version": "0.3", "root_path": "/mnt/ST8000/jialei/SFM_E/ex_sea_12/1-5/images", "views": [{"key": 9, "value": {"polymorphic_id": 1073741824, "ptr_wrapper": {"id": 2147483649, "data": {"local_path": "", "filename": "075418_15357.965820.jpg", "width": 1920, "height": 1080, "id_view": 9, "id_intrinsic": 0, "id_pose": 9}}}}, {"key": 8, "value": {"polymorphic_id": 1073741824, "ptr_wrapper": {"id": 2147483650, "data": {"local_path": "", "filename": "075417_15357.866211.jpg", "width": 1920, "height": 1080, "id_view": 8, "id_intrinsic": 0, "id_pose": 8}}}}, {"key": 7, "value": {"polymorphic_id": 1073741824, "ptr_wrapper": {"id": 2147483651, "data": {"local_path": "", "filename": "075416_15357.766602.jpg", "width": 1920, "height": 1080, "id_view": 7, "id_intrinsic": 0, "id_pose": 7}}}}, {"key": 6, "value": {"polymorphic_id": 1073741824, "ptr_wrapper": {"id": 2147483652, "data": {"local_path": "", "filename": "075415_15357.666016.jpg", "width": 1920, "height": 1080, "id_view": 6, "id_intrinsic": 0, "id_pose": 6}}}}, {"key": 5, "value": {"polymorphic_id": 1073741824, "ptr_wrapper": {"id": 2147483653, "data": {"local_path": "", "filename": "075414_15357.566406.jpg", "width": 1920, "height": 1080, "id_view": 5, "id_intrinsic": 0, "id_pose": 5}}}}, {"key": 4, "value": {"polymorphic_id": 1073741824, "ptr_wrapper": {"id": 2147483654, "data": {"local_path": "", "filename": "075413_15357.497820.jpg", "width": 1920, "height": 1080, "id_view": 4, "id_intrinsic": 0, "id_pose": 4}}}}, {"key": 3, "value": {"polymorphic_id": 1073741824, "ptr_wrapper": {"id": 2147483655, "data": {"local_path": "", "filename": "075412_15357.398211.jpg", "width": 1920, "height": 1080, "id_view": 3, "id_intrinsic": 0, "id_pose": 3}}}}, {"key": 2, "value": {"polymorphic_id": 1073741824, "ptr_wrapper": {"id": 2147483656, "data": {"local_path": "", "filename": "075411_15357.299602.jpg", "width": 1920, "height": 1080, "id_view": 2, "id_intrinsic": 0, "id_pose": 2}}}}, {"key": 1, "value": {"polymorphic_id": 1073741824, "ptr_wrapper": {"id": 2147483657, "data": {"local_path": "", "filename": "075410_15357.198016.jpg", "width": 1920, "height": 1080, "id_view": 1, "id_intrinsic": 0, "id_pose": 1}}}}, {"key": 0, "value": {"polymorphic_id": 1073741824, "ptr_wrapper": {"id": 2147483658, "data": {"local_path": "", "filename": "075409_15357.099406.jpg", "width": 1920, "height": 1080, "id_view": 0, "id_intrinsic": 0, "id_pose": 0}}}}], "intrinsics": [{"key": 0, "value": {"polymorphic_id": 2147483649, "polymorphic_name": "pinhole_radial_k3", "ptr_wrapper": {"id": 2147483659, "data": {"width": 1920, "height": 1080, "focal_length": 1739.13, "principal_point": [960.0, 540.0], "disto_k3": [0.0, 0.0, 0.0]}}}}], "extrinsics": [{"key": 0, "value": {"rotation": [[0.9999998476735862, -0.0004675841154736165, 0.0002932880824184582], [0.00046762258496204555, 0.9999998820694576, -0.00013111136084457115], [-0.00029322674224114545, 0.00013124848900408922, 0.9999999483959545]], "center": [0.00025690034930707665, -0.0004721677613175056, 0.00016918336967317334]}}, {"key": 1, "value": {"rotation": [[0.9999995516133445, 1.3715514555179063e-05, 0.0009468817215407266], [-1.3773442870446045e-05, 0.9999999980341705, 6.117149067469144e-05], [-0.0009468808806808478, -6.11845050675085e-05, 0.9999995498364257]], "center": [-7.638342939241343e-06, -0.011479559150701656, 0.0007565794443156742]}}, {"key": 2, "value": {"rotation": [[0.9999987102100827, -0.0011112860771636654, 0.0011595781241470005], [0.0011115937324047594, 0.9999993471449, -0.00026470577626657604], [-0.0011592832032668021, 0.0002659944146268346, 0.9999992926544627]], "center": [0.0010435740513371023, -0.02276477781555809, 0.0014807859698133165]}}, {"key": 3, "value": {"rotation": [[0.9999987590499753, -0.001575328244674613, -1.5473566124200164e-05], [0.0015753169905435376, 0.9999985126273098, -0.000702224713155368], [1.657977753399865e-05, 0.0007021994659579825, 0.9999997533204801]], "center": [0.0012351259971581298, -0.03323029489542877, 0.0021925452517751708]}}, {"key": 4, "value": {"rotation": [[0.9999963220077895, -0.0021012951593818857, 0.0017147972318618558], [0.0020997245973042454, 0.9999973749700141, 0.000917174845155938], [-0.0017167199855301555, -0.0009135708698668483, 0.9999981091285909]], "center": [0.0007023756732984571, -0.0458953568291882, 0.0016246449887008195]}}, {"key": 5, "value": {"rotation": [[0.9999949549485659, -0.0028620294172746145, 0.0013779931167999487], [0.002860755821562647, 0.9999954799144877, 0.0009253251986662948], [-0.0013806351960923462, -0.0009213784285220187, 0.9999986224531746]], "center": [0.0012224455279538208, -0.057215210727797866, 0.002231078495998343]}}, {"key": 6, "value": {"rotation": [[0.999991701296916, -0.0035111495738335235, 0.0020661960143053023], [0.003507623151349074, 0.9999923898372665, 0.0017078780345731854], [-0.002072176905450599, -0.001700616424425405, 0.9999964069868701]], "center": [0.00013532245480571176, -0.06911106030835565, 0.002259021979008581]}}, {"key": 7, "value": {"rotation": [[0.9999878551541274, -0.0047313525376098935, 0.001379799772562981], [0.004730917342996758, 0.9999887584269737, 0.00031849768263995324], [-0.001381291186261977, -0.0003119660958607359, 0.9999989973554044]], "center": [0.0013219579935209538, -0.0792783369470599, 0.003657151845958809]}}, {"key": 8, "value": {"rotation": [[0.9999823754574751, -0.005834793761870454, 0.0010972493704151816], [0.005835170732076264, 0.9999829172165319, -0.0003406723389770075], [-0.0010952428735033798, 0.00034706897219503397, 0.9999993399928707]], "center": [0.0015377735746648444, -0.08975266219784185, 0.004529686760639087]}}, {"key": 9, "value": {"rotation": [[0.9999772671578907, -0.006742548629776762, -5.661634787063504e-05], [0.006742461886420008, 0.9999762704802382, -0.001413394546561375], [6.614488585522988e-05, 0.0014129806825187586, 0.9999989995547223]], "center": [0.0024384608373697403, -0.1001081281873009, 0.005862136509936907]}}], "structure": [], "control_points": []}