{"sfm_data_version": "0.3", "root_path": "/mnt/ST8000/jialei/SFM_E/ex_sea_12/6-5/images", "views": [{"key": 9, "value": {"polymorphic_id": 1073741824, "ptr_wrapper": {"id": 2147483649, "data": {"local_path": "", "filename": "128880_17395.546875.jpg", "width": 1920, "height": 1080, "id_view": 9, "id_intrinsic": 0, "id_pose": 9}}}}, {"key": 8, "value": {"polymorphic_id": 1073741824, "ptr_wrapper": {"id": 2147483650, "data": {"local_path": "", "filename": "128879_17395.479266.jpg", "width": 1920, "height": 1080, "id_view": 8, "id_intrinsic": 0, "id_pose": 8}}}}, {"key": 7, "value": {"polymorphic_id": 1073741824, "ptr_wrapper": {"id": 2147483651, "data": {"local_path": "", "filename": "128878_17395.379656.jpg", "width": 1920, "height": 1080, "id_view": 7, "id_intrinsic": 0, "id_pose": 7}}}}, {"key": 6, "value": {"polymorphic_id": 1073741824, "ptr_wrapper": {"id": 2147483652, "data": {"local_path": "", "filename": "128877_17395.280047.jpg", "width": 1920, "height": 1080, "id_view": 6, "id_intrinsic": 0, "id_pose": 6}}}}, {"key": 5, "value": {"polymorphic_id": 1073741824, "ptr_wrapper": {"id": 2147483653, "data": {"local_path": "", "filename": "128876_17395.180437.jpg", "width": 1920, "height": 1080, "id_view": 5, "id_intrinsic": 0, "id_pose": 5}}}}, {"key": 4, "value": {"polymorphic_id": 1073741824, "ptr_wrapper": {"id": 2147483654, "data": {"local_path": "", "filename": "128875_17395.078875.jpg", "width": 1920, "height": 1080, "id_view": 4, "id_intrinsic": 0, "id_pose": 4}}}}, {"key": 3, "value": {"polymorphic_id": 1073741824, "ptr_wrapper": {"id": 2147483655, "data": {"local_path": "", "filename": "128874_17394.979266.jpg", "width": 1920, "height": 1080, "id_view": 3, "id_intrinsic": 0, "id_pose": 3}}}}, {"key": 2, "value": {"polymorphic_id": 1073741824, "ptr_wrapper": {"id": 2147483656, "data": {"local_path": "", "filename": "128873_17394.879656.jpg", "width": 1920, "height": 1080, "id_view": 2, "id_intrinsic": 0, "id_pose": 2}}}}, {"key": 1, "value": {"polymorphic_id": 1073741824, "ptr_wrapper": {"id": 2147483657, "data": {"local_path": "", "filename": "128872_17394.780047.jpg", "width": 1920, "height": 1080, "id_view": 1, "id_intrinsic": 0, "id_pose": 1}}}}, {"key": 0, "value": {"polymorphic_id": 1073741824, "ptr_wrapper": {"id": 2147483658, "data": {"local_path": "", "filename": "128871_17394.680437.jpg", "width": 1920, "height": 1080, "id_view": 0, "id_intrinsic": 0, "id_pose": 0}}}}], "intrinsics": [{"key": 0, "value": {"polymorphic_id": 2147483649, "polymorphic_name": "pinhole_radial_k3", "ptr_wrapper": {"id": 2147483659, "data": {"width": 1920, "height": 1080, "focal_length": 1739.13, "principal_point": [960.0, 540.0], "disto_k3": [0.0, 0.0, 0.0]}}}}], "extrinsics": [{"key": 0, "value": {"rotation": [[0.9999999999432677, -9.739443210177155e-06, -4.3136570921372054e-06], [9.739467206884074e-06, 0.999999999937098, 5.562975148961947e-06], [4.313602911585418e-06, -5.563017161368114e-06, 0.9999999999752228]], "center": [102655.28827441437, -59731.17478746854, 609.331632152627]}}, {"key": 1, "value": {"rotation": [[0.9999984414882233, 0.0006699742254078836, -0.0016334490080168569], [-0.0006713138116131202, 0.9999994387257998, -0.0008196864349482311], [0.0016328989224197697, 0.0008207817143369388, 0.9999983299778489]], "center": [102655.1784738539, -59738.440747688765, 609.3092742182777]}}, {"key": 2, "value": {"rotation": [[0.9999994065100158, 6.761596570732161e-05, -0.0010873857164483472], [-6.809291460378606e-05, 0.9999999015016258, -0.00043858875180922274], [0.0010873559537406634, 0.00043866253477392006, 0.999999312615869]], "center": [102655.58216226833, -59745.24974843235, 609.604002699186]}}, {"key": 3, "value": {"rotation": [[0.9999998366059825, -0.00018498132854794338, -0.0005408973248723697], [0.00018512066189806196, 0.999999949697119, 0.0002575579525971863], [0.0005408496542514681, -0.0002576580417845466, 0.9999998205469763]], "center": [102655.79683251063, -59750.037147389194, 609.6984606941829]}}, {"key": 4, "value": {"rotation": [[0.999999475196376, -0.0008740155747153732, -0.0005345126259983175], [0.0008746333179244329, 0.999998948676742, 0.0011565733737926593], [0.0005335012009108211, -0.0011570402693703238, 0.9999991883168123]], "center": [102657.17699565591, -59757.27744481476, 610.496756176965]}}, {"key": 5, "value": {"rotation": [[0.9999983828443596, -0.0014515290967787278, 0.0010617777290954367], [0.0014485101755311223, 0.999994922255839, 0.002838534975883167], [-0.0010658925537694373, -0.0028369923896855854, 0.9999954076630777]], "center": [102657.13465484997, -59764.87384226158, 610.4954462017447]}}, {"key": 6, "value": {"rotation": [[0.9999967917455405, -0.0018367691681794411, -0.001744355940823666], [0.0018368116415844688, 0.9999983128013524, 2.2747330039201834e-05], [0.001744311216154282, -2.5951310359184766e-05, 0.999998478351298]], "center": [102658.81477457374, -59770.02261025789, 612.8248786009085]}}, {"key": 7, "value": {"rotation": [[0.9999960816891024, -0.00224807731259796, -0.0016681591163457577], [0.0022507824805965203, 0.9999961522740741, 0.0016215471844609347], [0.0016645073342900414, -0.001625295494048879, 0.9999972939112844]], "center": [102659.94218678196, -59777.632992206636, 613.507443589795]}}, {"key": 8, "value": {"rotation": [[0.9999959027808512, -0.002637503132470048, -0.0011126539156980325], [0.0026401826247663533, 0.9999936018596677, 0.0024136436017722428], [0.0011062808042218435, -0.0024165713220810642, 0.9999964681566772]], "center": [102659.84967709174, -59784.59958489235, 613.6802484466465]}}, {"key": 9, "value": {"rotation": [[0.9999935180863635, -0.0031977029469911203, -0.0016548356775892984], [0.003201863009626533, 0.9999917054289302, 0.002517368985113868], [0.0016467721532148916, -0.0025226512248886393, 0.9999954621758407]], "center": [102660.84971589746, -59791.277345107024, 614.5580086256518]}}], "structure": [], "control_points": []}