{"sfm_data_version": "0.3", "root_path": "/mnt/ST8000/jialei/SFM_E/ex_sea_12/6-5/images", "views": [{"key": 9, "value": {"polymorphic_id": 1073741824, "ptr_wrapper": {"id": 2147483649, "data": {"local_path": "", "filename": "128880_17395.546875.jpg", "width": 1920, "height": 1080, "id_view": 9, "id_intrinsic": 0, "id_pose": 9}}}}, {"key": 8, "value": {"polymorphic_id": 1073741824, "ptr_wrapper": {"id": 2147483650, "data": {"local_path": "", "filename": "128879_17395.479266.jpg", "width": 1920, "height": 1080, "id_view": 8, "id_intrinsic": 0, "id_pose": 8}}}}, {"key": 7, "value": {"polymorphic_id": 1073741824, "ptr_wrapper": {"id": 2147483651, "data": {"local_path": "", "filename": "128878_17395.379656.jpg", "width": 1920, "height": 1080, "id_view": 7, "id_intrinsic": 0, "id_pose": 7}}}}, {"key": 6, "value": {"polymorphic_id": 1073741824, "ptr_wrapper": {"id": 2147483652, "data": {"local_path": "", "filename": "128877_17395.280047.jpg", "width": 1920, "height": 1080, "id_view": 6, "id_intrinsic": 0, "id_pose": 6}}}}, {"key": 5, "value": {"polymorphic_id": 1073741824, "ptr_wrapper": {"id": 2147483653, "data": {"local_path": "", "filename": "128876_17395.180437.jpg", "width": 1920, "height": 1080, "id_view": 5, "id_intrinsic": 0, "id_pose": 5}}}}, {"key": 4, "value": {"polymorphic_id": 1073741824, "ptr_wrapper": {"id": 2147483654, "data": {"local_path": "", "filename": "128875_17395.078875.jpg", "width": 1920, "height": 1080, "id_view": 4, "id_intrinsic": 0, "id_pose": 4}}}}, {"key": 3, "value": {"polymorphic_id": 1073741824, "ptr_wrapper": {"id": 2147483655, "data": {"local_path": "", "filename": "128874_17394.979266.jpg", "width": 1920, "height": 1080, "id_view": 3, "id_intrinsic": 0, "id_pose": 3}}}}, {"key": 2, "value": {"polymorphic_id": 1073741824, "ptr_wrapper": {"id": 2147483656, "data": {"local_path": "", "filename": "128873_17394.879656.jpg", "width": 1920, "height": 1080, "id_view": 2, "id_intrinsic": 0, "id_pose": 2}}}}, {"key": 1, "value": {"polymorphic_id": 1073741824, "ptr_wrapper": {"id": 2147483657, "data": {"local_path": "", "filename": "128872_17394.780047.jpg", "width": 1920, "height": 1080, "id_view": 1, "id_intrinsic": 0, "id_pose": 1}}}}, {"key": 0, "value": {"polymorphic_id": 1073741824, "ptr_wrapper": {"id": 2147483658, "data": {"local_path": "", "filename": "128871_17394.680437.jpg", "width": 1920, "height": 1080, "id_view": 0, "id_intrinsic": 0, "id_pose": 0}}}}], "intrinsics": [{"key": 0, "value": {"polymorphic_id": 2147483649, "polymorphic_name": "pinhole_radial_k3", "ptr_wrapper": {"id": 2147483659, "data": {"width": 1920, "height": 1080, "focal_length": 1739.13, "principal_point": [960.0, 540.0], "disto_k3": [0.0, 0.0, 0.0]}}}}], "extrinsics": [{"key": 0, "value": {"rotation": [[0.9999999230091585, -0.0003153975004066675, 0.00023346540191115423], [0.0003154323766271983, 0.9999999390965205, -0.00014936321897234054], [-0.0002334182789064043, 0.0001494368500192914, 0.9999999615922668]], "center": [7.690901808085846e-05, -0.0003876880480932247, 0.00032264894985512146]}}, {"key": 1, "value": {"rotation": [[0.9999989596334209, 0.00036406408673741623, -0.0013957755609988105], [-0.0003654248359933542, 0.9999994581395856, -0.0009747744480687005], [0.0013954199243140838, 0.0009752834850013921, 0.9999985508116294]], "center": [-0.00010323796272571057, -0.012072899383121189, 0.00028846087306649945]}}, {"key": 2, "value": {"rotation": [[0.9999996107019702, -0.00023820979209768822, -0.0008496187394925263], [0.00023770555883182823, 0.9999997956070525, -0.0005935334195869022], [0.0008497599513089518, 0.0005933312294282091, 0.9999994629328945]], "center": [0.0005425215064587302, -0.023023392896137265, 0.0007642998996549985]}}, {"key": 3, "value": {"rotation": [[0.9999998336635842, -0.0004907224966324886, -0.0003030911331343847], [0.0004907536359982391, 0.9999998743095067, 0.00010267345782230083], [0.00030304071086316973, -0.0001028221838196143, 0.9999999487969617]], "center": [0.0008853686837260934, -0.030722663773421977, 0.000917484016167396]}}, {"key": 4, "value": {"rotation": [[0.999999260102374, -0.0011797556022323484, -0.0002965997694036242], [0.0011800522112184772, 0.999998801883006, 0.0010018529485305576], [0.0002954174724137909, -0.0010022022104757187, 0.9999994541594741]], "center": [0.003101109380972234, -0.04236713154246238, 0.00220365025073521]}}, {"key": 5, "value": {"rotation": [[0.9999976117214917, -0.0017570213295980432, 0.0012997797349792511], [0.001753527941904947, 0.9999948607586795, 0.002683951561728175], [-0.0013044888152390624, -0.002681665951620781, 0.9999955534784418]], "center": [0.0030292820009280175, -0.054583786420329426, 0.0022034200432107212]}}, {"key": 6, "value": {"rotation": [[0.9999965699597888, -0.00214269584608914, -0.0015062945155928616], [0.0021424998130192374, 0.9999976961663588, -0.00013174416664353569], [0.001506573333019549, 0.00012851647903766865, 0.9999988568595004]], "center": [0.005727861600109827, -0.06286438131170312, 0.005951584322231247]}}, {"key": 7, "value": {"rotation": [[0.9999957160545917, -0.002553991938721106, -0.0014300341396610617], [0.002556089877551429, 0.9999956569218341, 0.0014671543910928337], [0.0014262808284233384, -0.0014708034016725211, 0.999997901227974]], "center": [0.007536985593818596, -0.07510393087501643, 0.007051626061552291]}}, {"key": 8, "value": {"rotation": [[0.9999952860407747, -0.002943331577074617, -0.000874468670762252], [0.0029453009076515755, 0.9999931102604296, 0.0022593437622501445], [0.0008678126480619739, -0.0022619086851655176, 0.9999970653308482]], "center": [0.0073847186902323845, -0.08630765331963544, 0.007331234641018803]}}, {"key": 9, "value": {"rotation": [[0.9999928589895819, -0.003503614668613721, -0.0014165641869239808], [0.0035069560120135797, 0.999991058225601, 0.0023632029902116375], [0.0014082717676652525, -0.0023681539428462755, 0.9999962043015622]], "center": [0.00898938215440248, -0.09704723104872616, 0.008744912040729136]}}], "structure": [], "control_points": []}