{"sfm_data_version": "0.3", "root_path": "/mnt/ST8000/jialei/SFM_E/ex_sea_12/1-5/images", "views": [{"key": 9, "value": {"polymorphic_id": 1073741824, "ptr_wrapper": {"id": 2147483649, "data": {"local_path": "", "filename": "075418_15357.965820.jpg", "width": 1920, "height": 1080, "id_view": 9, "id_intrinsic": 0, "id_pose": 9}}}}, {"key": 8, "value": {"polymorphic_id": 1073741824, "ptr_wrapper": {"id": 2147483650, "data": {"local_path": "", "filename": "075417_15357.866211.jpg", "width": 1920, "height": 1080, "id_view": 8, "id_intrinsic": 0, "id_pose": 8}}}}, {"key": 7, "value": {"polymorphic_id": 1073741824, "ptr_wrapper": {"id": 2147483651, "data": {"local_path": "", "filename": "075416_15357.766602.jpg", "width": 1920, "height": 1080, "id_view": 7, "id_intrinsic": 0, "id_pose": 7}}}}, {"key": 6, "value": {"polymorphic_id": 1073741824, "ptr_wrapper": {"id": 2147483652, "data": {"local_path": "", "filename": "075415_15357.666016.jpg", "width": 1920, "height": 1080, "id_view": 6, "id_intrinsic": 0, "id_pose": 6}}}}, {"key": 5, "value": {"polymorphic_id": 1073741824, "ptr_wrapper": {"id": 2147483653, "data": {"local_path": "", "filename": "075414_15357.566406.jpg", "width": 1920, "height": 1080, "id_view": 5, "id_intrinsic": 0, "id_pose": 5}}}}, {"key": 4, "value": {"polymorphic_id": 1073741824, "ptr_wrapper": {"id": 2147483654, "data": {"local_path": "", "filename": "075413_15357.497820.jpg", "width": 1920, "height": 1080, "id_view": 4, "id_intrinsic": 0, "id_pose": 4}}}}, {"key": 3, "value": {"polymorphic_id": 1073741824, "ptr_wrapper": {"id": 2147483655, "data": {"local_path": "", "filename": "075412_15357.398211.jpg", "width": 1920, "height": 1080, "id_view": 3, "id_intrinsic": 0, "id_pose": 3}}}}, {"key": 2, "value": {"polymorphic_id": 1073741824, "ptr_wrapper": {"id": 2147483656, "data": {"local_path": "", "filename": "075411_15357.299602.jpg", "width": 1920, "height": 1080, "id_view": 2, "id_intrinsic": 0, "id_pose": 2}}}}, {"key": 1, "value": {"polymorphic_id": 1073741824, "ptr_wrapper": {"id": 2147483657, "data": {"local_path": "", "filename": "075410_15357.198016.jpg", "width": 1920, "height": 1080, "id_view": 1, "id_intrinsic": 0, "id_pose": 1}}}}, {"key": 0, "value": {"polymorphic_id": 1073741824, "ptr_wrapper": {"id": 2147483658, "data": {"local_path": "", "filename": "075409_15357.099406.jpg", "width": 1920, "height": 1080, "id_view": 0, "id_intrinsic": 0, "id_pose": 0}}}}], "intrinsics": [{"key": 0, "value": {"polymorphic_id": 2147483649, "polymorphic_name": "pinhole_radial_k3", "ptr_wrapper": {"id": 2147483659, "data": {"width": 1920, "height": 1080, "focal_length": 1739.13, "principal_point": [960.0, 540.0], "disto_k3": [0.0, 0.0, 0.0]}}}}], "extrinsics": [{"key": 0, "value": {"rotation": [[0.9999999785174855, 0.00018980941484318578, 8.329114537493197e-05], [-0.00018980137108273143, 0.999999977324712, -9.657129633132767e-05], [-8.330947362752874e-05, 9.655548548314223e-05, 0.9999999918682849]], "center": [102655.28827450256, -59731.17478744584, 609.3316321858152]}}, {"key": 1, "value": {"rotation": [[0.9999994745854434, 0.0007107657635153583, 0.000738675075196246], [-0.0007108606397320831, 0.9999997391226574, 0.00012818645987675137], [-0.0007385837719456146, -0.00012871148756221366, 0.9999997189636429]], "center": [102655.06546492732, -59737.647527706074, 609.8374417500927]}}, {"key": 2, "value": {"rotation": [[0.9999994427973468, -0.000489211034422326, 0.0009354558033763932], [0.0004894452877006115, 0.9999998489207077, -0.0002502036620741615], [-0.0009353332596560571, 0.00025066137709482526, 0.9999995311601739]], "center": [102655.57264300993, -59744.33182910569, 610.281546255572]}}, {"key": 3, "value": {"rotation": [[0.9999994392692593, -0.0010359329926289155, -0.00021978171397732673], [0.0010357662749698403, 0.9999991768249036, -0.0007573227445575164], [0.00022056606867563717, 0.0007570946774161901, 0.9999996890790811]], "center": [102655.6020304941, -59750.49822759289, 610.9878907399275]}}, {"key": 4, "value": {"rotation": [[0.9999980224913009, -0.0013034605170912817, 0.0015020000560404616], [0.0013021593260740334, 0.9999987763816254, 0.0008669580970679202], [-0.0015031282638150766, -0.0008650005392700075, 0.9999984961886141]], "center": [102655.29863966818, -59757.95945768846, 610.2223943325376]}}, {"key": 5, "value": {"rotation": [[0.9999997357421353, -0.00023598437965684306, 0.0006876241942172189], [0.00024264573110271298, 0.999952889885991, -0.00970356283562732], [-0.0006853019109068059, 0.009703727120459863, 0.9999526829011776]], "center": [102656.31803416525, -59759.00468382619, 617.0767225187789]}}, {"key": 6, "value": {"rotation": [[0.9999987890827186, -0.0007561966983761616, 0.0013601469223603103], [0.0007682431462010907, 0.9999602936331455, -0.00887811689391492], [-0.0013533793131846924, 0.00887915106680071, 0.9999596637068756]], "center": [102655.64812761238, -59766.005749927484, 616.9357847747028]}}, {"key": 7, "value": {"rotation": [[0.9999993347463063, 0.0008226647975777993, 0.0008085354512781321], [-0.0008066181026330006, 0.99980658514511, -0.01965048772194641], [-0.0008245448330152903, 0.01964982247005529, 0.9998065835964045]], "center": [102657.18980424442, -59766.82871232362, 624.2940305718622]}}, {"key": 8, "value": {"rotation": [[0.9999997729700504, -0.0003919864518551925, 0.0005480934862588554], [0.00040305711224937154, 0.9997929087180002, -0.02034643020691758], [-0.0005400044558914635, 0.020346646500646458, 0.9997928397279935]], "center": [102657.18015964463, -59772.995884344695, 624.9205265549839]}}, {"key": 9, "value": {"rotation": [[0.9999986944022032, -0.0015044634915774447, -0.0005897317122649746], [0.0014913543225940984, 0.9997648773444174, -0.02163251928894139], [0.0006221383884796922, 0.021631611546633678, 0.9997658157417272]], "center": [102657.56073071189, -59779.023011595425, 626.1072069801285]}}], "structure": [], "control_points": []}