{"sfm_data_version": "0.3", "root_path": "/mnt/ST8000/jialei/SFM_E/ex_sea_12/1-5/images", "views": [{"key": 9, "value": {"polymorphic_id": 1073741824, "ptr_wrapper": {"id": 2147483649, "data": {"local_path": "", "filename": "075418_15357.965820.jpg", "width": 1920, "height": 1080, "id_view": 9, "id_intrinsic": 0, "id_pose": 9}}}}, {"key": 8, "value": {"polymorphic_id": 1073741824, "ptr_wrapper": {"id": 2147483650, "data": {"local_path": "", "filename": "075417_15357.866211.jpg", "width": 1920, "height": 1080, "id_view": 8, "id_intrinsic": 0, "id_pose": 8}}}}, {"key": 7, "value": {"polymorphic_id": 1073741824, "ptr_wrapper": {"id": 2147483651, "data": {"local_path": "", "filename": "075416_15357.766602.jpg", "width": 1920, "height": 1080, "id_view": 7, "id_intrinsic": 0, "id_pose": 7}}}}, {"key": 6, "value": {"polymorphic_id": 1073741824, "ptr_wrapper": {"id": 2147483652, "data": {"local_path": "", "filename": "075415_15357.666016.jpg", "width": 1920, "height": 1080, "id_view": 6, "id_intrinsic": 0, "id_pose": 6}}}}, {"key": 5, "value": {"polymorphic_id": 1073741824, "ptr_wrapper": {"id": 2147483653, "data": {"local_path": "", "filename": "075414_15357.566406.jpg", "width": 1920, "height": 1080, "id_view": 5, "id_intrinsic": 0, "id_pose": 5}}}}, {"key": 4, "value": {"polymorphic_id": 1073741824, "ptr_wrapper": {"id": 2147483654, "data": {"local_path": "", "filename": "075413_15357.497820.jpg", "width": 1920, "height": 1080, "id_view": 4, "id_intrinsic": 0, "id_pose": 4}}}}, {"key": 3, "value": {"polymorphic_id": 1073741824, "ptr_wrapper": {"id": 2147483655, "data": {"local_path": "", "filename": "075412_15357.398211.jpg", "width": 1920, "height": 1080, "id_view": 3, "id_intrinsic": 0, "id_pose": 3}}}}, {"key": 2, "value": {"polymorphic_id": 1073741824, "ptr_wrapper": {"id": 2147483656, "data": {"local_path": "", "filename": "075411_15357.299602.jpg", "width": 1920, "height": 1080, "id_view": 2, "id_intrinsic": 0, "id_pose": 2}}}}, {"key": 1, "value": {"polymorphic_id": 1073741824, "ptr_wrapper": {"id": 2147483657, "data": {"local_path": "", "filename": "075410_15357.198016.jpg", "width": 1920, "height": 1080, "id_view": 1, "id_intrinsic": 0, "id_pose": 1}}}}, {"key": 0, "value": {"polymorphic_id": 1073741824, "ptr_wrapper": {"id": 2147483658, "data": {"local_path": "", "filename": "075409_15357.099406.jpg", "width": 1920, "height": 1080, "id_view": 0, "id_intrinsic": 0, "id_pose": 0}}}}], "intrinsics": [{"key": 0, "value": {"polymorphic_id": 2147483649, "polymorphic_name": "pinhole_radial_k3", "ptr_wrapper": {"id": 2147483659, "data": {"width": 1920, "height": 1080, "focal_length": 1739.13, "principal_point": [960.0, 540.0], "disto_k3": [0.0, 0.0, 0.0]}}}}], "extrinsics": [{"key": 0, "value": {"rotation": [[0.9999998768925933, -0.0003709814951546603, 0.000329526218296485], [0.00037103797927061057, 0.9999999164823399, -0.00017136549023953325], [-0.00032946261734945274, 0.0001714877358852998, 0.9999999310231678]], "center": [0.00023369617816282922, -0.0005160456272731087, 0.0003057114736005688]}}, {"key": 1, "value": {"rotation": [[0.9999995037607523, 0.00015002413152567128, 0.0009848710621591938], [-0.0001500766622359339, 0.9999999873199726, 5.326396586727785e-05], [-0.0009848630587907803, -5.341174559736101e-05, 0.9999995135958522]], "center": [-0.00013406065012040762, -0.011022274844853398, 0.0011274333680928034]}}, {"key": 2, "value": {"rotation": [[0.9999987505581586, -0.0010499377204958586, 0.0011817414712136836], [0.0010503222640510367, 0.9999993956539364, -0.0003248305773042537], [-0.0011813997051570123, 0.00032607138082487477, 0.9999992489858137]], "center": [0.0006829239344814316, -0.021872580187120516, 0.0018493136075372495]}}, {"key": 3, "value": {"rotation": [[0.9999987248478186, -0.0015967460998138193, 2.654485732238364e-05], [0.0015967676283529415, 0.9999983792071089, -0.0008318150616143357], [-2.5216616843293103e-05, 0.0008318563868924011, 0.999999653689477]], "center": [0.0007247298077593646, -0.031881763400452054, 0.002996605651444258]}}, {"key": 4, "value": {"rotation": [[0.9999967341212698, -0.0018641438503639867, 0.0017483462184494018], [0.001862760495097419, 0.9999979510065954, 0.0007925313552525321], [-0.0017498200285516405, -0.000789272016673784, 0.9999981575880785]], "center": [0.00022578245854211357, -0.04399258156954585, 0.0017548426387367577]}}, {"key": 5, "value": {"rotation": [[0.9999992465342922, -0.0007967298295476157, 0.0009338910143490461], [0.0008058239045310626, 0.9999518671112478, -0.00977824670197062], [-0.0009260554426486221, 0.009778991886100619, 0.9999517557057486]], "center": [0.0018767635970574348, -0.045689277961812755, 0.012881261923854272]}}, {"key": 6, "value": {"rotation": [[0.9999978425518823, -0.0013168911718905343, 0.0016064523716584097], [0.00133122214235591, 0.9999590379176667, -0.00895267191302334], [-0.0015945968734170511, 0.008954791143065974, 0.9999586336326096]], "center": [0.0007830605397774911, -0.057052752542611114, 0.0126530746889583]}}, {"key": 7, "value": {"rotation": [[0.9999994094762245, 0.0002619284576324456, 0.0010547230373239], [-0.0002410727767415571, 0.9998054059370199, -0.019725418703461707], [-0.0010596844429799743, 0.019725152790121697, 0.9998048786719778]], "center": [0.0032818062411748804, -0.05838908660784087, 0.024597630385959874]}}, {"key": 8, "value": {"rotation": [[0.9999992306272927, -0.0009527423464883949, 0.0007943719809370084], [0.0009687658874217265, 0.9997909990136781, -0.0204210622614729], [-0.0007747499456327802, 0.02042181611054206, 0.9997911527860551]], "center": [0.0032602867967216963, -0.06839949959005641, 0.0256152975398635]}}, {"key": 9, "value": {"rotation": [[0.9999978083061066, -0.0020653038099623256, -0.000343370290673205], [0.002057363817743402, 0.9997622610211466, -0.021706881213244312], [0.00038811996264296087, 0.02170612720079323, 0.9997643189296354]], "center": [0.0038720654919488064, -0.07818288027963213, 0.02754239011655361]}}], "structure": [], "control_points": []}