{"sfm_data_version": "0.3", "root_path": "/mnt/ST8000/jialei/SFM_E/ex_sea_12/1-2/images", "views": [{"key": 9, "value": {"polymorphic_id": 1073741824, "ptr_wrapper": {"id": 2147483649, "data": {"local_path": "", "filename": "038735_11734.566406.jpg", "width": 1920, "height": 1080, "id_view": 9, "id_intrinsic": 0, "id_pose": 9}}}}, {"key": 8, "value": {"polymorphic_id": 1073741824, "ptr_wrapper": {"id": 2147483650, "data": {"local_path": "", "filename": "038734_11734.465820.jpg", "width": 1920, "height": 1080, "id_view": 8, "id_intrinsic": 0, "id_pose": 8}}}}, {"key": 7, "value": {"polymorphic_id": 1073741824, "ptr_wrapper": {"id": 2147483651, "data": {"local_path": "", "filename": "038733_11734.399211.jpg", "width": 1920, "height": 1080, "id_view": 7, "id_intrinsic": 0, "id_pose": 7}}}}, {"key": 6, "value": {"polymorphic_id": 1073741824, "ptr_wrapper": {"id": 2147483652, "data": {"local_path": "", "filename": "038732_11734.299602.jpg", "width": 1920, "height": 1080, "id_view": 6, "id_intrinsic": 0, "id_pose": 6}}}}, {"key": 5, "value": {"polymorphic_id": 1073741824, "ptr_wrapper": {"id": 2147483653, "data": {"local_path": "", "filename": "038731_11734.198016.jpg", "width": 1920, "height": 1080, "id_view": 5, "id_intrinsic": 0, "id_pose": 5}}}}, {"key": 4, "value": {"polymorphic_id": 1073741824, "ptr_wrapper": {"id": 2147483654, "data": {"local_path": "", "filename": "038730_11734.100406.jpg", "width": 1920, "height": 1080, "id_view": 4, "id_intrinsic": 0, "id_pose": 4}}}}, {"key": 3, "value": {"polymorphic_id": 1073741824, "ptr_wrapper": {"id": 2147483655, "data": {"local_path": "", "filename": "038729_11733.998820.jpg", "width": 1920, "height": 1080, "id_view": 3, "id_intrinsic": 0, "id_pose": 3}}}}, {"key": 2, "value": {"polymorphic_id": 1073741824, "ptr_wrapper": {"id": 2147483656, "data": {"local_path": "", "filename": "038728_11733.899211.jpg", "width": 1920, "height": 1080, "id_view": 2, "id_intrinsic": 0, "id_pose": 2}}}}, {"key": 1, "value": {"polymorphic_id": 1073741824, "ptr_wrapper": {"id": 2147483657, "data": {"local_path": "", "filename": "038727_11733.798602.jpg", "width": 1920, "height": 1080, "id_view": 1, "id_intrinsic": 0, "id_pose": 1}}}}, {"key": 0, "value": {"polymorphic_id": 1073741824, "ptr_wrapper": {"id": 2147483658, "data": {"local_path": "", "filename": "038726_11733.699016.jpg", "width": 1920, "height": 1080, "id_view": 0, "id_intrinsic": 0, "id_pose": 0}}}}], "intrinsics": [{"key": 0, "value": {"polymorphic_id": 2147483649, "polymorphic_name": "pinhole_radial_k3", "ptr_wrapper": {"id": 2147483659, "data": {"width": 1920, "height": 1080, "focal_length": 1739.13, "principal_point": [960.0, 540.0], "disto_k3": [0.0, 0.0, 0.0]}}}}], "extrinsics": [{"key": 0, "value": {"rotation": [[0.9999999555721124, -0.00029670002284313255, 2.8720547810058508e-05], [0.0002966984482116525, 0.9999999544826889, 5.481469881279607e-05], [-2.873681002516625e-05, -5.480617503552777e-05, 0.9999999980852394]], "center": [102655.28827438643, -59731.17478746275, 609.3316321205176]}}, {"key": 1, "value": {"rotation": [[0.9999992832205193, 0.0010254399486077314, 0.000618086854272202], [-0.0010260460010652463, 0.9999989924226607, 0.0009810113492026188], [-0.000617080263274381, -0.000981644831578945, 0.9999993277924606]], "center": [102655.44698485221, -59737.19614966712, 610.3365458894515]}}, {"key": 2, "value": {"rotation": [[0.9999997614160807, 0.00012838989885508313, 0.0006787369267497187], [-0.00012932945181153046, 0.9999990333490733, 0.001384404136112659], [-0.0006785585271410246, -0.0013844915864907805, 0.9999988113699795]], "center": [102655.51983652919, -59743.92025194746, 610.8607711264359]}}, {"key": 3, "value": {"rotation": [[0.9999954728552424, -0.0014132121533269736, 0.002656520361288356], [0.0014101383065863934, 0.9999983345624223, 0.0011586122466986399], [-0.0026581533019275345, -0.0011548609403696517, 0.999995800249797]], "center": [102654.40509719284, -59750.13048476445, 610.4203280495774]}}, {"key": 4, "value": {"rotation": [[0.9999931330163812, -0.002364133464804765, 0.0028539083801763163], [0.0023608444983233795, 0.9999965458853274, 0.0011552621649321103], [-0.002856629716394228, -0.0011485165978677352, 0.9999952602769114]], "center": [102654.83223567727, -59756.54099661553, 611.0326508391543]}}, {"key": 5, "value": {"rotation": [[0.9999894556219933, -0.003695989132983394, 0.002725492461610317], [0.0036958297834806986, 0.9999931683816139, 6.350050279452892e-05], [-0.0027257085392541226, -5.3426877007003016e-05, 0.999996283822359]], "center": [102655.16779997505, -59762.3223322523, 612.0403164713481]}}, {"key": 6, "value": {"rotation": [[0.999983705998053, -0.004963945147247176, 0.002819040080284116], [0.004963490198783598, 0.9999876676343649, 0.0001683574488061995], [-0.0028198410319920718, -0.00015436242778116323, 0.999996012326447]], "center": [102655.64231374602, -59768.98739460608, 612.7966890463595]}}, {"key": 7, "value": {"rotation": [[0.9999718628711444, -0.006751354210206513, 0.0032699667186162225], [0.006751161525340992, 0.9999772082020792, 6.996024306243486e-05], [-0.0032703645165770767, -4.788220108225917e-05, 0.9999946511973071]], "center": [102655.56301975354, -59775.72808286809, 613.3881403263676]}}, {"key": 8, "value": {"rotation": [[0.999965882986689, -0.007242465109196, 0.003972349656438722], [0.007241288031599914, 0.9999737332863262, 0.0003106204301416935], [-0.003974494973495182, -0.0002818449046758825, 0.9999920619450716]], "center": [102654.81456552379, -59782.1048827531, 613.4221999978703]}}, {"key": 9, "value": {"rotation": [[0.999952393862038, -0.008560811992517202, 0.00468214775581031], [0.008560486082599048, 0.9999633543495666, 8.964370580034313e-05], [-0.00468274359837203, -4.955797750946987e-05, 0.9999890346680804]], "center": [102654.893954713, -59788.62123854763, 613.7869448931763]}}], "structure": [], "control_points": []}