{"sfm_data_version": "0.3", "root_path": "/mnt/ST8000/jialei/SFM_E/ex_sea_12/1-2/images", "views": [{"key": 9, "value": {"polymorphic_id": 1073741824, "ptr_wrapper": {"id": 2147483649, "data": {"local_path": "", "filename": "038735_11734.566406.jpg", "width": 1920, "height": 1080, "id_view": 9, "id_intrinsic": 0, "id_pose": 9}}}}, {"key": 8, "value": {"polymorphic_id": 1073741824, "ptr_wrapper": {"id": 2147483650, "data": {"local_path": "", "filename": "038734_11734.465820.jpg", "width": 1920, "height": 1080, "id_view": 8, "id_intrinsic": 0, "id_pose": 8}}}}, {"key": 7, "value": {"polymorphic_id": 1073741824, "ptr_wrapper": {"id": 2147483651, "data": {"local_path": "", "filename": "038733_11734.399211.jpg", "width": 1920, "height": 1080, "id_view": 7, "id_intrinsic": 0, "id_pose": 7}}}}, {"key": 6, "value": {"polymorphic_id": 1073741824, "ptr_wrapper": {"id": 2147483652, "data": {"local_path": "", "filename": "038732_11734.299602.jpg", "width": 1920, "height": 1080, "id_view": 6, "id_intrinsic": 0, "id_pose": 6}}}}, {"key": 5, "value": {"polymorphic_id": 1073741824, "ptr_wrapper": {"id": 2147483653, "data": {"local_path": "", "filename": "038731_11734.198016.jpg", "width": 1920, "height": 1080, "id_view": 5, "id_intrinsic": 0, "id_pose": 5}}}}, {"key": 4, "value": {"polymorphic_id": 1073741824, "ptr_wrapper": {"id": 2147483654, "data": {"local_path": "", "filename": "038730_11734.100406.jpg", "width": 1920, "height": 1080, "id_view": 4, "id_intrinsic": 0, "id_pose": 4}}}}, {"key": 3, "value": {"polymorphic_id": 1073741824, "ptr_wrapper": {"id": 2147483655, "data": {"local_path": "", "filename": "038729_11733.998820.jpg", "width": 1920, "height": 1080, "id_view": 3, "id_intrinsic": 0, "id_pose": 3}}}}, {"key": 2, "value": {"polymorphic_id": 1073741824, "ptr_wrapper": {"id": 2147483656, "data": {"local_path": "", "filename": "038728_11733.899211.jpg", "width": 1920, "height": 1080, "id_view": 2, "id_intrinsic": 0, "id_pose": 2}}}}, {"key": 1, "value": {"polymorphic_id": 1073741824, "ptr_wrapper": {"id": 2147483657, "data": {"local_path": "", "filename": "038727_11733.798602.jpg", "width": 1920, "height": 1080, "id_view": 1, "id_intrinsic": 0, "id_pose": 1}}}}, {"key": 0, "value": {"polymorphic_id": 1073741824, "ptr_wrapper": {"id": 2147483658, "data": {"local_path": "", "filename": "038726_11733.699016.jpg", "width": 1920, "height": 1080, "id_view": 0, "id_intrinsic": 0, "id_pose": 0}}}}], "intrinsics": [{"key": 0, "value": {"polymorphic_id": 2147483649, "polymorphic_name": "pinhole_radial_k3", "ptr_wrapper": {"id": 2147483659, "data": {"width": 1920, "height": 1080, "focal_length": 1739.13, "principal_point": [960.0, 540.0], "disto_k3": [0.0, 0.0, 0.0]}}}}], "extrinsics": [{"key": 0, "value": {"rotation": [[0.9999990798179961, -0.001354726736183873, -7.126451708457819e-05], [0.0013547308668458123, 0.9999990806728419, 5.7946089082863845e-05], [7.118595045303032e-05, -5.80425800029258e-05, 0.9999999957818096]], "center": [-0.0003291683431441004, -0.0009996760344563491, 0.0004983180621932348]}}, {"key": 1, "value": {"rotation": [[0.9999998652520479, -3.258871875512751e-05, 0.0005181060330114724], [3.207874846695394e-05, 0.999999515086736, 0.0009842749852521232], [-0.0005181378580356579, -0.000984258232429972, 0.9999993813842546]], "center": [-8.724142494097427e-05, -0.010556022185005832, 0.002093090517216816]}}, {"key": 2, "value": {"rotation": [[0.9999994004078666, -0.0009296389704924315, 0.0005787532217482792], [0.0009288351661437141, 0.9999986059451357, 0.0013875781128479885], [-0.0005800423616228403, -0.001387039714522219, 0.9999988698352058]], "center": [1.7168877409797198e-05, -0.021227490323820236, 0.0029250061663116207]}}, {"key": 3, "value": {"rotation": [[0.9999936785328516, -0.002471242083504863, 0.0025565322020891395], [0.00246827874101702, 0.9999962790983056, 0.0011616323000082952], [-0.002559393364109466, -0.0011553147227027852, 0.9999960573689775]], "center": [-0.0017624520138848029, -0.031081433782985612, 0.0022261557179452897]}}, {"key": 4, "value": {"rotation": [[0.9999903523297413, -0.003422161031959663, 0.0027539174480208923], [0.0034189821684691393, 0.9999934845604952, 0.0011581871570717098], [-0.002757863007994993, -0.001148760388615751, 0.9999955372606414]], "center": [-0.0010952378589943051, -0.041255820266901264, 0.0031978301420006894]}}, {"key": 5, "value": {"rotation": [[0.9999852529588507, -0.004754011644381331, 0.0026254976877083764], [0.0047538539711287535, 0.99998869817503, 6.629201237613614e-05], [-0.00262578316779177, -5.3809802156255664e-05, 0.9999965511776834]], "center": [-0.0005722353704006617, -0.05043153434631398, 0.004796943026701129]}}, {"key": 6, "value": {"rotation": [[0.9999781711592235, -0.006021961171298687, 0.0027190418727055282], [0.006021518334306598, 0.9999818558695749, 0.00017102219454957817], [-0.0027200224270701318, -0.00015464570084511612, 0.9999962887744653]], "center": [0.00016976015785589494, -0.061009980071448235, 0.005997219922456045]}}, {"key": 7, "value": {"rotation": [[0.9999644819956539, -0.007809358176575896, 0.0031699640428063908], [0.007809167747162055, 0.9999695053603601, 7.244621747063616e-05], [-0.00317043313435597, -4.76888633628926e-05, 0.9999949730271215]], "center": [3.269373913029807e-05, -0.07170751551640904, 0.006935849347264701]}}, {"key": 8, "value": {"rotation": [[0.9999580527306681, -0.008300464768377256, 0.003872346022579165], [0.008299314361468316, 0.9999655110933588, 0.0003130573874884115], [-0.0038748109914140357, -0.00028090643862813976, 0.9999924534372018]], "center": [-0.00116582658541474, -0.08182642318456591, 0.006989989825018228]}}, {"key": 9, "value": {"rotation": [[0.9999432397329665, -0.009618798960739739, 0.004582141299729659], [0.009618478592893163, 0.9999537371373686, 9.194873257314773e-05], [-0.00458281375312946, -4.787028553751612e-05, 0.9999894977081212]], "center": [-0.0010507175375559878, -0.0921682018448974, 0.007568805464122568]}}], "structure": [], "control_points": []}