{"sfm_data_version": "0.3", "root_path": "/mnt/ST8000/jialei/SFM_E/ex_sea_12/6-3/images", "views": [{"key": 9, "value": {"polymorphic_id": 1073741824, "ptr_wrapper": {"id": 2147483649, "data": {"local_path": "", "filename": "087511_13303.979266.jpg", "width": 1920, "height": 1080, "id_view": 9, "id_intrinsic": 0, "id_pose": 9}}}}, {"key": 8, "value": {"polymorphic_id": 1073741824, "ptr_wrapper": {"id": 2147483650, "data": {"local_path": "", "filename": "087510_13303.879656.jpg", "width": 1920, "height": 1080, "id_view": 8, "id_intrinsic": 0, "id_pose": 8}}}}, {"key": 7, "value": {"polymorphic_id": 1073741824, "ptr_wrapper": {"id": 2147483651, "data": {"local_path": "", "filename": "087509_13303.781047.jpg", "width": 1920, "height": 1080, "id_view": 7, "id_intrinsic": 0, "id_pose": 7}}}}, {"key": 6, "value": {"polymorphic_id": 1073741824, "ptr_wrapper": {"id": 2147483652, "data": {"local_path": "", "filename": "087508_13303.679461.jpg", "width": 1920, "height": 1080, "id_view": 6, "id_intrinsic": 0, "id_pose": 6}}}}, {"key": 5, "value": {"polymorphic_id": 1073741824, "ptr_wrapper": {"id": 2147483653, "data": {"local_path": "", "filename": "087507_13303.580852.jpg", "width": 1920, "height": 1080, "id_view": 5, "id_intrinsic": 0, "id_pose": 5}}}}, {"key": 4, "value": {"polymorphic_id": 1073741824, "ptr_wrapper": {"id": 2147483654, "data": {"local_path": "", "filename": "087506_13303.479266.jpg", "width": 1920, "height": 1080, "id_view": 4, "id_intrinsic": 0, "id_pose": 4}}}}, {"key": 3, "value": {"polymorphic_id": 1073741824, "ptr_wrapper": {"id": 2147483655, "data": {"local_path": "", "filename": "087505_13303.379656.jpg", "width": 1920, "height": 1080, "id_view": 3, "id_intrinsic": 0, "id_pose": 3}}}}, {"key": 2, "value": {"polymorphic_id": 1073741824, "ptr_wrapper": {"id": 2147483656, "data": {"local_path": "", "filename": "087504_13303.248047.jpg", "width": 1920, "height": 1080, "id_view": 2, "id_intrinsic": 0, "id_pose": 2}}}}, {"key": 1, "value": {"polymorphic_id": 1073741824, "ptr_wrapper": {"id": 2147483657, "data": {"local_path": "", "filename": "087503_13303.179461.jpg", "width": 1920, "height": 1080, "id_view": 1, "id_intrinsic": 0, "id_pose": 1}}}}, {"key": 0, "value": {"polymorphic_id": 1073741824, "ptr_wrapper": {"id": 2147483658, "data": {"local_path": "", "filename": "087502_13303.047852.jpg", "width": 1920, "height": 1080, "id_view": 0, "id_intrinsic": 0, "id_pose": 0}}}}], "intrinsics": [{"key": 0, "value": {"polymorphic_id": 2147483649, "polymorphic_name": "pinhole_radial_k3", "ptr_wrapper": {"id": 2147483659, "data": {"width": 1920, "height": 1080, "focal_length": 1739.13, "principal_point": [960.0, 540.0], "disto_k3": [0.0, 0.0, 0.0]}}}}], "extrinsics": [{"key": 0, "value": {"rotation": [[0.999999966916739, -0.0001415914811892816, 0.00021475188774107177], [0.00014158575424629954, 0.9999999896207541, 2.6682687359068236e-05], [-0.00021475566355333927, -2.6652280668277134e-05, 0.9999999765848302]], "center": [0.0002174059581749392, -5.228808389299761e-05, 0.00011899356328183013]}}, {"key": 1, "value": {"rotation": [[0.9999999688588326, 2.487468815496336e-05, -0.0002483215328462279], [-2.494990885246458e-05, 0.9999999538090836, -0.00030291802971168776], [0.0002483139863844979, 0.00030292421587808157, 0.9999999232885388]], "center": [-0.001996677309163826, -0.010978704968854686, 6.939411489810558e-05]}}, {"key": 2, "value": {"rotation": [[0.9999999793203103, -0.00020194364090122082, 2.404465155077e-05], [0.00020192078817307923, 0.9999995315239029, 0.000946667824781194], [-2.4235813833715023e-05, -0.0009466629500894068, 0.9999995516208416]], "center": [-0.003074540731005911, -0.02301529408293752, 0.0002449028613604905]}}, {"key": 3, "value": {"rotation": [[0.9999992250220288, -0.001244969168158494, -2.666977999181302e-06], [0.001244968863373291, 0.999999218822431, -0.00011138697145430988], [2.8056492609746764e-06, 0.00011138356482729537, 0.9999999937929149]], "center": [-0.003918070795603601, -0.03298358990128335, 0.0009117794252015677]}}, {"key": 4, "value": {"rotation": [[0.9999980887848999, -0.001882655393695841, 0.0005272904480215278], [0.0018825721287811018, 0.9999982154201175, 0.00015836275118364092], [-0.0005275876495172901, -0.00015736978621714242, 0.9999998484429996]], "center": [-0.005269252195228101, -0.04422291626696632, 0.0010452219041579979]}}, {"key": 5, "value": {"rotation": [[0.9999971800381917, -0.0022161945491145385, 0.0008534619998615163], [0.002214634945962423, 0.9999958841735317, 0.001824014269024137], [-0.0008575008576405869, -0.0018221190186036248, 0.9999979722852247]], "center": [-0.006281218075357019, -0.05667863191292151, 0.0012506111530261232]}}, {"key": 6, "value": {"rotation": [[0.9999954282006337, -0.0026174549076098024, 0.0015141029155348454], [0.0026133176297481963, 0.9999928641331409, 0.0027280494432164303], [-0.0015212326575014114, -0.002724080139279309, 0.9999951326074525]], "center": [-0.00816411872535948, -0.0683156638796247, 0.001207556345281842]}}, {"key": 7, "value": {"rotation": [[0.9999944070840571, -0.0028147401827138463, 0.0018063881946214218], [0.002806597030348093, 0.9999859598531848, 0.004494786937673774], [-0.0018190144900722082, -0.0044896919949655835, 0.9999882668572044]], "center": [-0.00894024256598481, -0.08086110701318132, 0.001325950094874777]}}, {"key": 8, "value": {"rotation": [[0.9999915129472422, -0.0028940518399671986, 0.0029323194630534876], [0.002876229858467361, 0.9999774781195989, 0.006063872967778511], [-0.002949802584425044, -0.006055387478574505, 0.9999773152162993]], "center": [-0.011818314779253884, -0.0929587424169013, 0.0009388141362550363]}}, {"key": 9, "value": {"rotation": [[0.9999878642258538, -0.00341719866766314, 0.0035488243519850595], [0.0033890401266898937, 0.9999629681795202, 0.007910542119517437], [-0.003575724826550132, -0.00789841901083341, 0.9999624138781893]], "center": [-0.012969454067863909, -0.10579991463679599, 0.0007306434521210748]}}], "structure": [], "control_points": []}