{"sfm_data_version": "0.3", "root_path": "/mnt/ST8000/jialei/SFM_E/ex_sea_12/6-3/images", "views": [{"key": 9, "value": {"polymorphic_id": 1073741824, "ptr_wrapper": {"id": 2147483649, "data": {"local_path": "", "filename": "087511_13303.979266.jpg", "width": 1920, "height": 1080, "id_view": 9, "id_intrinsic": 0, "id_pose": 9}}}}, {"key": 8, "value": {"polymorphic_id": 1073741824, "ptr_wrapper": {"id": 2147483650, "data": {"local_path": "", "filename": "087510_13303.879656.jpg", "width": 1920, "height": 1080, "id_view": 8, "id_intrinsic": 0, "id_pose": 8}}}}, {"key": 7, "value": {"polymorphic_id": 1073741824, "ptr_wrapper": {"id": 2147483651, "data": {"local_path": "", "filename": "087509_13303.781047.jpg", "width": 1920, "height": 1080, "id_view": 7, "id_intrinsic": 0, "id_pose": 7}}}}, {"key": 6, "value": {"polymorphic_id": 1073741824, "ptr_wrapper": {"id": 2147483652, "data": {"local_path": "", "filename": "087508_13303.679461.jpg", "width": 1920, "height": 1080, "id_view": 6, "id_intrinsic": 0, "id_pose": 6}}}}, {"key": 5, "value": {"polymorphic_id": 1073741824, "ptr_wrapper": {"id": 2147483653, "data": {"local_path": "", "filename": "087507_13303.580852.jpg", "width": 1920, "height": 1080, "id_view": 5, "id_intrinsic": 0, "id_pose": 5}}}}, {"key": 4, "value": {"polymorphic_id": 1073741824, "ptr_wrapper": {"id": 2147483654, "data": {"local_path": "", "filename": "087506_13303.479266.jpg", "width": 1920, "height": 1080, "id_view": 4, "id_intrinsic": 0, "id_pose": 4}}}}, {"key": 3, "value": {"polymorphic_id": 1073741824, "ptr_wrapper": {"id": 2147483655, "data": {"local_path": "", "filename": "087505_13303.379656.jpg", "width": 1920, "height": 1080, "id_view": 3, "id_intrinsic": 0, "id_pose": 3}}}}, {"key": 2, "value": {"polymorphic_id": 1073741824, "ptr_wrapper": {"id": 2147483656, "data": {"local_path": "", "filename": "087504_13303.248047.jpg", "width": 1920, "height": 1080, "id_view": 2, "id_intrinsic": 0, "id_pose": 2}}}}, {"key": 1, "value": {"polymorphic_id": 1073741824, "ptr_wrapper": {"id": 2147483657, "data": {"local_path": "", "filename": "087503_13303.179461.jpg", "width": 1920, "height": 1080, "id_view": 1, "id_intrinsic": 0, "id_pose": 1}}}}, {"key": 0, "value": {"polymorphic_id": 1073741824, "ptr_wrapper": {"id": 2147483658, "data": {"local_path": "", "filename": "087502_13303.047852.jpg", "width": 1920, "height": 1080, "id_view": 0, "id_intrinsic": 0, "id_pose": 0}}}}], "intrinsics": [{"key": 0, "value": {"polymorphic_id": 2147483649, "polymorphic_name": "pinhole_radial_k3", "ptr_wrapper": {"id": 2147483659, "data": {"width": 1920, "height": 1080, "focal_length": 1739.13, "principal_point": [960.0, 540.0], "disto_k3": [0.0, 0.0, 0.0]}}}}], "extrinsics": [{"key": 0, "value": {"rotation": [[0.9999999968914941, 7.578794158574581e-05, 2.1753156131401434e-05], [-7.578742668335266e-05, 0.9999999968479965, -2.3670086854648543e-05], [-2.175494996999531e-05, 2.3668438165344503e-05, 0.9999999994832636]], "center": [102655.28827440651, -59731.174787449374, 609.33163215662]}}, {"key": 1, "value": {"rotation": [[0.9999998732766345, 0.0002422307834038688, -0.0004413286331037341], [-0.00024238668622377977, 0.9999999082355698, -0.0003532386532079897], [0.00044124302732976813, 0.00035334558062927754, 0.999999840225733]], "center": [102653.93009910898, -59737.884797042556, 609.3017741289743]}}, {"key": 2, "value": {"rotation": [[0.9999999856087894, 1.5426180644558144e-05, -0.00016895104140988767], [-1.527474327164576e-05, 0.9999995982033589, 0.0008963034103060283], [0.00016896480006422206, -0.0008963008167233955, 0.9999995840477847]], "center": [102653.26983047274, -59745.27638444405, 609.4100505645356]}}, {"key": 3, "value": {"rotation": [[0.9999994528864751, -0.0010276008300047989, -0.00019561003411827364], [0.0010275691566382227, 0.9999994589363354, -0.00016195266353598054], [0.00019577635097224917, 0.00016175157209166277, 0.9999999677540242]], "center": [102652.75324379928, -59751.39782433116, 609.8199752881519]}}, {"key": 4, "value": {"rotation": [[0.9999985575476474, -0.001665260594072593, 0.00033437969250552216], [0.0016652246735499915, 0.9999986077155747, 0.00010767404306660874], [-0.0003345585322948146, -0.00010711707043767762, 0.9999999382982588]], "center": [102651.92502419041, -59758.29986506291, 609.9024273545117]}}, {"key": 5, "value": {"rotation": [[0.9999977842546123, -0.0019987835103083313, 0.0006605681987579566], [0.0019976094457378507, 0.9999964325436169, 0.0017732615550256673], [-0.0006641102081654047, -0.0017719380686562103, 0.9999982095949532]], "center": [102651.30528151673, -59765.94882067201, 610.029058001897]}}, {"key": 6, "value": {"rotation": [[0.9999962471427714, -0.002400010964843939, 0.001321229633011794], [0.0023964672433624957, 0.9999935446983039, 0.0026772199151258126], [-0.0013276464612275321, -0.002674043584365283, 0.9999955434129609]], "center": [102650.15057503045, -59773.09516156435, 610.003201626826]}}, {"key": 7, "value": {"rotation": [[0.9999953253213535, -0.002597281735345943, 0.0016135250318354468], [0.0025900891079904042, 0.9999867714173692, 0.004443920417843456], [-0.001625045800520864, -0.004439720470333197, 0.9999888239916943]], "center": [102649.67566029917, -59780.79918839051, 610.0763847515595]}}, {"key": 8, "value": {"rotation": [[0.9999926657243062, -0.0026765373094883665, 0.0027394608278505294], [0.002660026602538364, 0.99997838385077, 0.006012993404039206], [-0.0027554956124441533, -0.006005662264409169, 0.9999781693940605]], "center": [102647.909857897, -59788.22852089861, 609.8393666252315]}}, {"key": 9, "value": {"rotation": [[0.9999892497061629, -0.0031996538655304683, 0.0033559927363413407], [0.0031731964009977763, 0.9999640783918323, 0.00785956427387698], [-0.003381020068895625, -0.007848830557178872, 0.9999634816142935]], "center": [102647.20465382421, -59796.11420969952, 609.7120660969704]}}], "structure": [], "control_points": []}