{"sfm_data_version": "0.3", "root_path": "/mnt/ST8000/jialei/SFM_E/ex_sea_12/6-1/images", "views": [{"key": 9, "value": {"polymorphic_id": 1073741824, "ptr_wrapper": {"id": 2147483649, "data": {"local_path": "", "filename": "104926_15025.847656.jpg", "width": 1920, "height": 1080, "id_view": 9, "id_intrinsic": 0, "id_pose": 9}}}}, {"key": 8, "value": {"polymorphic_id": 1073741824, "ptr_wrapper": {"id": 2147483650, "data": {"local_path": "", "filename": "104925_15025.748047.jpg", "width": 1920, "height": 1080, "id_view": 8, "id_intrinsic": 0, "id_pose": 8}}}}, {"key": 7, "value": {"polymorphic_id": 1073741824, "ptr_wrapper": {"id": 2147483651, "data": {"local_path": "", "filename": "104924_15025.647461.jpg", "width": 1920, "height": 1080, "id_view": 7, "id_intrinsic": 0, "id_pose": 7}}}}, {"key": 6, "value": {"polymorphic_id": 1073741824, "ptr_wrapper": {"id": 2147483652, "data": {"local_path": "", "filename": "104923_15025.547852.jpg", "width": 1920, "height": 1080, "id_view": 6, "id_intrinsic": 0, "id_pose": 6}}}}, {"key": 5, "value": {"polymorphic_id": 1073741824, "ptr_wrapper": {"id": 2147483653, "data": {"local_path": "", "filename": "104922_15025.447266.jpg", "width": 1920, "height": 1080, "id_view": 5, "id_intrinsic": 0, "id_pose": 5}}}}, {"key": 4, "value": {"polymorphic_id": 1073741824, "ptr_wrapper": {"id": 2147483654, "data": {"local_path": "", "filename": "104921_15025.347656.jpg", "width": 1920, "height": 1080, "id_view": 4, "id_intrinsic": 0, "id_pose": 4}}}}, {"key": 3, "value": {"polymorphic_id": 1073741824, "ptr_wrapper": {"id": 2147483655, "data": {"local_path": "", "filename": "104920_15025.280047.jpg", "width": 1920, "height": 1080, "id_view": 3, "id_intrinsic": 0, "id_pose": 3}}}}, {"key": 2, "value": {"polymorphic_id": 1073741824, "ptr_wrapper": {"id": 2147483656, "data": {"local_path": "", "filename": "104919_15025.248047.jpg", "width": 1920, "height": 1080, "id_view": 2, "id_intrinsic": 0, "id_pose": 2}}}}, {"key": 1, "value": {"polymorphic_id": 1073741824, "ptr_wrapper": {"id": 2147483657, "data": {"local_path": "", "filename": "104918_15025.147461.jpg", "width": 1920, "height": 1080, "id_view": 1, "id_intrinsic": 0, "id_pose": 1}}}}, {"key": 0, "value": {"polymorphic_id": 1073741824, "ptr_wrapper": {"id": 2147483658, "data": {"local_path": "", "filename": "104917_15025.047852.jpg", "width": 1920, "height": 1080, "id_view": 0, "id_intrinsic": 0, "id_pose": 0}}}}], "intrinsics": [{"key": 0, "value": {"polymorphic_id": 2147483649, "polymorphic_name": "pinhole_radial_k3", "ptr_wrapper": {"id": 2147483659, "data": {"width": 1920, "height": 1080, "focal_length": 1739.13, "principal_point": [960.0, 540.0], "disto_k3": [0.0, 0.0, 0.0]}}}}], "extrinsics": [{"key": 0, "value": {"rotation": [[0.9999990165759256, -0.0008309684261971539, 0.0011297515905755475], [0.0008317176449706409, 0.9999994344288737, -0.0006628632527300929], [-0.0011292001331867816, 0.0006638022351866955, 0.9999991421364579]], "center": [0.0005435391910510398, -0.0014602769802054528, 0.0013505182565090694]}}, {"key": 1, "value": {"rotation": [[0.9999999306711338, 7.150426873585411e-05, 0.0003654379114836337], [-7.158186435320323e-05, 0.9999999748965742, 0.00021232731261531035], [-0.00036542272000067124, -0.00021235345662190403, 0.9999999106861186]], "center": [0.0011332916056279578, -0.010957194023984424, 0.0015826968041519807]}}, {"key": 2, "value": {"rotation": [[0.9999988289517104, -9.001695558350516e-05, 0.0015277408667475375], [8.691498462100554e-05, 0.9999979350094435, 0.002030374998469123], [-0.0015279204801530815, -0.002030239837227985, 0.9999967717873941]], "center": [0.0017783543313853898, -0.02261451830480066, 0.0012782368103904727]}}, {"key": 3, "value": {"rotation": [[0.9999971638114376, -0.000412090917687942, 0.002345751512227448], [0.0004068580423761815, 0.9999974289316861, 0.0022308286690692594], [-0.0023466647853734608, -0.0022298679541503147, 0.9999947604129193]], "center": [0.001975639142089398, -0.032748908786849495, 0.001244622820918315]}}, {"key": 4, "value": {"rotation": [[0.9999915605595621, -0.0015142479519064413, 0.0038191442487521105], [0.0015081361357129975, 0.9999975784635139, 0.001602682908305455], [-0.0038215618598664005, -0.0015969095931095024, 0.9999914227355666]], "center": [0.002880792710182626, -0.04228321382103533, 0.0011630572520429966]}}, {"key": 5, "value": {"rotation": [[0.9999882715748049, -0.0015884739627545336, 0.0045753101867406385], [0.0015788726119492556, 0.9999965457142391, 0.002101361669298497], [-0.004578632340609792, -0.0020941131916903423, 0.9999873253275913]], "center": [0.0029342329849684264, -0.052555539010464364, 0.000934436392438315]}}, {"key": 6, "value": {"rotation": [[0.9999818852468965, -0.0021709542814822257, 0.005613923367085271], [0.002157734796787894, 0.9999948878597609, 0.002359753142033421], [-0.005619017584108628, -0.002347597037892223, 0.9999814575428572]], "center": [0.003030150419050641, -0.06243044991174468, 0.0008790198562880369]}}, {"key": 7, "value": {"rotation": [[0.9999775333305945, -0.0021472124883241362, 0.006349985243379434], [0.002128170887191875, 0.9999932236460788, 0.0030039225354229126], [-0.00635639227361403, -0.002990341193559321, 0.9999753267640207]], "center": [0.0030746818795494898, -0.07287237653330966, 0.0005812069063953968]}}, {"key": 8, "value": {"rotation": [[0.9999694608265315, -0.0029136919504747305, 0.007251745549517717], [0.0028847398166051874, 0.9999878402668522, 0.003999699317151856], [-0.007263311261931657, -0.003978657770514, 0.9999657067079137]], "center": [0.004516806776575127, -0.08357935993675564, 0.0006842281450495224]}}, {"key": 9, "value": {"rotation": [[0.9999626943761818, -0.00333000952361845, 0.007969999529486821], [0.003296795765845753, 0.9999858423734149, 0.0041768637050438075], [-0.007983795689126253, -0.004150432423835115, 0.9999595156390528]], "center": [0.005290353671832604, -0.09388291349305036, 0.0007058932529176131]}}], "structure": [], "control_points": []}