{"sfm_data_version": "0.3", "root_path": "/mnt/ST8000/jialei/SFM_E/ex_sea_12/6-1/images", "views": [{"key": 9, "value": {"polymorphic_id": 1073741824, "ptr_wrapper": {"id": 2147483649, "data": {"local_path": "", "filename": "104926_15025.847656.jpg", "width": 1920, "height": 1080, "id_view": 9, "id_intrinsic": 0, "id_pose": 9}}}}, {"key": 8, "value": {"polymorphic_id": 1073741824, "ptr_wrapper": {"id": 2147483650, "data": {"local_path": "", "filename": "104925_15025.748047.jpg", "width": 1920, "height": 1080, "id_view": 8, "id_intrinsic": 0, "id_pose": 8}}}}, {"key": 7, "value": {"polymorphic_id": 1073741824, "ptr_wrapper": {"id": 2147483651, "data": {"local_path": "", "filename": "104924_15025.647461.jpg", "width": 1920, "height": 1080, "id_view": 7, "id_intrinsic": 0, "id_pose": 7}}}}, {"key": 6, "value": {"polymorphic_id": 1073741824, "ptr_wrapper": {"id": 2147483652, "data": {"local_path": "", "filename": "104923_15025.547852.jpg", "width": 1920, "height": 1080, "id_view": 6, "id_intrinsic": 0, "id_pose": 6}}}}, {"key": 5, "value": {"polymorphic_id": 1073741824, "ptr_wrapper": {"id": 2147483653, "data": {"local_path": "", "filename": "104922_15025.447266.jpg", "width": 1920, "height": 1080, "id_view": 5, "id_intrinsic": 0, "id_pose": 5}}}}, {"key": 4, "value": {"polymorphic_id": 1073741824, "ptr_wrapper": {"id": 2147483654, "data": {"local_path": "", "filename": "104921_15025.347656.jpg", "width": 1920, "height": 1080, "id_view": 4, "id_intrinsic": 0, "id_pose": 4}}}}, {"key": 3, "value": {"polymorphic_id": 1073741824, "ptr_wrapper": {"id": 2147483655, "data": {"local_path": "", "filename": "104920_15025.280047.jpg", "width": 1920, "height": 1080, "id_view": 3, "id_intrinsic": 0, "id_pose": 3}}}}, {"key": 2, "value": {"polymorphic_id": 1073741824, "ptr_wrapper": {"id": 2147483656, "data": {"local_path": "", "filename": "104919_15025.248047.jpg", "width": 1920, "height": 1080, "id_view": 2, "id_intrinsic": 0, "id_pose": 2}}}}, {"key": 1, "value": {"polymorphic_id": 1073741824, "ptr_wrapper": {"id": 2147483657, "data": {"local_path": "", "filename": "104918_15025.147461.jpg", "width": 1920, "height": 1080, "id_view": 1, "id_intrinsic": 0, "id_pose": 1}}}}, {"key": 0, "value": {"polymorphic_id": 1073741824, "ptr_wrapper": {"id": 2147483658, "data": {"local_path": "", "filename": "104917_15025.047852.jpg", "width": 1920, "height": 1080, "id_view": 0, "id_intrinsic": 0, "id_pose": 0}}}}], "intrinsics": [{"key": 0, "value": {"polymorphic_id": 2147483649, "polymorphic_name": "pinhole_radial_k3", "ptr_wrapper": {"id": 2147483659, "data": {"width": 1920, "height": 1080, "focal_length": 1739.13, "principal_point": [960.0, 540.0], "disto_k3": [0.0, 0.0, 0.0]}}}}], "extrinsics": [{"key": 0, "value": {"rotation": [[0.9999999904974026, 5.570822541756686e-05, 0.00012610229354792472], [-5.571134949908401e-05, 0.9999999981413262, 2.4770807653262705e-05], [-0.00012610091337580498, -2.4777832746824616e-05, 0.9999999917423094]], "center": [102655.28827466506, -59731.17478768891, 609.3316322135385]}}, {"key": 1, "value": {"rotation": [[0.999999337179756, 0.0009587066882249314, -0.0006375904130168965], [-0.0009581321099392652, 0.999999135210221, 0.0009008671766653207], [0.0006384535290227122, -0.0009002556837045824, 0.9999993909582122]], "center": [102655.67953114341, -59737.383921511464, 609.4787758120333]}}, {"key": 2, "value": {"rotation": [[0.9999995452816217, 0.0007963854138777407, 0.0005246015849311341], [-0.000797808842111792, 0.9999959859331837, 0.002718753128027486], [-0.0005224343038101576, -0.002719170423543454, 0.9999961665799554]], "center": [102656.10785159131, -59745.00532159337, 609.2740401732735]}}, {"key": 3, "value": {"rotation": [[0.999998986773484, 0.0004737477307722267, 0.0013423915575923328], [-0.00047766442964823364, 0.9999956259628662, 0.002918885374222921], [-0.0013410028705993276, -0.002919523629428529, 0.9999948390332213]], "center": [102656.24269612507, -59751.63136307101, 609.2473710335604]}}, {"key": 4, "value": {"rotation": [[0.9999958397053718, -0.0006294266541454616, 0.002815030024079036], [0.0006229820812101963, 0.9999971847273065, 0.0022896355141693303], [-0.002816463256622733, -0.002287872275347935, 0.9999934165659171]], "center": [102656.83998714876, -59757.86461823618, 609.189155577015]}}, {"key": 5, "value": {"rotation": [[0.9999933754989312, -0.0007041754601995999, 0.0035711475993021775], [0.00069421992754984, 0.9999958718734284, 0.002788242240929537], [-0.00357309626891599, -0.0027857446083881503, 0.9999897362523427]], "center": [102656.88073380067, -59764.58084139579, 609.0350173099005]}}, {"key": 6, "value": {"rotation": [[0.999988548142281, -0.0012873752071418212, 0.0046093653977766404], [0.0012733424076932336, 0.9999945500691118, 0.0030460517375072793], [-0.004613261688540268, -0.003040147554122617, 0.9999847375432498]], "center": [102656.9491365427, -59771.037276290575, 608.9942762908303]}}, {"key": 7, "value": {"rotation": [[0.9999849139527821, -0.0012641433911156218, 0.005345447440107762], [0.0012444265452752517, 0.9999924167030901, 0.0036902491632919594], [-0.005350071908084017, -0.0036835414753279496, 0.9999789039038662]], "center": [102656.98411127088, -59777.86436406029, 608.7948276451103]}}, {"key": 8, "value": {"rotation": [[0.9999784262276564, -0.0020312495648907272, 0.006246687479456844], [0.00200199901884018, 0.9999870200728881, 0.0046852626046258615], [-0.00625612333553567, -0.004672655663632148, 0.9999695131402055]], "center": [102657.93329134362, -59784.86412322494, 608.8564205737061]}}, {"key": 9, "value": {"rotation": [[0.9999727498612675, -0.002448066736321904, 0.0069646610937107375], [0.002414234187896802, 0.9999852660469671, 0.004862012161925978], [-0.006976461006966479, -0.004845065348500495, 0.9999639265161453]], "center": [102658.44504771575, -59791.600459116045, 608.8654404914123]}}], "structure": [], "control_points": []}