{"sfm_data_version": "0.3", "root_path": "/mnt/ST8000/jialei/SFM_E/ex_sea_12/1-5/images", "views": [{"key": 9, "value": {"polymorphic_id": 1073741824, "ptr_wrapper": {"id": 2147483649, "data": {"local_path": "", "filename": "075418_15357.965820.jpg", "width": 1920, "height": 1080, "id_view": 9, "id_intrinsic": 0, "id_pose": 9}}}}, {"key": 8, "value": {"polymorphic_id": 1073741824, "ptr_wrapper": {"id": 2147483650, "data": {"local_path": "", "filename": "075417_15357.866211.jpg", "width": 1920, "height": 1080, "id_view": 8, "id_intrinsic": 0, "id_pose": 8}}}}, {"key": 7, "value": {"polymorphic_id": 1073741824, "ptr_wrapper": {"id": 2147483651, "data": {"local_path": "", "filename": "075416_15357.766602.jpg", "width": 1920, "height": 1080, "id_view": 7, "id_intrinsic": 0, "id_pose": 7}}}}, {"key": 6, "value": {"polymorphic_id": 1073741824, "ptr_wrapper": {"id": 2147483652, "data": {"local_path": "", "filename": "075415_15357.666016.jpg", "width": 1920, "height": 1080, "id_view": 6, "id_intrinsic": 0, "id_pose": 6}}}}, {"key": 5, "value": {"polymorphic_id": 1073741824, "ptr_wrapper": {"id": 2147483653, "data": {"local_path": "", "filename": "075414_15357.566406.jpg", "width": 1920, "height": 1080, "id_view": 5, "id_intrinsic": 0, "id_pose": 5}}}}, {"key": 4, "value": {"polymorphic_id": 1073741824, "ptr_wrapper": {"id": 2147483654, "data": {"local_path": "", "filename": "075413_15357.497820.jpg", "width": 1920, "height": 1080, "id_view": 4, "id_intrinsic": 0, "id_pose": 4}}}}, {"key": 3, "value": {"polymorphic_id": 1073741824, "ptr_wrapper": {"id": 2147483655, "data": {"local_path": "", "filename": "075412_15357.398211.jpg", "width": 1920, "height": 1080, "id_view": 3, "id_intrinsic": 0, "id_pose": 3}}}}, {"key": 2, "value": {"polymorphic_id": 1073741824, "ptr_wrapper": {"id": 2147483656, "data": {"local_path": "", "filename": "075411_15357.299602.jpg", "width": 1920, "height": 1080, "id_view": 2, "id_intrinsic": 0, "id_pose": 2}}}}, {"key": 1, "value": {"polymorphic_id": 1073741824, "ptr_wrapper": {"id": 2147483657, "data": {"local_path": "", "filename": "075410_15357.198016.jpg", "width": 1920, "height": 1080, "id_view": 1, "id_intrinsic": 0, "id_pose": 1}}}}, {"key": 0, "value": {"polymorphic_id": 1073741824, "ptr_wrapper": {"id": 2147483658, "data": {"local_path": "", "filename": "075409_15357.099406.jpg", "width": 1920, "height": 1080, "id_view": 0, "id_intrinsic": 0, "id_pose": 0}}}}], "intrinsics": [{"key": 0, "value": {"polymorphic_id": 2147483649, "polymorphic_name": "pinhole_radial_k3", "ptr_wrapper": {"id": 2147483659, "data": {"width": 1920, "height": 1080, "focal_length": 1739.13, "principal_point": [960.0, 540.0], "disto_k3": [0.0, 0.0, 0.0]}}}}], "extrinsics": [{"key": 0, "value": {"rotation": [[0.9999999981024302, 3.103900505524715e-05, 5.321390729776635e-05], [-3.1036421816174396e-05, 0.9999999983400826, -4.854457369321079e-05], [-5.3215413984704025e-05, 4.854292203182068e-05, 0.9999999974058522]], "center": [102655.28827443844, -59731.17478745629, 609.3316321672221]}}, {"key": 1, "value": {"rotation": [[0.999999603927779, 0.0005257709351602494, 0.0007181289640018696], [-0.0005258868791885996, 0.9999998487168887, 0.00016127365032666418], [-0.000718044062363126, -0.00016165124105036748, 0.9999997291407637]], "center": [102655.1274737238, -59737.69602864507, 609.7415115270841]}}, {"key": 2, "value": {"rotation": [[0.9999993749435054, -0.0006237038211643205, 0.0009279580497770498], [0.0006238798720254548, 0.9999997874429487, -0.00018944118610196082], [-0.000927839697341377, 0.00019002000203984613, 0.9999995515028469]], "center": [102655.71324191008, -59744.403406687205, 610.1837027699247]}}, {"key": 3, "value": {"rotation": [[0.9999993433712067, -0.0011164052431581262, -0.00025864355426493654], [0.0011162331640400091, 0.9999991562275937, -0.0006645055489566985], [0.0002593851935075757, 0.0006642164061103152, 0.9999997457679114]], "center": [102655.83034308991, -59750.59863131651, 610.7129816934205]}}, {"key": 4, "value": {"rotation": [[0.9999976880052859, -0.0015525578340428235, 0.0014877998031607232], [0.0015510987558284256, 0.9999983155231308, 0.0009813478235447858], [-0.0014893208962477326, -0.0009790378302501836, 0.9999984117028361]], "center": [102655.47881128355, -59758.15464711462, 610.2199867614945]}}, {"key": 5, "value": {"rotation": [[0.9999966603545162, -0.0023086206885137846, 0.0011617014807239082], [0.0023074562125099903, 0.9999968350819619, 0.0010027322109129211], [-0.0011640127323610762, -0.0010000482868440012, 0.9999988224881983]], "center": [102655.76280401222, -59764.88377947449, 610.6086160205414]}}, {"key": 6, "value": {"rotation": [[0.9999940338993301, -0.002915010656155335, 0.0018533425532152722], [0.0029116488195678816, 0.9999941157454884, 0.0018140494896226014], [-0.0018586196212690208, -0.0018086423841633598, 0.9999966371672605]], "center": [102655.09266742787, -59771.959803167665, 610.568593307096]}}, {"key": 7, "value": {"rotation": [[0.9999904095134601, -0.004209024240122587, 0.0012103702112286137], [0.004208570120830318, 0.9999910726784592, 0.00037749294416588615], [-0.0012119482828170365, -0.0003723953959187301, 0.9999991962511913]], "center": [102655.7286710704, -59777.98763214718, 611.5059817796064]}}, {"key": 8, "value": {"rotation": [[0.9999852585406069, -0.005348237975306359, 0.0009375777485655251], [0.005348524844188638, 0.9999856504126219, -0.0003037282285152255], [-0.0009359398838658053, 0.00030873840899945623, 0.9999995143484463]], "center": [102655.81259481129, -59784.19405331376, 612.0730350686189]}}, {"key": 9, "value": {"rotation": [[0.999979831711859, -0.006344919205183244, -0.0002795886280492312], [0.006344462412304454, 0.9999785848931988, -0.0016054755353785014], [0.0002897692531867607, 0.0016036693161437766, 0.9999986721383705]], "center": [102656.3513647563, -59790.218518534355, 613.0638604508036]}}], "structure": [], "control_points": []}