{"sfm_data_version": "0.3", "root_path": "/mnt/ST8000/jialei/SFM_E/ex_sea_12/1-5/images", "views": [{"key": 9, "value": {"polymorphic_id": 1073741824, "ptr_wrapper": {"id": 2147483649, "data": {"local_path": "", "filename": "075418_15357.965820.jpg", "width": 1920, "height": 1080, "id_view": 9, "id_intrinsic": 0, "id_pose": 9}}}}, {"key": 8, "value": {"polymorphic_id": 1073741824, "ptr_wrapper": {"id": 2147483650, "data": {"local_path": "", "filename": "075417_15357.866211.jpg", "width": 1920, "height": 1080, "id_view": 8, "id_intrinsic": 0, "id_pose": 8}}}}, {"key": 7, "value": {"polymorphic_id": 1073741824, "ptr_wrapper": {"id": 2147483651, "data": {"local_path": "", "filename": "075416_15357.766602.jpg", "width": 1920, "height": 1080, "id_view": 7, "id_intrinsic": 0, "id_pose": 7}}}}, {"key": 6, "value": {"polymorphic_id": 1073741824, "ptr_wrapper": {"id": 2147483652, "data": {"local_path": "", "filename": "075415_15357.666016.jpg", "width": 1920, "height": 1080, "id_view": 6, "id_intrinsic": 0, "id_pose": 6}}}}, {"key": 5, "value": {"polymorphic_id": 1073741824, "ptr_wrapper": {"id": 2147483653, "data": {"local_path": "", "filename": "075414_15357.566406.jpg", "width": 1920, "height": 1080, "id_view": 5, "id_intrinsic": 0, "id_pose": 5}}}}, {"key": 4, "value": {"polymorphic_id": 1073741824, "ptr_wrapper": {"id": 2147483654, "data": {"local_path": "", "filename": "075413_15357.497820.jpg", "width": 1920, "height": 1080, "id_view": 4, "id_intrinsic": 0, "id_pose": 4}}}}, {"key": 3, "value": {"polymorphic_id": 1073741824, "ptr_wrapper": {"id": 2147483655, "data": {"local_path": "", "filename": "075412_15357.398211.jpg", "width": 1920, "height": 1080, "id_view": 3, "id_intrinsic": 0, "id_pose": 3}}}}, {"key": 2, "value": {"polymorphic_id": 1073741824, "ptr_wrapper": {"id": 2147483656, "data": {"local_path": "", "filename": "075411_15357.299602.jpg", "width": 1920, "height": 1080, "id_view": 2, "id_intrinsic": 0, "id_pose": 2}}}}, {"key": 1, "value": {"polymorphic_id": 1073741824, "ptr_wrapper": {"id": 2147483657, "data": {"local_path": "", "filename": "075410_15357.198016.jpg", "width": 1920, "height": 1080, "id_view": 1, "id_intrinsic": 0, "id_pose": 1}}}}, {"key": 0, "value": {"polymorphic_id": 1073741824, "ptr_wrapper": {"id": 2147483658, "data": {"local_path": "", "filename": "075409_15357.099406.jpg", "width": 1920, "height": 1080, "id_view": 0, "id_intrinsic": 0, "id_pose": 0}}}}], "intrinsics": [{"key": 0, "value": {"polymorphic_id": 2147483649, "polymorphic_name": "pinhole_radial_k3", "ptr_wrapper": {"id": 2147483659, "data": {"width": 1920, "height": 1080, "focal_length": 1739.13, "principal_point": [960.0, 540.0], "disto_k3": [0.0, 0.0, 0.0]}}}}], "extrinsics": [{"key": 0, "value": {"rotation": [[0.9999998491285899, -0.0004503653330245309, 0.00031450574613629297], [0.00045041168217415, 0.9999998877136328, -0.00014731611691385984], [-0.0003144393647495419, 0.00014745775175021802, 0.9999999396920468]], "center": [0.0002521594833963928, -0.0004944915274868628, 0.00023919483962318226]}}, {"key": 1, "value": {"rotation": [[0.9999995194281883, 4.4432480022180565e-05, 0.0009793718124780292], [-4.449358744787565e-05, 0.9999999970649766, 6.237281179313383e-05], [-0.0009793690382248357, -6.241635758390566e-05, 0.9999995184701267]], "center": [-1.5071007942059484e-05, -0.01111729649180243, 0.0009078625039446363]}}, {"key": 2, "value": {"rotation": [[0.9999986822288008, -0.0011050212774142906, 0.0011893143563104747], [0.0011053645850988359, 0.9999993476003792, -0.00028804157670461034], [-0.0011889952883312232, 0.0002893558231016986, 0.9999992512814256]], "center": [0.0009336874776713984, -0.022043895659458156, 0.001629513430617259]}}, {"key": 3, "value": {"rotation": [[0.9999987234490924, -0.0015978399668107645, 2.7614511987927343e-06], [0.0015978416086597559, 0.9999984323827573, -0.0007629772092762806], [-1.542331391186808e-06, 0.0007629806476586643, 0.9999997089290339]], "center": [0.0011193595591061358, -0.03213582358696469, 0.0024927469178629897]}}, {"key": 4, "value": {"rotation": [[0.9999964018504514, -0.002033819003696621, 0.001749247383877269], [0.002032276755668195, 0.9999975450870785, 0.0008829898102080487], [-0.001751038931083344, -0.0008794316782804997, 0.9999980802294497]], "center": [0.0005410039052236598, -0.04444425562998863, 0.0016907320458182209]}}, {"key": 5, "value": {"rotation": [[0.9999950953967155, -0.002789913519746995, 0.0014232234770081968], [0.002788627799533791, 0.9999957026430348, 0.0009045719753065852], [-0.001425741038492364, -0.0009005986981869502, 0.999998578091227]], "center": [0.000998180768064491, -0.05540606420495115, 0.002325006405191864]}}, {"key": 6, "value": {"rotation": [[0.9999919963149325, -0.003396233753911427, 0.0021149237253926113], [0.003392607052296151, 0.9999927726733007, 0.0017160473633850688], [-0.002120736538126739, -0.0017088585235365563, 0.9999962911326633]], "center": [-9.899326986812233e-05, -0.06693227400162821, 0.002260663221895531]}}, {"key": 7, "value": {"rotation": [[0.999987916920443, -0.004690309019821934, 0.001472078262684999], [0.004689901990522004, 0.9999889631963248, 0.00027983005344952845], [-0.0014733745050699533, -0.0002729227694663456, 0.9999988773397345]], "center": [0.0009319201610998012, -0.07675185829169678, 0.0037888945971227806]}}, {"key": 8, "value": {"rotation": [[0.9999822887568242, -0.005829547113931498, 0.0011993969774042248], [0.005830031899611355, 0.9999829247805692, -0.00040109269276904946], [-0.001197038308688135, 0.0004080781115573905, 0.9999992002854512]], "center": [0.001063521872785232, -0.086861993095397, 0.004713649603273015]}}, {"key": 9, "value": {"rotation": [[0.9999767000727116, -0.006826345975545054, -1.767233406347642e-05], [0.0068263059947380475, 0.999975251079323, -0.001702579017616004], [2.9294290117207297e-05, 0.0017024187108887522, 0.9999985504551379]], "center": [0.0019360230747407679, -0.09667601301662132, 0.006328886924446246]}}], "structure": [], "control_points": []}