{"sfm_data_version": "0.3", "root_path": "/mnt/ST8000/jialei/SFM_E/ex_sea_12/1-2/images", "views": [{"key": 9, "value": {"polymorphic_id": 1073741824, "ptr_wrapper": {"id": 2147483649, "data": {"local_path": "", "filename": "038735_11734.566406.jpg", "width": 1920, "height": 1080, "id_view": 9, "id_intrinsic": 0, "id_pose": 9}}}}, {"key": 8, "value": {"polymorphic_id": 1073741824, "ptr_wrapper": {"id": 2147483650, "data": {"local_path": "", "filename": "038734_11734.465820.jpg", "width": 1920, "height": 1080, "id_view": 8, "id_intrinsic": 0, "id_pose": 8}}}}, {"key": 7, "value": {"polymorphic_id": 1073741824, "ptr_wrapper": {"id": 2147483651, "data": {"local_path": "", "filename": "038733_11734.399211.jpg", "width": 1920, "height": 1080, "id_view": 7, "id_intrinsic": 0, "id_pose": 7}}}}, {"key": 6, "value": {"polymorphic_id": 1073741824, "ptr_wrapper": {"id": 2147483652, "data": {"local_path": "", "filename": "038732_11734.299602.jpg", "width": 1920, "height": 1080, "id_view": 6, "id_intrinsic": 0, "id_pose": 6}}}}, {"key": 5, "value": {"polymorphic_id": 1073741824, "ptr_wrapper": {"id": 2147483653, "data": {"local_path": "", "filename": "038731_11734.198016.jpg", "width": 1920, "height": 1080, "id_view": 5, "id_intrinsic": 0, "id_pose": 5}}}}, {"key": 4, "value": {"polymorphic_id": 1073741824, "ptr_wrapper": {"id": 2147483654, "data": {"local_path": "", "filename": "038730_11734.100406.jpg", "width": 1920, "height": 1080, "id_view": 4, "id_intrinsic": 0, "id_pose": 4}}}}, {"key": 3, "value": {"polymorphic_id": 1073741824, "ptr_wrapper": {"id": 2147483655, "data": {"local_path": "", "filename": "038729_11733.998820.jpg", "width": 1920, "height": 1080, "id_view": 3, "id_intrinsic": 0, "id_pose": 3}}}}, {"key": 2, "value": {"polymorphic_id": 1073741824, "ptr_wrapper": {"id": 2147483656, "data": {"local_path": "", "filename": "038728_11733.899211.jpg", "width": 1920, "height": 1080, "id_view": 2, "id_intrinsic": 0, "id_pose": 2}}}}, {"key": 1, "value": {"polymorphic_id": 1073741824, "ptr_wrapper": {"id": 2147483657, "data": {"local_path": "", "filename": "038727_11733.798602.jpg", "width": 1920, "height": 1080, "id_view": 1, "id_intrinsic": 0, "id_pose": 1}}}}, {"key": 0, "value": {"polymorphic_id": 1073741824, "ptr_wrapper": {"id": 2147483658, "data": {"local_path": "", "filename": "038726_11733.699016.jpg", "width": 1920, "height": 1080, "id_view": 0, "id_intrinsic": 0, "id_pose": 0}}}}], "intrinsics": [{"key": 0, "value": {"polymorphic_id": 2147483649, "polymorphic_name": "pinhole_radial_k3", "ptr_wrapper": {"id": 2147483659, "data": {"width": 1920, "height": 1080, "focal_length": 1739.13, "principal_point": [960.0, 540.0], "disto_k3": [0.0, 0.0, 0.0]}}}}], "extrinsics": [{"key": 0, "value": {"rotation": [[0.9999999513766912, 0.00019853893294842463, 0.0002404764178195972], [-0.0001986006928313232, 0.9999999472989846, 0.0002568263867154247], [-0.00024042541510947433, -0.0002568741330108646, 0.9999999381056479]], "center": [102655.2882748208, -59731.17478760397, 609.3316319652808]}}, {"key": 1, "value": {"rotation": [[0.9999984453569122, 0.00162262556232669, 0.0006901956558829048], [-0.0016233257290109043, 0.9999981671920708, 0.0010150990478659085], [-0.0006885472652234896, -0.001016217882115425, 0.9999992466016561]], "center": [102655.09828951355, -59737.83577347537, 610.4505256621168]}}, {"key": 2, "value": {"rotation": [[0.9999994232133118, 0.0007906138940118927, 0.0007269819219308402], [-0.0007916364024535418, 0.9999986964068281, 0.0014073011230713458], [-0.0007258683424212301, -0.0014078758167121491, 0.9999987454996304]], "center": [102655.05665488142, -59745.026106324454, 610.951706516645]}}, {"key": 3, "value": {"rotation": [[0.9999943251161807, 0.0030090020836468123, -0.0015151375831059812], [-0.0030224870320250765, 0.999955129594161, -0.008977937985199563], [0.0014880549641633648, 0.008982466520141206, 0.999958549634753]], "center": [102657.75019957067, -59746.07946645055, 617.6070941651338]}}, {"key": 4, "value": {"rotation": [[0.9999969854368022, 0.0020514375377548044, -0.0013493410751659928], [-0.0020634843943869202, 0.999957478109653, -0.008987992252855641], [0.0013308453939361727, 0.008990749502236304, 0.9999586967839852]], "center": [102658.08411911399, -59752.98539504677, 618.2038517730006]}}, {"key": 5, "value": {"rotation": [[0.9999988521608654, 0.0005722756556587778, -0.0014029175051359299], [-0.0005861277884703647, 0.999950887750236, -0.00989335846570886], [0.0013971868764983937, 0.009894169398659555, 0.9999500753941383]], "center": [102658.15031021557, -59759.37665465119, 619.2567779745285]}}, {"key": 6, "value": {"rotation": [[0.9999988452303753, -0.0006949155124887678, -0.0013515288922261034], [0.0006816086419073879, 0.9999515360475886, -0.009821454359118078], [0.001358288472783546, 0.009820521803828202, 0.9999508549943469]], "center": [102658.49391466544, -59766.53276986861, 620.0320232079587]}}, {"key": 7, "value": {"rotation": [[0.9999963960574889, -0.0024975115131494244, -0.0009850422712518448], [0.002487622803848451, 0.9999477461002072, -0.009915482938418027], [0.001009754831748869, 0.009912996789970865, 0.9999503552126087]], "center": [102658.2777452894, -59773.811106888636, 620.5626917456609]}}, {"key": 8, "value": {"rotation": [[0.999995583843658, -0.002949371030533563, -0.00036538159016742217], [0.0029456870888267266, 0.9999485856952371, -0.009703035281337436], [0.0003939806554940134, 0.009701916131384046, 0.9999528576901129]], "center": [102657.52166508514, -59780.59602764714, 620.4703814462664]}}, {"key": 9, "value": {"rotation": [[0.9999906881025924, -0.0043086696382100085, 0.0002430515451201897], [0.004310868170868876, 0.9999415348919402, -0.009916814688432736], [-0.000200309056729525, 0.009917770107241559, 0.9999507976457551]], "center": [102657.56108009056, -59787.588416594415, 620.7345621732132]}}], "structure": [], "control_points": []}