{"sfm_data_version": "0.3", "root_path": "/mnt/ST8000/jialei/SFM_E/ex_sea_12/1-2/images", "views": [{"key": 9, "value": {"polymorphic_id": 1073741824, "ptr_wrapper": {"id": 2147483649, "data": {"local_path": "", "filename": "038735_11734.566406.jpg", "width": 1920, "height": 1080, "id_view": 9, "id_intrinsic": 0, "id_pose": 9}}}}, {"key": 8, "value": {"polymorphic_id": 1073741824, "ptr_wrapper": {"id": 2147483650, "data": {"local_path": "", "filename": "038734_11734.465820.jpg", "width": 1920, "height": 1080, "id_view": 8, "id_intrinsic": 0, "id_pose": 8}}}}, {"key": 7, "value": {"polymorphic_id": 1073741824, "ptr_wrapper": {"id": 2147483651, "data": {"local_path": "", "filename": "038733_11734.399211.jpg", "width": 1920, "height": 1080, "id_view": 7, "id_intrinsic": 0, "id_pose": 7}}}}, {"key": 6, "value": {"polymorphic_id": 1073741824, "ptr_wrapper": {"id": 2147483652, "data": {"local_path": "", "filename": "038732_11734.299602.jpg", "width": 1920, "height": 1080, "id_view": 6, "id_intrinsic": 0, "id_pose": 6}}}}, {"key": 5, "value": {"polymorphic_id": 1073741824, "ptr_wrapper": {"id": 2147483653, "data": {"local_path": "", "filename": "038731_11734.198016.jpg", "width": 1920, "height": 1080, "id_view": 5, "id_intrinsic": 0, "id_pose": 5}}}}, {"key": 4, "value": {"polymorphic_id": 1073741824, "ptr_wrapper": {"id": 2147483654, "data": {"local_path": "", "filename": "038730_11734.100406.jpg", "width": 1920, "height": 1080, "id_view": 4, "id_intrinsic": 0, "id_pose": 4}}}}, {"key": 3, "value": {"polymorphic_id": 1073741824, "ptr_wrapper": {"id": 2147483655, "data": {"local_path": "", "filename": "038729_11733.998820.jpg", "width": 1920, "height": 1080, "id_view": 3, "id_intrinsic": 0, "id_pose": 3}}}}, {"key": 2, "value": {"polymorphic_id": 1073741824, "ptr_wrapper": {"id": 2147483656, "data": {"local_path": "", "filename": "038728_11733.899211.jpg", "width": 1920, "height": 1080, "id_view": 2, "id_intrinsic": 0, "id_pose": 2}}}}, {"key": 1, "value": {"polymorphic_id": 1073741824, "ptr_wrapper": {"id": 2147483657, "data": {"local_path": "", "filename": "038727_11733.798602.jpg", "width": 1920, "height": 1080, "id_view": 1, "id_intrinsic": 0, "id_pose": 1}}}}, {"key": 0, "value": {"polymorphic_id": 1073741824, "ptr_wrapper": {"id": 2147483658, "data": {"local_path": "", "filename": "038726_11733.699016.jpg", "width": 1920, "height": 1080, "id_view": 0, "id_intrinsic": 0, "id_pose": 0}}}}], "intrinsics": [{"key": 0, "value": {"polymorphic_id": 2147483649, "polymorphic_name": "pinhole_radial_k3", "ptr_wrapper": {"id": 2147483659, "data": {"width": 1920, "height": 1080, "focal_length": 1739.13, "principal_point": [960.0, 540.0], "disto_k3": [0.0, 0.0, 0.0]}}}}], "extrinsics": [{"key": 0, "value": {"rotation": [[0.9999993865532782, -0.0011071090967817241, 3.467729713079644e-05], [0.0011071035723134502, 0.9999993745317627, 0.00015892691216690962], [-3.4853224871442125e-05, -0.00015888842331418247, 0.9999999867698608]], "center": [-0.0003255789827336343, -0.0012063708292748808, 0.0006462944758324072]}}, {"key": 1, "value": {"rotation": [[0.999999832495853, 0.00031702220308269636, 0.0004842573578935713], [-0.00031746640954169805, 0.9999995287108108, 0.0009174929074315357], [-0.0004839662640455135, -0.0009176464891923596, 0.9999994618506434]], "center": [-0.0006382512137282878, -0.011700571849664464, 0.002410266383489739]}}, {"key": 2, "value": {"rotation": [[0.999999731608864, -0.0005149864358521396, 0.0005211249092697688], [0.000514303638755577, 0.9999990103191342, 0.0013095237758574394], [-0.0005217987805044382, -0.0013092554079558111, 0.9999990067876616]], "center": [-0.0007184778124541449, -0.023029189534492612, 0.0032010291718218608]}}, {"key": 3, "value": {"rotation": [[0.9999970682886061, 0.0017031875173584181, -0.0017212107581529442], [-0.0017187403224802025, 0.9999573419589977, -0.009075251732045328], [0.001705680479206891, 0.009078183440359926, 0.9999573377097277]], "center": [0.0035253479962651015, -0.02469333550890302, 0.013686270851121366]}}, {"key": 4, "value": {"rotation": [[0.9999985125002554, 0.0007456365123537643, -0.0015553210177602355], [-0.0007597375264959148, 0.9999584373481336, -0.00908550357271011], [0.0015484818912972665, 0.009086671693768828, 0.999957516398253]], "center": [0.004037444524316753, -0.0355746159021871, 0.0146274547553922]}}, {"key": 5, "value": {"rotation": [[0.9999984369213036, -0.0007335317720878686, -0.0016087529608535692], [0.0007174227625612174, 0.9999498296235343, -0.009991173126558853], [0.0016160010920406392, 0.009990003353575558, 0.9999487928756483]], "center": [0.004128926324726211, -0.045644384917156944, 0.016287366337940153]}}, {"key": 6, "value": {"rotation": [[0.9999967860623463, -0.002000716825795, -0.0015572402387169337], [0.001985173737529217, 0.9999488296961052, -0.009919529959726104], [0.0015770067247550792, 0.009916406686550352, 0.9999495876934082]], "center": [0.004655825214866833, -0.05691984109120245, 0.017509803400241348]}}, {"key": 7, "value": {"rotation": [[0.9999920587921276, -0.0038032722882020364, -0.0011905765764028394], [0.003791162012276907, 0.999942672506994, -0.010013929806410884], [0.0012285940253612174, 0.010009336615023547, 0.9999491505757923]], "center": [0.004300437684207548, -0.06838675079438437, 0.01834709592505876]}}, {"key": 8, "value": {"rotation": [[0.9999907842007578, -0.00425506983454913, -0.0005708714889979263], [0.004249270737866651, 0.9999429347699611, -0.00980157649739927], [0.0006125453045701842, 0.009799060380524787, 0.9999518004403558]], "center": [0.003095202707268866, -0.07907524015464856, 0.01820294777118603]}}, {"key": 9, "value": {"rotation": [[0.999984238974878, -0.005614301458236167, 3.769576810263237e-05], [0.005614397402690409, 0.9999340806146263, -0.01001563613491039], [1.853751733662218e-05, 0.010015689917240257, 0.999949841547986]], "center": [0.0031430047527934778, -0.09009218910966742, 0.01862024617674578]}}], "structure": [], "control_points": []}