{"sfm_data_version": "0.3", "root_path": "/mnt/ST8000/jialei/SFM_E/ex_sea_12/1-2/images", "views": [{"key": 9, "value": {"polymorphic_id": 1073741824, "ptr_wrapper": {"id": 2147483649, "data": {"local_path": "", "filename": "038735_11734.566406.jpg", "width": 1920, "height": 1080, "id_view": 9, "id_intrinsic": 0, "id_pose": 9}}}}, {"key": 8, "value": {"polymorphic_id": 1073741824, "ptr_wrapper": {"id": 2147483650, "data": {"local_path": "", "filename": "038734_11734.465820.jpg", "width": 1920, "height": 1080, "id_view": 8, "id_intrinsic": 0, "id_pose": 8}}}}, {"key": 7, "value": {"polymorphic_id": 1073741824, "ptr_wrapper": {"id": 2147483651, "data": {"local_path": "", "filename": "038733_11734.399211.jpg", "width": 1920, "height": 1080, "id_view": 7, "id_intrinsic": 0, "id_pose": 7}}}}, {"key": 6, "value": {"polymorphic_id": 1073741824, "ptr_wrapper": {"id": 2147483652, "data": {"local_path": "", "filename": "038732_11734.299602.jpg", "width": 1920, "height": 1080, "id_view": 6, "id_intrinsic": 0, "id_pose": 6}}}}, {"key": 5, "value": {"polymorphic_id": 1073741824, "ptr_wrapper": {"id": 2147483653, "data": {"local_path": "", "filename": "038731_11734.198016.jpg", "width": 1920, "height": 1080, "id_view": 5, "id_intrinsic": 0, "id_pose": 5}}}}, {"key": 4, "value": {"polymorphic_id": 1073741824, "ptr_wrapper": {"id": 2147483654, "data": {"local_path": "", "filename": "038730_11734.100406.jpg", "width": 1920, "height": 1080, "id_view": 4, "id_intrinsic": 0, "id_pose": 4}}}}, {"key": 3, "value": {"polymorphic_id": 1073741824, "ptr_wrapper": {"id": 2147483655, "data": {"local_path": "", "filename": "038729_11733.998820.jpg", "width": 1920, "height": 1080, "id_view": 3, "id_intrinsic": 0, "id_pose": 3}}}}, {"key": 2, "value": {"polymorphic_id": 1073741824, "ptr_wrapper": {"id": 2147483656, "data": {"local_path": "", "filename": "038728_11733.899211.jpg", "width": 1920, "height": 1080, "id_view": 2, "id_intrinsic": 0, "id_pose": 2}}}}, {"key": 1, "value": {"polymorphic_id": 1073741824, "ptr_wrapper": {"id": 2147483657, "data": {"local_path": "", "filename": "038727_11733.798602.jpg", "width": 1920, "height": 1080, "id_view": 1, "id_intrinsic": 0, "id_pose": 1}}}}, {"key": 0, "value": {"polymorphic_id": 1073741824, "ptr_wrapper": {"id": 2147483658, "data": {"local_path": "", "filename": "038726_11733.699016.jpg", "width": 1920, "height": 1080, "id_view": 0, "id_intrinsic": 0, "id_pose": 0}}}}], "intrinsics": [{"key": 0, "value": {"polymorphic_id": 2147483649, "polymorphic_name": "pinhole_radial_k3", "ptr_wrapper": {"id": 2147483659, "data": {"width": 1920, "height": 1080, "focal_length": 1739.13, "principal_point": [960.0, 540.0], "disto_k3": [0.0, 0.0, 0.0]}}}}], "extrinsics": [{"key": 0, "value": {"rotation": [[0.999999909578369, -0.000420419251189771, 6.396019809720446e-05], [0.00042041211035083535, 0.9999999053975854, 0.0001116175499936151], [-6.400711821320322e-05, -0.00011159065025911372, 0.9999999917253075]], "center": [102655.28827438873, -59731.17478747972, 609.3316320817539]}}, {"key": 1, "value": {"rotation": [[0.9999993612602419, 0.0009264699710933609, 0.0006474044337856434], [-0.0009271541597870749, 0.999999011231111, 0.0010573182889014134], [-0.0006464242200077322, -0.0010579178572640356, 0.999999231472472]], "center": [102655.40856571266, -59737.12376038559, 610.377799543783]}}, {"key": 2, "value": {"rotation": [[0.9999997547557059, 3.945844586842299e-05, 0.0006992364116053904], [-4.0483603283796845e-05, 0.9999989243726877, 0.0014661563850943572], [-0.0006991778072352586, -0.0014661843331373648, 0.9999986807260772]], "center": [102655.46261018154, -59743.77465382121, 610.9015889785578]}}, {"key": 3, "value": {"rotation": [[0.9999953654766067, -0.0014918844738579173, 0.002653922761635575], [0.001488618932209703, 0.9999981330825939, 0.0012320085232418107], [-0.0026557558213684525, -0.0012280521338018783, 0.9999957194153253]], "center": [102654.34627912435, -59749.88990442072, 610.3950326784534]}}, {"key": 4, "value": {"rotation": [[0.9999929726020393, -0.002444722882261401, 0.002842195729739953], [0.002441254714329888, 0.9999962721781629, 0.0012230720327065668], [-0.00284517520672565, -0.0012161249139683683, 0.9999952129976607]], "center": [102654.74648644992, -59756.226970782525, 611.0087631752943]}}, {"key": 5, "value": {"rotation": [[0.9999890596714626, -0.003807636216405571, 0.002717065296965185], [0.0038073537306073063, 0.9999927460475656, 0.00010913211663581395], [-0.002717461122902393, -9.878609399989191e-05, 0.999996302816342]], "center": [102655.03850859104, -59761.933877115094, 612.0457784118156]}}, {"key": 6, "value": {"rotation": [[0.9999831766308344, -0.005075444038988763, 0.0028082598015943703], [0.005074868446856982, 0.9999871002889236, 0.00021205187464086296], [-0.00280929983327736, -0.0001977967581561906, 0.9999960343475814]], "center": [102655.4766762752, -59768.52914270506, 612.8023410558842]}}, {"key": 7, "value": {"rotation": [[0.9999711536545943, -0.00686697393945822, 0.003246001789118794], [0.0068666661079067525, 0.9999764185554904, 0.00010596932201695142], [-0.0032466529322803485, -8.367705471770027e-05, 0.9999947261075369]], "center": [102655.36691875923, -59775.202907209255, 613.3852728201846]}}, {"key": 8, "value": {"rotation": [[0.9999652344328595, -0.007352022466500452, 0.003934169707715226], [0.007350732551705678, 0.9999729244368436, 0.0003422341007618511], [-0.003936579300652371, -0.0003133031734647889, 0.9999922025618656]], "center": [102654.62185394672, -59781.49372118363, 613.400530015984]}}, {"key": 9, "value": {"rotation": [[0.9999515991032738, -0.008676157803093812, 0.004639368123205947], [0.008675682101052736, 0.9999623580398924, 0.00012265145455472707], [-0.004640257631670553, -8.239583512760718e-05, 0.9999892305520284]], "center": [102654.67277142355, -59787.93365254493, 613.7417741283487]}}], "structure": [], "control_points": []}