{"sfm_data_version": "0.3", "root_path": "/mnt/ST8000/jialei/SFM_E/ex_sea_12/1-2/images", "views": [{"key": 9, "value": {"polymorphic_id": 1073741824, "ptr_wrapper": {"id": 2147483649, "data": {"local_path": "", "filename": "038735_11734.566406.jpg", "width": 1920, "height": 1080, "id_view": 9, "id_intrinsic": 0, "id_pose": 9}}}}, {"key": 8, "value": {"polymorphic_id": 1073741824, "ptr_wrapper": {"id": 2147483650, "data": {"local_path": "", "filename": "038734_11734.465820.jpg", "width": 1920, "height": 1080, "id_view": 8, "id_intrinsic": 0, "id_pose": 8}}}}, {"key": 7, "value": {"polymorphic_id": 1073741824, "ptr_wrapper": {"id": 2147483651, "data": {"local_path": "", "filename": "038733_11734.399211.jpg", "width": 1920, "height": 1080, "id_view": 7, "id_intrinsic": 0, "id_pose": 7}}}}, {"key": 6, "value": {"polymorphic_id": 1073741824, "ptr_wrapper": {"id": 2147483652, "data": {"local_path": "", "filename": "038732_11734.299602.jpg", "width": 1920, "height": 1080, "id_view": 6, "id_intrinsic": 0, "id_pose": 6}}}}, {"key": 5, "value": {"polymorphic_id": 1073741824, "ptr_wrapper": {"id": 2147483653, "data": {"local_path": "", "filename": "038731_11734.198016.jpg", "width": 1920, "height": 1080, "id_view": 5, "id_intrinsic": 0, "id_pose": 5}}}}, {"key": 4, "value": {"polymorphic_id": 1073741824, "ptr_wrapper": {"id": 2147483654, "data": {"local_path": "", "filename": "038730_11734.100406.jpg", "width": 1920, "height": 1080, "id_view": 4, "id_intrinsic": 0, "id_pose": 4}}}}, {"key": 3, "value": {"polymorphic_id": 1073741824, "ptr_wrapper": {"id": 2147483655, "data": {"local_path": "", "filename": "038729_11733.998820.jpg", "width": 1920, "height": 1080, "id_view": 3, "id_intrinsic": 0, "id_pose": 3}}}}, {"key": 2, "value": {"polymorphic_id": 1073741824, "ptr_wrapper": {"id": 2147483656, "data": {"local_path": "", "filename": "038728_11733.899211.jpg", "width": 1920, "height": 1080, "id_view": 2, "id_intrinsic": 0, "id_pose": 2}}}}, {"key": 1, "value": {"polymorphic_id": 1073741824, "ptr_wrapper": {"id": 2147483657, "data": {"local_path": "", "filename": "038727_11733.798602.jpg", "width": 1920, "height": 1080, "id_view": 1, "id_intrinsic": 0, "id_pose": 1}}}}, {"key": 0, "value": {"polymorphic_id": 1073741824, "ptr_wrapper": {"id": 2147483658, "data": {"local_path": "", "filename": "038726_11733.699016.jpg", "width": 1920, "height": 1080, "id_view": 0, "id_intrinsic": 0, "id_pose": 0}}}}], "intrinsics": [{"key": 0, "value": {"polymorphic_id": 2147483649, "polymorphic_name": "pinhole_radial_k3", "ptr_wrapper": {"id": 2147483659, "data": {"width": 1920, "height": 1080, "focal_length": 1739.13, "principal_point": [960.0, 540.0], "disto_k3": [0.0, 0.0, 0.0]}}}}], "extrinsics": [{"key": 0, "value": {"rotation": [[0.9999989952013415, -0.0014165876248909057, -5.362656376296498e-05], [0.00141659225104607, 0.9999989929065453, 8.632664431852011e-05], [5.350422049996762e-05, -8.64025245522981e-05, 0.999999994835951]], "center": [-0.00034990680038226815, -0.0010845961648749498, 0.00059754196545682]}}, {"key": 1, "value": {"rotation": [[0.9999998572366664, -6.968386647811328e-05, 0.0005297837347250613], [6.913700377618229e-05, 0.9999994649060598, 0.0010321858692241839], [-0.0005298553779432892, -0.001032149094205819, 0.9999993269605364]], "center": [-0.00016892218902222664, -0.010488966864959034, 0.0022515545159297267]}}, {"key": 2, "value": {"rotation": [[0.9999993732166459, -0.0009566940410536105, 0.0005816380553687963], [0.0009558551162236833, 0.999998505044598, 0.0014409196945144383], [-0.0005830157051312243, -0.0014403628296589482, 0.9999987927230746]], "center": [-9.386405272531033e-05, -0.021002860163096528, 0.0030798242090373062]}}, {"key": 3, "value": {"rotation": [[0.9999936883810234, -0.0024879827178660636, 0.0025363635607713432], [0.002484928553130163, 0.9999961846255939, 0.0012065920358707515], [-0.002539355863727476, -0.0012002817380882612, 0.9999960554899939]], "center": [-0.0018683006186286065, -0.030668199342023684, 0.0022795037937292607]}}, {"key": 4, "value": {"rotation": [[0.99999036846631, -0.0034408135392529487, 0.002724660859949798], [0.0034375609510823406, 0.9999933745101104, 0.0011975435648961953], [-0.0027287633318487446, -0.0011881658429378824, 0.9999955710464966]], "center": [-0.0012455122868144214, -0.040686531792978715, 0.003249876820397919]}}, {"key": 5, "value": {"rotation": [[0.9999850831298308, -0.0048037254425901624, 0.0025995652901636772], [0.0048035247431049335, 0.9999884595270548, 8.344309621679589e-05], [-0.0025999361276750356, -7.095477531433468e-05, 0.9999966176430559]], "center": [-0.0007926736116473363, -0.049708510934797265, 0.004889379809028935]}}, {"key": 6, "value": {"rotation": [[0.9999779478699673, -0.0060715244840061034, 0.0026907924872938745], [0.0060710453032336515, 0.9999815536965145, 0.0001862139395697972], [-0.0026918734546123486, -0.0001698739100638087, 0.9999963624734639]], "center": [-0.00011025703653270676, -0.06013506258345796, 0.006085547326022867]}}, {"key": 7, "value": {"rotation": [[0.9999641917245343, -0.007863030520096527, 0.003128581106367063], [0.007862818944358141, 0.9999690843675572, 7.992094661817651e-05], [-0.0031291128051459094, -5.531861799475907e-05, 0.9999951027844604]], "center": [-0.0002941644760239563, -0.07068485050119866, 0.007007341482198682]}}, {"key": 8, "value": {"rotation": [[0.9999578702602978, -0.008348055620019518, 0.003816761959407694], [0.008346909453947116, 0.9999651139740298, 0.0003161288869033366], [-0.003819267869281745, -0.0002842574019931532, 0.9999926661684437]], "center": [-0.001481877414829357, -0.08062828674528318, 0.0070318498148791144]}}, {"key": 9, "value": {"rotation": [[0.9999429988244053, -0.009672158998455844, 0.004521995396396289], [0.00967182198296962, 0.9999532221900999, 9.639069839487874e-05], [-0.004522716173516036, -5.264926952995619e-05, 0.9999897710809188]], "center": [-0.0014114642014618258, -0.09080869045649459, 0.00757154123185056]}}], "structure": [], "control_points": []}