{"sfm_data_version": "0.3", "root_path": "/mnt/ST8000/jialei/SFM_E/ex_sea_12/6-1/images", "views": [{"key": 9, "value": {"polymorphic_id": 1073741824, "ptr_wrapper": {"id": 2147483649, "data": {"local_path": "", "filename": "104926_15025.847656.jpg", "width": 1920, "height": 1080, "id_view": 9, "id_intrinsic": 0, "id_pose": 9}}}}, {"key": 8, "value": {"polymorphic_id": 1073741824, "ptr_wrapper": {"id": 2147483650, "data": {"local_path": "", "filename": "104925_15025.748047.jpg", "width": 1920, "height": 1080, "id_view": 8, "id_intrinsic": 0, "id_pose": 8}}}}, {"key": 7, "value": {"polymorphic_id": 1073741824, "ptr_wrapper": {"id": 2147483651, "data": {"local_path": "", "filename": "104924_15025.647461.jpg", "width": 1920, "height": 1080, "id_view": 7, "id_intrinsic": 0, "id_pose": 7}}}}, {"key": 6, "value": {"polymorphic_id": 1073741824, "ptr_wrapper": {"id": 2147483652, "data": {"local_path": "", "filename": "104923_15025.547852.jpg", "width": 1920, "height": 1080, "id_view": 6, "id_intrinsic": 0, "id_pose": 6}}}}, {"key": 5, "value": {"polymorphic_id": 1073741824, "ptr_wrapper": {"id": 2147483653, "data": {"local_path": "", "filename": "104922_15025.447266.jpg", "width": 1920, "height": 1080, "id_view": 5, "id_intrinsic": 0, "id_pose": 5}}}}, {"key": 4, "value": {"polymorphic_id": 1073741824, "ptr_wrapper": {"id": 2147483654, "data": {"local_path": "", "filename": "104921_15025.347656.jpg", "width": 1920, "height": 1080, "id_view": 4, "id_intrinsic": 0, "id_pose": 4}}}}, {"key": 3, "value": {"polymorphic_id": 1073741824, "ptr_wrapper": {"id": 2147483655, "data": {"local_path": "", "filename": "104920_15025.280047.jpg", "width": 1920, "height": 1080, "id_view": 3, "id_intrinsic": 0, "id_pose": 3}}}}, {"key": 2, "value": {"polymorphic_id": 1073741824, "ptr_wrapper": {"id": 2147483656, "data": {"local_path": "", "filename": "104919_15025.248047.jpg", "width": 1920, "height": 1080, "id_view": 2, "id_intrinsic": 0, "id_pose": 2}}}}, {"key": 1, "value": {"polymorphic_id": 1073741824, "ptr_wrapper": {"id": 2147483657, "data": {"local_path": "", "filename": "104918_15025.147461.jpg", "width": 1920, "height": 1080, "id_view": 1, "id_intrinsic": 0, "id_pose": 1}}}}, {"key": 0, "value": {"polymorphic_id": 1073741824, "ptr_wrapper": {"id": 2147483658, "data": {"local_path": "", "filename": "104917_15025.047852.jpg", "width": 1920, "height": 1080, "id_view": 0, "id_intrinsic": 0, "id_pose": 0}}}}], "intrinsics": [{"key": 0, "value": {"polymorphic_id": 2147483649, "polymorphic_name": "pinhole_radial_k3", "ptr_wrapper": {"id": 2147483659, "data": {"width": 1920, "height": 1080, "focal_length": 1739.13, "principal_point": [960.0, 540.0], "disto_k3": [0.0, 0.0, 0.0]}}}}], "extrinsics": [{"key": 0, "value": {"rotation": [[0.9999999485732386, 0.00017631606387746854, 0.00026789207928164976], [-0.0001763506258417703, 0.9999999761301972, 0.00012899636257550994], [-0.0002678693287562145, -0.00012904359887748438, 0.9999999557968852]], "center": [102655.28827507948, -59731.17478816521, 609.3316322782324]}}, {"key": 1, "value": {"rotation": [[0.9999991797256165, 0.0012044580871328574, -0.0004356934825979337], [-0.0012040196627483557, 0.9999987700198862, 0.0010051345015295201], [0.00043690358908262663, -0.0010046090935234132, 0.9999993999377316]], "center": [102655.6710539242, -59737.57452570546, 609.4131373272637]}}, {"key": 2, "value": {"rotation": [[0.9999989730656819, 0.0012799263585589488, 0.000644713966242736], [-0.001281726495601776, 0.9999952599295299, 0.0027995170409909854], [-0.0006411277346010686, -0.0028003405130433844, 0.9999958735156057]], "center": [102656.20129140581, -59745.29290535081, 608.9389703880331]}}, {"key": 3, "value": {"rotation": [[0.9999985548217251, 0.0009730877760479448, 0.001394078420134895], [-0.000977226044208989, 0.999995109491764, 0.002970862133134666], [-0.0013911806927567934, -0.002972220169448949, 0.9999946152472745]], "center": [102656.37663084832, -59752.036950414535, 608.7897395131162]}}, {"key": 4, "value": {"rotation": [[0.9999962178097628, -0.00024803121818051983, 0.0027391324693280027], [0.00024171883624853397, 0.9999973151703228, 0.002304609327140919], [-0.0027396967302826787, -0.002303938510757093, 0.9999935929440573]], "center": [102657.04647205901, -59758.4217618553, 608.5399042721892]}}, {"key": 5, "value": {"rotation": [[0.9999940205510502, -0.000259655032244678, 0.0034483969333681153], [0.0002500578613824207, 0.9999960955671301, 0.002783221436029191], [-0.003449106146785482, -0.0027823424951362447, 0.9999901810703083]], "center": [102657.14698116835, -59765.24201749535, 608.2490974944533]}}, {"key": 6, "value": {"rotation": [[0.9999899833830794, -0.0008132897478704183, 0.00440132858288704], [0.0008000075802450002, 0.999995123758913, 0.0030186828699219482], [-0.004403762184777906, -0.0030151315367024545, 0.9999857578287985]], "center": [102657.2616030122, -59771.81410176691, 608.0426902040745]}}, {"key": 7, "value": {"rotation": [[0.999986758718047, -0.0007048602255594489, 0.005097603420883999], [0.0006862617741879468, 0.9999931058071371, 0.003649298970306366], [-0.005100140522718167, -0.003645752358541904, 0.9999803483351004]], "center": [102657.36663696992, -59778.75018057636, 607.6927116103631]}}, {"key": 8, "value": {"rotation": [[0.9999816741902576, -0.0013447133397041975, 0.005902798462041725], [0.0013173573349337087, 0.9999883866321801, 0.00463585703218449], [-0.005908963809464084, -0.004627995981499771, 0.9999718325032428]], "center": [102658.37874027611, -59785.90976900758, 607.5590828741806]}}, {"key": 9, "value": {"rotation": [[0.9999769080986718, -0.0017463735679810939, 0.006567606016005005], [0.001714873644332952, 0.9999870151190487, 0.0047988333666067915], [-0.006575901292171246, -0.0047874599379568545, 0.9999669183275707]], "center": [102658.92863685511, -59792.82117764765, 607.4473870528788]}}], "structure": [], "control_points": []}