{"sfm_data_version": "0.3", "root_path": "/mnt/ST8000/jialei/SFM_E/ex_sea_12/6-1/images", "views": [{"key": 9, "value": {"polymorphic_id": 1073741824, "ptr_wrapper": {"id": 2147483649, "data": {"local_path": "", "filename": "104926_15025.847656.jpg", "width": 1920, "height": 1080, "id_view": 9, "id_intrinsic": 0, "id_pose": 9}}}}, {"key": 8, "value": {"polymorphic_id": 1073741824, "ptr_wrapper": {"id": 2147483650, "data": {"local_path": "", "filename": "104925_15025.748047.jpg", "width": 1920, "height": 1080, "id_view": 8, "id_intrinsic": 0, "id_pose": 8}}}}, {"key": 7, "value": {"polymorphic_id": 1073741824, "ptr_wrapper": {"id": 2147483651, "data": {"local_path": "", "filename": "104924_15025.647461.jpg", "width": 1920, "height": 1080, "id_view": 7, "id_intrinsic": 0, "id_pose": 7}}}}, {"key": 6, "value": {"polymorphic_id": 1073741824, "ptr_wrapper": {"id": 2147483652, "data": {"local_path": "", "filename": "104923_15025.547852.jpg", "width": 1920, "height": 1080, "id_view": 6, "id_intrinsic": 0, "id_pose": 6}}}}, {"key": 5, "value": {"polymorphic_id": 1073741824, "ptr_wrapper": {"id": 2147483653, "data": {"local_path": "", "filename": "104922_15025.447266.jpg", "width": 1920, "height": 1080, "id_view": 5, "id_intrinsic": 0, "id_pose": 5}}}}, {"key": 4, "value": {"polymorphic_id": 1073741824, "ptr_wrapper": {"id": 2147483654, "data": {"local_path": "", "filename": "104921_15025.347656.jpg", "width": 1920, "height": 1080, "id_view": 4, "id_intrinsic": 0, "id_pose": 4}}}}, {"key": 3, "value": {"polymorphic_id": 1073741824, "ptr_wrapper": {"id": 2147483655, "data": {"local_path": "", "filename": "104920_15025.280047.jpg", "width": 1920, "height": 1080, "id_view": 3, "id_intrinsic": 0, "id_pose": 3}}}}, {"key": 2, "value": {"polymorphic_id": 1073741824, "ptr_wrapper": {"id": 2147483656, "data": {"local_path": "", "filename": "104919_15025.248047.jpg", "width": 1920, "height": 1080, "id_view": 2, "id_intrinsic": 0, "id_pose": 2}}}}, {"key": 1, "value": {"polymorphic_id": 1073741824, "ptr_wrapper": {"id": 2147483657, "data": {"local_path": "", "filename": "104918_15025.147461.jpg", "width": 1920, "height": 1080, "id_view": 1, "id_intrinsic": 0, "id_pose": 1}}}}, {"key": 0, "value": {"polymorphic_id": 1073741824, "ptr_wrapper": {"id": 2147483658, "data": {"local_path": "", "filename": "104917_15025.047852.jpg", "width": 1920, "height": 1080, "id_view": 0, "id_intrinsic": 0, "id_pose": 0}}}}], "intrinsics": [{"key": 0, "value": {"polymorphic_id": 2147483649, "polymorphic_name": "pinhole_radial_k3", "ptr_wrapper": {"id": 2147483659, "data": {"width": 1920, "height": 1080, "focal_length": 1739.13, "principal_point": [960.0, 540.0], "disto_k3": [0.0, 0.0, 0.0]}}}}], "extrinsics": [{"key": 0, "value": {"rotation": [[0.9999989823912291, -0.0007705609199365861, 0.0012006050037579395], [0.0007712947484136589, 0.999999515969485, -0.0006108724963531831], [-0.001200133708155733, 0.0006117978950582793, 0.9999990926907975]], "center": [0.00028041189571589517, -0.001653212719203131, 0.001606789350215985]}}, {"key": 1, "value": {"rotation": [[0.9999998438237108, 0.0002570600215838038, 0.0004962587022282252], [-0.0002571912090476686, 0.999999931997175, 0.0002643072593965743], [-0.0004961907256514438, -0.00026443485149364087, 0.9999998419344741]], "center": [0.0008359856182454712, -0.011093842656247091, 0.0017345262401290465]}}, {"key": 2, "value": {"rotation": [[0.9999987015966387, 0.0003333285707025323, 0.0015766093684211123], [-0.0003365739199484756, 0.999997824401289, 0.0020586186353233438], [-0.0015759197419444395, -0.002059146608001261, 0.9999966381904561]], "center": [0.0016079944916936773, -0.022480400461379883, 0.0010442390448467693]}}, {"key": 3, "value": {"rotation": [[0.9999972940276874, 2.704557618380599e-05, 0.0023261998709094727], [-3.223359820190452e-05, 0.9999975124748494, 0.002230247768610058], [-0.0023261337660928304, -0.002230316715413204, 0.9999948073810441]], "center": [0.0018574125304260905, -0.03242887700090546, 0.0008317100845378945]}}, {"key": 4, "value": {"rotation": [[0.9999925459015074, -0.001193074191662207, 0.0036721540537665246], [0.0011873333381517519, 0.999998070300562, 0.001565130888137549], [-0.003674014284882105, -0.0015607591505667894, 0.9999920327932161]], "center": [0.002836905261172048, -0.04184825260830853, 0.0004710691783035375]}}, {"key": 5, "value": {"rotation": [[0.9999896764926394, -0.00120417064378906, 0.004381424563651364], [0.0011952250654017403, 0.9999971972548265, 0.002043751338994766], [-0.0043838733090004285, -0.0020384934518520455, 0.9999883130313362]], "center": [0.00297603001620742, -0.05190919667453587, 4.9683305857553604e-05]}}, {"key": 6, "value": {"rotation": [[0.9999842263444103, -0.0017570954062970953, 0.0053347612977678], [0.001744953893721016, 0.9999958789833667, 0.00227972634193819], [-0.005338745009810756, -0.0022703814698213113, 0.9999831714432508]], "center": [0.00313620321586175, -0.06160399333100772, -0.0002474571538572789]}}, {"key": 7, "value": {"rotation": [[0.9999804554207192, -0.001648147255739365, 0.006030952428439121], [0.0016306184516454273, 0.9999944357854461, 0.002910237381059735], [-0.0060357153706789395, -0.0029003463193835754, 0.9999775788142411]], "center": [0.003281921960653621, -0.07183585787512652, -0.000755994134284791]}}, {"key": 8, "value": {"rotation": [[0.9999740139103246, -0.002287398774447838, 0.00683661545798765], [0.0022607893695455595, 0.999989849551687, 0.0038973869480225195], [-0.006845460941404194, -0.0038818295226245637, 0.9999690350526145]], "center": [0.004765038805138714, -0.08239844991337193, -0.0009439037236383549]}}, {"key": 9, "value": {"rotation": [[0.9999682474479709, -0.0026885618502681874, 0.007501715204586138], [0.00265815211069256, 0.9999882222599431, 0.004060735001999653], [-0.007512544388544813, -0.0040406653631952175, 0.9999636166882439]], "center": [0.005566676379525534, -0.09259428492970272, -0.0011003671112014169]}}], "structure": [], "control_points": []}