{"sfm_data_version": "0.3", "root_path": "/mnt/ST8000/jialei/SFM_E/ex_sea_12/6-1/images", "views": [{"key": 9, "value": {"polymorphic_id": 1073741824, "ptr_wrapper": {"id": 2147483649, "data": {"local_path": "", "filename": "104926_15025.847656.jpg", "width": 1920, "height": 1080, "id_view": 9, "id_intrinsic": 0, "id_pose": 9}}}}, {"key": 8, "value": {"polymorphic_id": 1073741824, "ptr_wrapper": {"id": 2147483650, "data": {"local_path": "", "filename": "104925_15025.748047.jpg", "width": 1920, "height": 1080, "id_view": 8, "id_intrinsic": 0, "id_pose": 8}}}}, {"key": 7, "value": {"polymorphic_id": 1073741824, "ptr_wrapper": {"id": 2147483651, "data": {"local_path": "", "filename": "104924_15025.647461.jpg", "width": 1920, "height": 1080, "id_view": 7, "id_intrinsic": 0, "id_pose": 7}}}}, {"key": 6, "value": {"polymorphic_id": 1073741824, "ptr_wrapper": {"id": 2147483652, "data": {"local_path": "", "filename": "104923_15025.547852.jpg", "width": 1920, "height": 1080, "id_view": 6, "id_intrinsic": 0, "id_pose": 6}}}}, {"key": 5, "value": {"polymorphic_id": 1073741824, "ptr_wrapper": {"id": 2147483653, "data": {"local_path": "", "filename": "104922_15025.447266.jpg", "width": 1920, "height": 1080, "id_view": 5, "id_intrinsic": 0, "id_pose": 5}}}}, {"key": 4, "value": {"polymorphic_id": 1073741824, "ptr_wrapper": {"id": 2147483654, "data": {"local_path": "", "filename": "104921_15025.347656.jpg", "width": 1920, "height": 1080, "id_view": 4, "id_intrinsic": 0, "id_pose": 4}}}}, {"key": 3, "value": {"polymorphic_id": 1073741824, "ptr_wrapper": {"id": 2147483655, "data": {"local_path": "", "filename": "104920_15025.280047.jpg", "width": 1920, "height": 1080, "id_view": 3, "id_intrinsic": 0, "id_pose": 3}}}}, {"key": 2, "value": {"polymorphic_id": 1073741824, "ptr_wrapper": {"id": 2147483656, "data": {"local_path": "", "filename": "104919_15025.248047.jpg", "width": 1920, "height": 1080, "id_view": 2, "id_intrinsic": 0, "id_pose": 2}}}}, {"key": 1, "value": {"polymorphic_id": 1073741824, "ptr_wrapper": {"id": 2147483657, "data": {"local_path": "", "filename": "104918_15025.147461.jpg", "width": 1920, "height": 1080, "id_view": 1, "id_intrinsic": 0, "id_pose": 1}}}}, {"key": 0, "value": {"polymorphic_id": 1073741824, "ptr_wrapper": {"id": 2147483658, "data": {"local_path": "", "filename": "104917_15025.047852.jpg", "width": 1920, "height": 1080, "id_view": 0, "id_intrinsic": 0, "id_pose": 0}}}}], "intrinsics": [{"key": 0, "value": {"polymorphic_id": 2147483649, "polymorphic_name": "pinhole_radial_k3", "ptr_wrapper": {"id": 2147483659, "data": {"width": 1920, "height": 1080, "focal_length": 1739.13, "principal_point": [960.0, 540.0], "disto_k3": [0.0, 0.0, 0.0]}}}}], "extrinsics": [{"key": 0, "value": {"rotation": [[0.9999999929857128, -2.665361436010348e-05, 0.00011540433185084011], [2.666177170669177e-05, 0.9999999971464635, -7.068396393747369e-05], [-0.0001154024475384139, 7.068704032562563e-05, 0.9999999908428086]], "center": [102655.28827454265, -59731.174787536824, 609.331632201624]}}, {"key": 1, "value": {"rotation": [[0.9999994175769248, 0.0008486178212739675, -0.0006668535107155112], [-0.0008480583010105241, 0.999999288538026, 0.0008388805395259373], [0.0006675649252503737, -0.0008383145202872087, 0.9999994257927528]], "center": [102655.64440941712, -59737.09135082365, 609.4952133660101]}}, {"key": 2, "value": {"rotation": [[0.9999996619068916, 0.0006355774801983367, 0.0005217541277396903], [-0.0006369915728214607, 0.9999961126167065, 0.002714588957995838], [-0.0005200267678717029, -0.0027149203931944705, 0.9999961793824109]], "center": [102656.00713009223, -59744.486420758825, 609.3525174329317]}}, {"key": 3, "value": {"rotation": [[0.9999990330402622, 0.00030810471812820357, 0.0013560936633712339], [-0.00031205923749285297, 0.9999956972470262, 0.0029168658635267035], [-0.001355189128300476, -0.0029172862245894432, 0.9999948264383721]], "center": [102656.10876622479, -59750.850222617155, 609.3581866452731]}}, {"key": 4, "value": {"rotation": [[0.999995588176863, -0.0007726291776224459, 0.0028682173844663977], [0.0007661458206896688, 0.9999971508428713, 0.002260824345405139], [-0.002869955991319114, -0.0022586168982860737, 0.9999933309789192]], "center": [102656.62770493164, -59756.80775551913, 609.3417019864155]}}, {"key": 5, "value": {"rotation": [[0.9999930066337754, -0.0008590644641531787, 0.00363987524365238], [0.0008489611718634744, 0.9999957855324548, 0.0027763613339275447], [-0.003642244976877912, -0.002773251805063706, 0.9999895215080775]], "center": [102656.63576827137, -59763.27430527638, 609.2194601115201]}}, {"key": 6, "value": {"rotation": [[0.9999879035433662, -0.001449143948831001, 0.00470029241215319], [0.0014349020572999684, 0.9999943741231259, 0.00303195946262455], [-0.004704659714595163, -0.003025178327406318, 0.9999843571141784]], "center": [102656.66616581504, -59769.47748474836, 609.2187987500761]}}, {"key": 7, "value": {"rotation": [[0.999984071624941, -0.0014418791437654259, 0.005456874649516375], [0.0014217120166817598, 0.9999921524563974, 0.003697804830136131], [-0.005462163614116892, -0.003689987825851254, 0.9999782741432421]], "center": [102656.66911080865, -59776.05599502565, 609.0481612756523]}}, {"key": 8, "value": {"rotation": [[0.9999771249643199, -0.0022351787068724633, 0.006383848701387848], [0.002205030536502169, 0.9999864026599307, 0.00472571006123393], [-0.006394324704529751, -0.004711525379120794, 0.9999684565725933]], "center": [102657.5488141877, -59782.81814966194, 609.1515969969855]}}, {"key": 9, "value": {"rotation": [[0.9999710909507928, -0.0026550094279449523, 0.007125179830712458], [0.0026201006689011135, 0.9999845417213523, 0.004904221734428721], [-0.007138090442638789, -0.004885411269600839, 0.9999625895110071]], "center": [102658.01081894271, -59789.28263775503, 609.1855002125855]}}], "structure": [], "control_points": []}