{"sfm_data_version": "0.3", "root_path": "/mnt/ST8000/jialei/SFM_E/ex_sea_12/6-1/images", "views": [{"key": 9, "value": {"polymorphic_id": 1073741824, "ptr_wrapper": {"id": 2147483649, "data": {"local_path": "", "filename": "104926_15025.847656.jpg", "width": 1920, "height": 1080, "id_view": 9, "id_intrinsic": 0, "id_pose": 9}}}}, {"key": 8, "value": {"polymorphic_id": 1073741824, "ptr_wrapper": {"id": 2147483650, "data": {"local_path": "", "filename": "104925_15025.748047.jpg", "width": 1920, "height": 1080, "id_view": 8, "id_intrinsic": 0, "id_pose": 8}}}}, {"key": 7, "value": {"polymorphic_id": 1073741824, "ptr_wrapper": {"id": 2147483651, "data": {"local_path": "", "filename": "104924_15025.647461.jpg", "width": 1920, "height": 1080, "id_view": 7, "id_intrinsic": 0, "id_pose": 7}}}}, {"key": 6, "value": {"polymorphic_id": 1073741824, "ptr_wrapper": {"id": 2147483652, "data": {"local_path": "", "filename": "104923_15025.547852.jpg", "width": 1920, "height": 1080, "id_view": 6, "id_intrinsic": 0, "id_pose": 6}}}}, {"key": 5, "value": {"polymorphic_id": 1073741824, "ptr_wrapper": {"id": 2147483653, "data": {"local_path": "", "filename": "104922_15025.447266.jpg", "width": 1920, "height": 1080, "id_view": 5, "id_intrinsic": 0, "id_pose": 5}}}}, {"key": 4, "value": {"polymorphic_id": 1073741824, "ptr_wrapper": {"id": 2147483654, "data": {"local_path": "", "filename": "104921_15025.347656.jpg", "width": 1920, "height": 1080, "id_view": 4, "id_intrinsic": 0, "id_pose": 4}}}}, {"key": 3, "value": {"polymorphic_id": 1073741824, "ptr_wrapper": {"id": 2147483655, "data": {"local_path": "", "filename": "104920_15025.280047.jpg", "width": 1920, "height": 1080, "id_view": 3, "id_intrinsic": 0, "id_pose": 3}}}}, {"key": 2, "value": {"polymorphic_id": 1073741824, "ptr_wrapper": {"id": 2147483656, "data": {"local_path": "", "filename": "104919_15025.248047.jpg", "width": 1920, "height": 1080, "id_view": 2, "id_intrinsic": 0, "id_pose": 2}}}}, {"key": 1, "value": {"polymorphic_id": 1073741824, "ptr_wrapper": {"id": 2147483657, "data": {"local_path": "", "filename": "104918_15025.147461.jpg", "width": 1920, "height": 1080, "id_view": 1, "id_intrinsic": 0, "id_pose": 1}}}}, {"key": 0, "value": {"polymorphic_id": 1073741824, "ptr_wrapper": {"id": 2147483658, "data": {"local_path": "", "filename": "104917_15025.047852.jpg", "width": 1920, "height": 1080, "id_view": 0, "id_intrinsic": 0, "id_pose": 0}}}}], "intrinsics": [{"key": 0, "value": {"polymorphic_id": 2147483649, "polymorphic_name": "pinhole_radial_k3", "ptr_wrapper": {"id": 2147483659, "data": {"width": 1920, "height": 1080, "focal_length": 1739.13, "principal_point": [960.0, 540.0], "disto_k3": [0.0, 0.0, 0.0]}}}}], "extrinsics": [{"key": 0, "value": {"rotation": [[0.9999989874846827, -0.0008721816122438964, 0.0011244237833839324], [0.0008729808733325865, 0.999999366530073, -0.000710523643161013], [-0.0011238033654386668, 0.0007115045242013303, 0.9999991154132627]], "center": [0.0006271093844949377, -0.001451718392325513, 0.0012888873207532285]}}, {"key": 1, "value": {"rotation": [[0.9999999416493655, 2.5886091676537205e-06, 0.00034160586158467403], [-2.656301229993916e-06, 0.9999999803631615, 0.0001981580697803069], [-0.0003416053419228187, -0.0001981589656257283, 0.9999999220194042]], "center": [0.0011651702659471006, -0.01052269633639134, 0.0015460283259095696]}}, {"key": 2, "value": {"rotation": [[0.9999988070299263, -0.00020969025399777204, 0.0015303492155971066], [0.00020651597794117509, 0.9999978277689849, 0.002074080148468057], [-0.001530780805718225, -0.0020737616325876814, 0.9999966781058904]], "center": [0.0017118831660492594, -0.02186068065428047, 0.0013350768789032836]}}, {"key": 3, "value": {"rotation": [[0.9999970596419687, -0.0005366277220197327, 0.00236489706007797], [0.0005312436918499305, 0.9999972672389664, 0.0022766850329375794], [-0.0023661123296824164, -0.0022754220020234734, 0.9999946119690625]], "center": [0.001859436316800489, -0.03161714476557835, 0.0013501683207541798]}}, {"key": 4, "value": {"rotation": [[0.9999911752952574, -0.0016163892487415963, 0.0038777077515664824], [0.0016101106379846435, 0.9999973887627968, 0.0016217309645477273], [-0.0038803189744471833, -0.0016154731147490554, 0.9999911666466219]], "center": [0.002647316747528134, -0.04075132111747421, 0.0013315426756571047]}}, {"key": 5, "value": {"rotation": [[0.9999877424219946, -0.001702327887089077, 0.004649417762247955], [0.0016924048631350545, 0.9999962837391563, 0.002137352019613337], [-0.0046530389577462946, -0.0021294571236227114, 0.9999869072346979]], "center": [0.002651478048156975, -0.05066531226272784, 0.0011504898398030502]}}, {"key": 6, "value": {"rotation": [[0.9999810705933204, -0.0022917232940673576, 0.005710206597009942], [0.0022780862857086697, 0.999994540624679, 0.0023935420847990747], [-0.005715660759000039, -0.0023804884331303944, 0.9999808320647489]], "center": [0.002690033602728377, -0.060175440228135584, 0.001155608120787074]}}, {"key": 7, "value": {"rotation": [[0.9999764818424783, -0.002283970495483052, 0.006466779779434988], [0.002264222897457248, 0.9999927567331323, 0.003059375089844886], [-0.0064737204612630795, -0.003044660908130317, 0.9999744101642519]], "center": [0.002686277542114141, -0.07026111883163524, 0.000900461966907958]}}, {"key": 8, "value": {"rotation": [[0.9999679290427947, -0.0030766698072616, 0.007394253766394195], [0.0030464992705497396, 0.9999870031636084, 0.0040880736367040985], [-0.0074067353172155995, -0.004065415939563988, 0.9999643056955476]], "center": [0.004026016435933936, -0.08062920981234015, 0.0010670334872713587]}}, {"key": 9, "value": {"rotation": [[0.9999607921502357, -0.0034960202040466293, 0.008135846913923236], [0.003461387446415337, 0.9999849056179491, 0.004267005180032819], [-0.008150641644661717, -0.0042386765615610444, 0.9999577994404496]], "center": [0.004725875893666857, -0.09054047532915668, 0.0011260666691087261]}}], "structure": [], "control_points": []}