{"sfm_data_version": "0.3", "root_path": "/mnt/ST8000/jialei/SFM_E/ex_sea_12/6-5/images", "views": [{"key": 9, "value": {"polymorphic_id": 1073741824, "ptr_wrapper": {"id": 2147483649, "data": {"local_path": "", "filename": "128880_17395.546875.jpg", "width": 1920, "height": 1080, "id_view": 9, "id_intrinsic": 0, "id_pose": 9}}}}, {"key": 8, "value": {"polymorphic_id": 1073741824, "ptr_wrapper": {"id": 2147483650, "data": {"local_path": "", "filename": "128879_17395.479266.jpg", "width": 1920, "height": 1080, "id_view": 8, "id_intrinsic": 0, "id_pose": 8}}}}, {"key": 7, "value": {"polymorphic_id": 1073741824, "ptr_wrapper": {"id": 2147483651, "data": {"local_path": "", "filename": "128878_17395.379656.jpg", "width": 1920, "height": 1080, "id_view": 7, "id_intrinsic": 0, "id_pose": 7}}}}, {"key": 6, "value": {"polymorphic_id": 1073741824, "ptr_wrapper": {"id": 2147483652, "data": {"local_path": "", "filename": "128877_17395.280047.jpg", "width": 1920, "height": 1080, "id_view": 6, "id_intrinsic": 0, "id_pose": 6}}}}, {"key": 5, "value": {"polymorphic_id": 1073741824, "ptr_wrapper": {"id": 2147483653, "data": {"local_path": "", "filename": "128876_17395.180437.jpg", "width": 1920, "height": 1080, "id_view": 5, "id_intrinsic": 0, "id_pose": 5}}}}, {"key": 4, "value": {"polymorphic_id": 1073741824, "ptr_wrapper": {"id": 2147483654, "data": {"local_path": "", "filename": "128875_17395.078875.jpg", "width": 1920, "height": 1080, "id_view": 4, "id_intrinsic": 0, "id_pose": 4}}}}, {"key": 3, "value": {"polymorphic_id": 1073741824, "ptr_wrapper": {"id": 2147483655, "data": {"local_path": "", "filename": "128874_17394.979266.jpg", "width": 1920, "height": 1080, "id_view": 3, "id_intrinsic": 0, "id_pose": 3}}}}, {"key": 2, "value": {"polymorphic_id": 1073741824, "ptr_wrapper": {"id": 2147483656, "data": {"local_path": "", "filename": "128873_17394.879656.jpg", "width": 1920, "height": 1080, "id_view": 2, "id_intrinsic": 0, "id_pose": 2}}}}, {"key": 1, "value": {"polymorphic_id": 1073741824, "ptr_wrapper": {"id": 2147483657, "data": {"local_path": "", "filename": "128872_17394.780047.jpg", "width": 1920, "height": 1080, "id_view": 1, "id_intrinsic": 0, "id_pose": 1}}}}, {"key": 0, "value": {"polymorphic_id": 1073741824, "ptr_wrapper": {"id": 2147483658, "data": {"local_path": "", "filename": "128871_17394.680437.jpg", "width": 1920, "height": 1080, "id_view": 0, "id_intrinsic": 0, "id_pose": 0}}}}], "intrinsics": [{"key": 0, "value": {"polymorphic_id": 2147483649, "polymorphic_name": "pinhole_radial_k3", "ptr_wrapper": {"id": 2147483659, "data": {"width": 1920, "height": 1080, "focal_length": 1739.13, "principal_point": [960.0, 540.0], "disto_k3": [0.0, 0.0, 0.0]}}}}], "extrinsics": [{"key": 0, "value": {"rotation": [[0.9999996961109966, -0.0006210193145775814, 0.0004712885791700996], [0.0006211627303705211, 0.9999997608033935, -0.00030422034495714787], [-0.00047109953972936493, 0.0003045129994085603, 0.999999842668516]], "center": [102655.28827421916, -59731.17478744209, 609.3316322310156]}}, {"key": 1, "value": {"rotation": [[0.9999993101275265, 8.235772439689515e-05, -0.0011717344733106344], [-8.365897358645721e-05, 0.9999993798654964, -0.001110526811385947], [0.0011716422862165995, 0.0011106240713674098, 0.9999986968834136]], "center": [102655.19170101508, -59738.52996720511, 609.3724575032237]}}, {"key": 2, "value": {"rotation": [[0.9999996681905792, -0.0005295616920612376, -0.0006190178879175096], [0.0005291046183876214, 0.9999995874688514, -0.0007383159417086025], [0.0006194086163927306, 0.0007379881715050497, 0.9999995358531046]], "center": [102655.61261543166, -59745.42289576055, 609.6900452518754]}}, {"key": 3, "value": {"rotation": [[0.9999996750399817, -0.0008031002107853452, -7.0356114543461e-05], [0.0008030954285631339, 0.9999996752086107, -6.797356743413353e-05], [7.041068127879793e-05, 6.791704267152219e-05, 0.9999999952148058]], "center": [102655.83765396418, -59750.25851114191, 609.8126837942104]}}, {"key": 4, "value": {"rotation": [[0.9999988462839974, -0.0015183276560428581, -4.5954363235582665e-05], [0.0015183646933253146, 0.9999985135799937, 0.0008169494852722725], [4.471389793103169e-05, -0.0008170183182271626, 0.9999996652408117]], "center": [102657.24283744322, -59757.57819231676, 610.6197828788833]}}, {"key": 5, "value": {"rotation": [[0.9999964880553331, -0.0021399023409616725, 0.0015635520367547012], [0.0021360382290415312, 0.9999946709914042, 0.0024688721062832574], [-0.001568826849772219, -0.0024655236288173713, 0.9999957299786593]], "center": [102657.2110070323, -59765.258627009374, 610.6888058599834]}}, {"key": 6, "value": {"rotation": [[0.9999960265460711, -0.0024884268852962835, -0.0013246220994137055], [0.002488096168340437, 0.9999968731184771, -0.00025125828376238335], [0.0013252431953458344, 0.0002479614982291482, 0.9999990911223715]], "center": [102658.97755439112, -59770.50411300583, 612.8392436656595]}}, {"key": 7, "value": {"rotation": [[0.9999949098319303, -0.0029456447482894606, -0.0012261677076044575], [0.002947261339771984, 0.9999947873303684, 0.0013186973444295539], [0.0012222769020901077, -0.0013223044687191, 0.9999983787737193]], "center": [102660.1265261326, -59778.183090246064, 613.5394414730122]}}, {"key": 8, "value": {"rotation": [[0.9999941553119747, -0.003355273453754442, -0.000656872850180638], [0.003356647310342136, 0.9999921578543258, 0.0021017013781787206], [0.0006498159160461483, -0.0021038939848756163, 0.9999975756817493]], "center": [102660.03430000784, -59785.23709843036, 613.7354874305291]}}, {"key": 9, "value": {"rotation": [[0.9999915949022536, -0.003922310006782398, -0.0011939887181243226], [0.003924938711776296, 0.99998986130609, 0.002207292716357083], [0.0011853189263289696, -0.002211960496387209, 0.9999968511199452]], "center": [102661.06182228481, -59791.99792080558, 614.5895652599831]}}], "structure": [], "control_points": []}