{"sfm_data_version": "0.3", "root_path": "/mnt/ST8000/jialei/SFM_E/ex_sea_12/6-1/images", "views": [{"key": 9, "value": {"polymorphic_id": 1073741824, "ptr_wrapper": {"id": 2147483649, "data": {"local_path": "", "filename": "104926_15025.847656.jpg", "width": 1920, "height": 1080, "id_view": 9, "id_intrinsic": 0, "id_pose": 9}}}}, {"key": 8, "value": {"polymorphic_id": 1073741824, "ptr_wrapper": {"id": 2147483650, "data": {"local_path": "", "filename": "104925_15025.748047.jpg", "width": 1920, "height": 1080, "id_view": 8, "id_intrinsic": 0, "id_pose": 8}}}}, {"key": 7, "value": {"polymorphic_id": 1073741824, "ptr_wrapper": {"id": 2147483651, "data": {"local_path": "", "filename": "104924_15025.647461.jpg", "width": 1920, "height": 1080, "id_view": 7, "id_intrinsic": 0, "id_pose": 7}}}}, {"key": 6, "value": {"polymorphic_id": 1073741824, "ptr_wrapper": {"id": 2147483652, "data": {"local_path": "", "filename": "104923_15025.547852.jpg", "width": 1920, "height": 1080, "id_view": 6, "id_intrinsic": 0, "id_pose": 6}}}}, {"key": 5, "value": {"polymorphic_id": 1073741824, "ptr_wrapper": {"id": 2147483653, "data": {"local_path": "", "filename": "104922_15025.447266.jpg", "width": 1920, "height": 1080, "id_view": 5, "id_intrinsic": 0, "id_pose": 5}}}}, {"key": 4, "value": {"polymorphic_id": 1073741824, "ptr_wrapper": {"id": 2147483654, "data": {"local_path": "", "filename": "104921_15025.347656.jpg", "width": 1920, "height": 1080, "id_view": 4, "id_intrinsic": 0, "id_pose": 4}}}}, {"key": 3, "value": {"polymorphic_id": 1073741824, "ptr_wrapper": {"id": 2147483655, "data": {"local_path": "", "filename": "104920_15025.280047.jpg", "width": 1920, "height": 1080, "id_view": 3, "id_intrinsic": 0, "id_pose": 3}}}}, {"key": 2, "value": {"polymorphic_id": 1073741824, "ptr_wrapper": {"id": 2147483656, "data": {"local_path": "", "filename": "104919_15025.248047.jpg", "width": 1920, "height": 1080, "id_view": 2, "id_intrinsic": 0, "id_pose": 2}}}}, {"key": 1, "value": {"polymorphic_id": 1073741824, "ptr_wrapper": {"id": 2147483657, "data": {"local_path": "", "filename": "104918_15025.147461.jpg", "width": 1920, "height": 1080, "id_view": 1, "id_intrinsic": 0, "id_pose": 1}}}}, {"key": 0, "value": {"polymorphic_id": 1073741824, "ptr_wrapper": {"id": 2147483658, "data": {"local_path": "", "filename": "104917_15025.047852.jpg", "width": 1920, "height": 1080, "id_view": 0, "id_intrinsic": 0, "id_pose": 0}}}}], "intrinsics": [{"key": 0, "value": {"polymorphic_id": 2147483649, "polymorphic_name": "pinhole_radial_k3", "ptr_wrapper": {"id": 2147483659, "data": {"width": 1920, "height": 1080, "focal_length": 1739.13, "principal_point": [960.0, 540.0], "disto_k3": [0.0, 0.0, 0.0]}}}}], "extrinsics": [{"key": 0, "value": {"rotation": [[0.9999999996526183, -1.834199602346787e-05, 1.892972838462318e-05], [1.8342667543612572e-05, 0.9999999992025423, -3.5474803728659994e-05], [-1.8929077690818413e-05, 3.547515093805095e-05, 0.9999999991916019]], "center": [102655.28827440382, -59731.174787436394, 609.3316321561311]}}, {"key": 1, "value": {"rotation": [[0.9999993575849021, 0.0008339479241609607, -0.0007676982762188215], [-0.0008333016494268126, 0.9999992985159183, 0.0008417695838591782], [0.0007683997296877632, -0.0008411293188538906, 0.9999993510314517]], "center": [102655.68405360507, -59737.30802294866, 609.5092328025189]}}, {"key": 2, "value": {"rotation": [[0.9999997426457726, 0.0005748047580775205, 0.000429310935040925], [-0.0005759475333833606, 0.9999962789723741, 0.002666519425091543], [-0.00042777660951002426, -0.002666765999425575, 0.999996352676487]], "center": [102656.08255566473, -59744.884081813376, 609.4185683626663]}}, {"key": 3, "value": {"rotation": [[0.9999991583094042, 0.0002439319097204235, 0.001274314602782068], [-0.0002475977074761338, 0.9999958298635298, 0.0028773166189861813], [-0.0012736074193785418, -0.0028776297145501027, 0.9999950485734254]], "center": [102656.20527641175, -59751.46102417568, 609.4461940595376]}}, {"key": 4, "value": {"rotation": [[0.9999957565954265, -0.000814406947411, 0.002797057822983587], [0.0008080920235950683, 0.9999971240023876, 0.002258090838521378], [-0.002798888783518749, -0.002255820976412077, 0.9999935387257758]], "center": [102656.78043698282, -59757.62998429943, 609.472885030056]}}, {"key": 5, "value": {"rotation": [[0.9999932049577498, -0.0009158786435916303, 0.0035708828934938657], [0.0009060155881196034, 0.999995773254921, 0.002762717511309994], [-0.0035733981142490735, -0.0027594634629628722, 0.9999898080417189]], "center": [102656.80225993504, -59764.30095806386, 609.376850656729]}}, {"key": 6, "value": {"rotation": [[0.9999880823105157, -0.0015130826664943974, 0.004641747276885501], [0.0014990573556134988, 0.999994305466814, 0.0030235510561681367], [-0.00464629572699597, -0.00301655677702717, 0.9999846560428957]], "center": [102656.85936643361, -59770.70557688378, 609.409206213863]}}, {"key": 7, "value": {"rotation": [[0.9999842890438968, -0.0015246842292631665, 0.005394163825358383], [0.0015048877872984904, 0.999992125350535, 0.0036721314884171664], [-0.0053997201891773, -0.003663956184457052, 0.9999787089968254]], "center": [102656.8755303159, -59777.48525668565, 609.2717089090439]}}, {"key": 8, "value": {"rotation": [[0.9999771890613669, -0.00234259107544907, 0.006335110415937862], [0.002313040284764463, 0.9999864301093804, 0.004667916209566214], [-0.006345959468035938, -0.004653156364415506, 0.9999690379878164]], "center": [102657.80768521948, -59784.416463409965, 609.4173856424716]}}, {"key": 9, "value": {"rotation": [[0.9999711437538602, -0.002765996902662774, 0.007075374246836383], [0.0027317244214712278, 0.9999845123341536, 0.004848997165546352], [-0.007088676976945261, -0.004829529269069502, 0.9999632124762172]], "center": [102658.30773455091, -59791.08012596913, 609.4772125538026]}}], "structure": [], "control_points": []}