{"sfm_data_version": "0.3", "root_path": "/mnt/ST8000/jialei/SFM_E/ex_sea_12/6-1/images", "views": [{"key": 9, "value": {"polymorphic_id": 1073741824, "ptr_wrapper": {"id": 2147483649, "data": {"local_path": "", "filename": "104926_15025.847656.jpg", "width": 1920, "height": 1080, "id_view": 9, "id_intrinsic": 0, "id_pose": 9}}}}, {"key": 8, "value": {"polymorphic_id": 1073741824, "ptr_wrapper": {"id": 2147483650, "data": {"local_path": "", "filename": "104925_15025.748047.jpg", "width": 1920, "height": 1080, "id_view": 8, "id_intrinsic": 0, "id_pose": 8}}}}, {"key": 7, "value": {"polymorphic_id": 1073741824, "ptr_wrapper": {"id": 2147483651, "data": {"local_path": "", "filename": "104924_15025.647461.jpg", "width": 1920, "height": 1080, "id_view": 7, "id_intrinsic": 0, "id_pose": 7}}}}, {"key": 6, "value": {"polymorphic_id": 1073741824, "ptr_wrapper": {"id": 2147483652, "data": {"local_path": "", "filename": "104923_15025.547852.jpg", "width": 1920, "height": 1080, "id_view": 6, "id_intrinsic": 0, "id_pose": 6}}}}, {"key": 5, "value": {"polymorphic_id": 1073741824, "ptr_wrapper": {"id": 2147483653, "data": {"local_path": "", "filename": "104922_15025.447266.jpg", "width": 1920, "height": 1080, "id_view": 5, "id_intrinsic": 0, "id_pose": 5}}}}, {"key": 4, "value": {"polymorphic_id": 1073741824, "ptr_wrapper": {"id": 2147483654, "data": {"local_path": "", "filename": "104921_15025.347656.jpg", "width": 1920, "height": 1080, "id_view": 4, "id_intrinsic": 0, "id_pose": 4}}}}, {"key": 3, "value": {"polymorphic_id": 1073741824, "ptr_wrapper": {"id": 2147483655, "data": {"local_path": "", "filename": "104920_15025.280047.jpg", "width": 1920, "height": 1080, "id_view": 3, "id_intrinsic": 0, "id_pose": 3}}}}, {"key": 2, "value": {"polymorphic_id": 1073741824, "ptr_wrapper": {"id": 2147483656, "data": {"local_path": "", "filename": "104919_15025.248047.jpg", "width": 1920, "height": 1080, "id_view": 2, "id_intrinsic": 0, "id_pose": 2}}}}, {"key": 1, "value": {"polymorphic_id": 1073741824, "ptr_wrapper": {"id": 2147483657, "data": {"local_path": "", "filename": "104918_15025.147461.jpg", "width": 1920, "height": 1080, "id_view": 1, "id_intrinsic": 0, "id_pose": 1}}}}, {"key": 0, "value": {"polymorphic_id": 1073741824, "ptr_wrapper": {"id": 2147483658, "data": {"local_path": "", "filename": "104917_15025.047852.jpg", "width": 1920, "height": 1080, "id_view": 0, "id_intrinsic": 0, "id_pose": 0}}}}], "intrinsics": [{"key": 0, "value": {"polymorphic_id": 2147483649, "polymorphic_name": "pinhole_radial_k3", "ptr_wrapper": {"id": 2147483659, "data": {"width": 1920, "height": 1080, "focal_length": 1739.13, "principal_point": [960.0, 540.0], "disto_k3": [0.0, 0.0, 0.0]}}}}], "extrinsics": [{"key": 0, "value": {"rotation": [[0.999999044139158, -0.0008680643888564198, 0.0010761900329673754], [0.0008688103803973611, 0.9999993825256384, -0.0006929046578704735], [-0.00107558788258923, 0.0006938390006219999, 0.9999991808487385]], "center": [0.0006617375828376316, -0.0013804716523576612, 0.0011503975332127969]}}, {"key": 1, "value": {"rotation": [[0.9999999581063111, -1.629229028826299e-05, 0.0002890016217911373], [1.6239276491770033e-05, 0.999999983043189, 0.00018343911103987893], [-0.0002890046055338365, -0.00018343441017769853, 0.9999999414140759]], "center": [0.0012658544315323327, -0.010872162077794708, 0.0014321270004087332]}}, {"key": 2, "value": {"rotation": [[0.9999988579171841, -0.00027464758549100983, 0.0014861806859519213], [0.00027166239480997393, 0.999997946138642, 0.002008461610466594], [-0.0014867292526746815, -0.0020080555772327897, 0.9999968786695929]], "center": [0.0018727248100432036, -0.02259693828218206, 0.0013001813523769669]}}, {"key": 3, "value": {"rotation": [[0.9999970992910018, -0.0006049634398662194, 0.002331400613134924], [0.0005997887896541016, 0.9999973567976277, 0.0022196060835405497], [-0.0023327372313027305, -0.0022182012971572345, 0.9999948189465859]], "center": [0.0020539376232387805, -0.032775071009329575, 0.0013498251792601053]}}, {"key": 4, "value": {"rotation": [[0.9999911884707813, -0.0016622963003747992, 0.0038548348608578083], [0.0016561329792244082, 0.999997346213444, 0.0016014960582814196], [-0.003857486791921608, -0.0015950978275095225, 0.9999912876913332]], "center": [0.0029358517486674247, -0.0423224358883052, 0.0013983476484036132]}}, {"key": 5, "value": {"rotation": [[0.9999877328484184, -0.0017632563236941714, 0.0046287233464268095], [0.0017535220715010188, 0.9999962444775435, 0.0021062267575470395], [-0.0046324197808017145, -0.0020980843515932233, 0.9999870692809123]], "center": [0.002961000962656042, -0.05264607810762077, 0.0012565547361410476]}}, {"key": 6, "value": {"rotation": [[0.9999809707549274, -0.002359750647482941, 0.005699974115332988], [0.0023462864252615794, 0.9999944444812046, 0.00236768805763078], [-0.005705529602446695, -0.0023542692304232694, 0.9999809519927599]], "center": [0.0030408930079492687, -0.06255744430467926, 0.0013132354720731228]}}, {"key": 7, "value": {"rotation": [[0.9999763725551937, -0.0023708536285093227, 0.006452393697692259], [0.0023514296497428827, 0.9999926864033556, 0.0030162755847550483], [-0.006459497655402069, -0.003001031968017523, 0.9999746340268674]], "center": [0.003057209396627261, -0.07304934691302264, 0.001107378884635367]}}, {"key": 8, "value": {"rotation": [[0.9999675827185713, -0.0031881344989538383, 0.007393869784850318], [0.0031585243256207715, 0.9999869600228036, 0.004012917696318434], [-0.007406567090306012, -0.003989433890860156, 0.9999646129644628]], "center": [0.004490384159251199, -0.0837766576252312, 0.001341394675773855]}}, {"key": 9, "value": {"rotation": [[0.999960395110863, -0.0036110475935881596, 0.008134405018502424], [0.0035770150999880033, 0.9999848056924224, 0.004194442425874804], [-0.008149427753079018, -0.004165179415866924, 0.9999581181768222]], "center": [0.005255356365532964, -0.094089455621996, 0.0014415763458199718]}}], "structure": [], "control_points": []}