{"sfm_data_version": "0.3", "root_path": "/mnt/ST8000/jialei/SFM_E/ex_sea_12/6-1/images", "views": [{"key": 9, "value": {"polymorphic_id": 1073741824, "ptr_wrapper": {"id": 2147483649, "data": {"local_path": "", "filename": "104926_15025.847656.jpg", "width": 1920, "height": 1080, "id_view": 9, "id_intrinsic": 0, "id_pose": 9}}}}, {"key": 8, "value": {"polymorphic_id": 1073741824, "ptr_wrapper": {"id": 2147483650, "data": {"local_path": "", "filename": "104925_15025.748047.jpg", "width": 1920, "height": 1080, "id_view": 8, "id_intrinsic": 0, "id_pose": 8}}}}, {"key": 7, "value": {"polymorphic_id": 1073741824, "ptr_wrapper": {"id": 2147483651, "data": {"local_path": "", "filename": "104924_15025.647461.jpg", "width": 1920, "height": 1080, "id_view": 7, "id_intrinsic": 0, "id_pose": 7}}}}, {"key": 6, "value": {"polymorphic_id": 1073741824, "ptr_wrapper": {"id": 2147483652, "data": {"local_path": "", "filename": "104923_15025.547852.jpg", "width": 1920, "height": 1080, "id_view": 6, "id_intrinsic": 0, "id_pose": 6}}}}, {"key": 5, "value": {"polymorphic_id": 1073741824, "ptr_wrapper": {"id": 2147483653, "data": {"local_path": "", "filename": "104922_15025.447266.jpg", "width": 1920, "height": 1080, "id_view": 5, "id_intrinsic": 0, "id_pose": 5}}}}, {"key": 4, "value": {"polymorphic_id": 1073741824, "ptr_wrapper": {"id": 2147483654, "data": {"local_path": "", "filename": "104921_15025.347656.jpg", "width": 1920, "height": 1080, "id_view": 4, "id_intrinsic": 0, "id_pose": 4}}}}, {"key": 3, "value": {"polymorphic_id": 1073741824, "ptr_wrapper": {"id": 2147483655, "data": {"local_path": "", "filename": "104920_15025.280047.jpg", "width": 1920, "height": 1080, "id_view": 3, "id_intrinsic": 0, "id_pose": 3}}}}, {"key": 2, "value": {"polymorphic_id": 1073741824, "ptr_wrapper": {"id": 2147483656, "data": {"local_path": "", "filename": "104919_15025.248047.jpg", "width": 1920, "height": 1080, "id_view": 2, "id_intrinsic": 0, "id_pose": 2}}}}, {"key": 1, "value": {"polymorphic_id": 1073741824, "ptr_wrapper": {"id": 2147483657, "data": {"local_path": "", "filename": "104918_15025.147461.jpg", "width": 1920, "height": 1080, "id_view": 1, "id_intrinsic": 0, "id_pose": 1}}}}, {"key": 0, "value": {"polymorphic_id": 1073741824, "ptr_wrapper": {"id": 2147483658, "data": {"local_path": "", "filename": "104917_15025.047852.jpg", "width": 1920, "height": 1080, "id_view": 0, "id_intrinsic": 0, "id_pose": 0}}}}], "intrinsics": [{"key": 0, "value": {"polymorphic_id": 2147483649, "polymorphic_name": "pinhole_radial_k3", "ptr_wrapper": {"id": 2147483659, "data": {"width": 1920, "height": 1080, "focal_length": 1739.13, "principal_point": [960.0, 540.0], "disto_k3": [0.0, 0.0, 0.0]}}}}], "extrinsics": [{"key": 0, "value": {"rotation": [[0.9999999683153402, 8.074505195064967e-05, 0.00023843144805119827], [-8.074603712828068e-05, 0.9999999967315422, 4.12228814696832e-06], [-0.00023843111441752487, -4.141540410911539e-06, 0.9999999715667253]], "center": [102655.28827485425, -59731.17478784612, 609.331632260735]}}, {"key": 1, "value": {"rotation": [[0.9999993385470757, 0.0010315655310582632, -0.000508702237732383], [-0.001031100386504946, 0.9999990509085482, 0.0009137910023801673], [0.000509644390228074, -0.0009132658748765575, 0.9999994531038692]], "center": [102655.63905290863, -59737.20147612421, 609.4543405462888]}}, {"key": 2, "value": {"rotation": [[0.9999993386244106, 0.000961912809948968, 0.0006304557780908363], [-0.0009636607987310192, 0.9999956765690835, 0.0027781650429947167], [-0.0006277806998158536, -0.0027787707511029644, 0.9999959421540198]], "center": [102656.05109533072, -59744.657170496735, 609.1481217553629]}}, {"key": 3, "value": {"rotation": [[0.9999987761564773, 0.0006454211904666215, 0.0014251726336161198], [-0.0006496447664210924, 0.999995393113449, 0.0029650823860920667], [-0.001423252341004044, -0.0029660046132379886, 0.9999945885700624]], "center": [102656.1722413281, -59751.091085619846, 609.0779166681587]}}, {"key": 4, "value": {"rotation": [[0.9999957778689641, -0.0005035270605710735, 0.0028619407305964526], [0.0004969746485679958, 0.9999972550273294, 0.0022897497691012785], [-0.002863085825618066, -0.0022883177894890165, 0.9999932831480669]], "center": [102656.72822379706, -59757.13879900747, 608.9430667870406]}}, {"key": 5, "value": {"rotation": [[0.9999933410892656, -0.0005506626650870881, 0.003607568122436851], [0.000540576551840732, 0.9999959445148281, 0.0027961993649592756], [-0.003609093254592267, -0.002794230578581262, 0.9999895833064232]], "center": [102656.7660985137, -59763.668799933475, 608.7374655034512]}}, {"key": 6, "value": {"rotation": [[0.9999887059205631, -0.0011220022422267605, 0.004618348437176902], [0.0011079579271241512, 0.999994758046859, 0.0030424181231192486], [-0.004621737827966751, -0.0030372668260462126, 0.9999847071579032]], "center": [102656.8176310455, -59769.94263433409, 608.6350560766027]}}, {"key": 7, "value": {"rotation": [[0.9999851185554405, -0.0010633307474295414, 0.005350887345497597], [0.001043534958081595, 0.9999926069117884, 0.003700966975900389], [-0.005354783137896171, -0.003695328062163858, 0.9999788352000553]], "center": [102656.85272687534, -59776.58680601093, 608.3752715523614]}}, {"key": 8, "value": {"rotation": [[0.9999790719609404, -0.0017805724766258213, 0.006219742904077532], [0.0017511975977668641, 0.9999873032777288, 0.004725102148039435], [-0.006228077320563397, -0.004714111262084897, 0.9999694936386297]], "center": [102657.762524297, -59783.44353002689, 608.3594163853923]}}, {"key": 9, "value": {"rotation": [[0.9999735936864772, -0.002190859480676432, 0.006929073855067008], [0.002156953297868058, 0.9999856832989706, 0.004897014351819041], [-0.006939703323907992, -0.004881939351020031, 0.9999640029450803]], "center": [102658.24354289046, -59790.01127658954, 608.3198097881514]}}], "structure": [], "control_points": []}