{"sfm_data_version": "0.3", "root_path": "/mnt/ST8000/jialei/SFM_E/ex_sea_12/6-1/images", "views": [{"key": 9, "value": {"polymorphic_id": 1073741824, "ptr_wrapper": {"id": 2147483649, "data": {"local_path": "", "filename": "104926_15025.847656.jpg", "width": 1920, "height": 1080, "id_view": 9, "id_intrinsic": 0, "id_pose": 9}}}}, {"key": 8, "value": {"polymorphic_id": 1073741824, "ptr_wrapper": {"id": 2147483650, "data": {"local_path": "", "filename": "104925_15025.748047.jpg", "width": 1920, "height": 1080, "id_view": 8, "id_intrinsic": 0, "id_pose": 8}}}}, {"key": 7, "value": {"polymorphic_id": 1073741824, "ptr_wrapper": {"id": 2147483651, "data": {"local_path": "", "filename": "104924_15025.647461.jpg", "width": 1920, "height": 1080, "id_view": 7, "id_intrinsic": 0, "id_pose": 7}}}}, {"key": 6, "value": {"polymorphic_id": 1073741824, "ptr_wrapper": {"id": 2147483652, "data": {"local_path": "", "filename": "104923_15025.547852.jpg", "width": 1920, "height": 1080, "id_view": 6, "id_intrinsic": 0, "id_pose": 6}}}}, {"key": 5, "value": {"polymorphic_id": 1073741824, "ptr_wrapper": {"id": 2147483653, "data": {"local_path": "", "filename": "104922_15025.447266.jpg", "width": 1920, "height": 1080, "id_view": 5, "id_intrinsic": 0, "id_pose": 5}}}}, {"key": 4, "value": {"polymorphic_id": 1073741824, "ptr_wrapper": {"id": 2147483654, "data": {"local_path": "", "filename": "104921_15025.347656.jpg", "width": 1920, "height": 1080, "id_view": 4, "id_intrinsic": 0, "id_pose": 4}}}}, {"key": 3, "value": {"polymorphic_id": 1073741824, "ptr_wrapper": {"id": 2147483655, "data": {"local_path": "", "filename": "104920_15025.280047.jpg", "width": 1920, "height": 1080, "id_view": 3, "id_intrinsic": 0, "id_pose": 3}}}}, {"key": 2, "value": {"polymorphic_id": 1073741824, "ptr_wrapper": {"id": 2147483656, "data": {"local_path": "", "filename": "104919_15025.248047.jpg", "width": 1920, "height": 1080, "id_view": 2, "id_intrinsic": 0, "id_pose": 2}}}}, {"key": 1, "value": {"polymorphic_id": 1073741824, "ptr_wrapper": {"id": 2147483657, "data": {"local_path": "", "filename": "104918_15025.147461.jpg", "width": 1920, "height": 1080, "id_view": 1, "id_intrinsic": 0, "id_pose": 1}}}}, {"key": 0, "value": {"polymorphic_id": 1073741824, "ptr_wrapper": {"id": 2147483658, "data": {"local_path": "", "filename": "104917_15025.047852.jpg", "width": 1920, "height": 1080, "id_view": 0, "id_intrinsic": 0, "id_pose": 0}}}}], "intrinsics": [{"key": 0, "value": {"polymorphic_id": 2147483649, "polymorphic_name": "pinhole_radial_k3", "ptr_wrapper": {"id": 2147483659, "data": {"width": 1920, "height": 1080, "focal_length": 1739.13, "principal_point": [960.0, 540.0], "disto_k3": [0.0, 0.0, 0.0]}}}}], "extrinsics": [{"key": 0, "value": {"rotation": [[0.9999989619327657, -0.0008183988398984824, 0.0011858991228902403], [0.0008191976132489808, 0.9999994378380617, -0.0006732301470949161], [-0.001185347485451501, 0.000674200933967825, 0.9999990702017874]], "center": [0.00046412452671446534, -0.001568820142422189, 0.0015077784269685772]}}, {"key": 1, "value": {"rotation": [[0.999999895324046, 0.00013191495013039768, 0.00043812137931082567], [-0.00013201815342180623, 0.9999999635465027, 0.00023553810855803258], [-0.0004380902923419122, -0.0002355959238783511, 0.9999998762857205]], "center": [0.0009830304170411273, -0.010627509689868423, 0.0016988481791684546]}}, {"key": 2, "value": {"rotation": [[0.9999987540341984, 6.303476815768273e-05, 0.00157732579668337], [-6.63470597021748e-05, 0.9999977928447497, 0.002099977070548188], [-0.0015771899437126838, -0.0021000791049774485, 0.9999965510638694]], "center": [0.00159269646493663, -0.021834569452889342, 0.0012467662758483527]}}, {"key": 3, "value": {"rotation": [[0.9999971542132853, -0.00025291722493581, 0.002372255932394694], [0.00024749145513190733, 0.9999973537468291, 0.002287192016119026], [-0.0023728281250625263, -0.0022865983941858, 0.999994570562497]], "center": [0.0017661804875430478, -0.031505222589884904, 0.0011479674555322096]}}, {"key": 4, "value": {"rotation": [[0.99999176144103, -0.0014008877380394485, 0.003809798368931107], [0.0013947510485133386, 0.9999977265363146, 0.0016129450438995617], [-0.0038120492624269995, -0.0016076180352870854, 0.9999914418857162]], "center": [0.0025938544375148694, -0.04059605356221228, 0.0009522312042191389]}}, {"key": 5, "value": {"rotation": [[0.9999885761996651, -0.001447515490384496, 0.004555454869955406], [0.0014378721715467533, 0.9999967202508969, 0.002119436497622865], [-0.004558507846367575, -0.0021128621238173198, 0.9999873778302707]], "center": [0.002642241333545884, -0.0504111527418151, 0.0006499060083395192]}}, {"key": 6, "value": {"rotation": [[0.9999824697384074, -0.0020181650981854395, 0.005566617061746899], [0.0020050188472269244, 0.9999951905023081, 0.0023661934990002746], [-0.005571365658250216, -0.002354990846885241, 0.9999817067840858]], "center": [0.0027113560756539252, -0.05984113722541093, 0.0005024407507360634]}}, {"key": 7, "value": {"rotation": [[0.999978241527087, -0.0019589936592713346, 0.006299112337321972], [0.0019399704088592686, 0.9999935438849976, 0.003024682319815836], [-0.006304997003014149, -0.0030123964158111074, 0.9999755859422899]], "center": [0.0027554888829842217, -0.06982789083288551, 0.00011878836299386087]}}, {"key": 8, "value": {"rotation": [[0.9999707267273397, -0.0026756403004402464, 0.007168447347871324], [0.0026466579049420225, 0.9999882983441646, 0.004049490915668979], [-0.007179198446257865, -0.004030399945977953, 0.9999661069186017]], "center": [0.004113696303487743, -0.0801350523477253, 0.00010323310118727932]}}, {"key": 9, "value": {"rotation": [[0.9999642075461828, -0.003085441100373593, 0.007878050504478302], [0.0030522490150471696, 0.9999864300465692, 0.004221788562698522], [-0.00789096967964833, -0.00419759168263369, 0.9999600556130129]], "center": [0.004827857756647544, -0.09000731445024414, 5.1073720765857037e-05]}}], "structure": [], "control_points": []}