{"sfm_data_version": "0.3", "root_path": "/mnt/ST8000/jialei/SFM_E/ex_sea_12/6-3/images", "views": [{"key": 9, "value": {"polymorphic_id": 1073741824, "ptr_wrapper": {"id": 2147483649, "data": {"local_path": "", "filename": "087511_13303.979266.jpg", "width": 1920, "height": 1080, "id_view": 9, "id_intrinsic": 0, "id_pose": 9}}}}, {"key": 8, "value": {"polymorphic_id": 1073741824, "ptr_wrapper": {"id": 2147483650, "data": {"local_path": "", "filename": "087510_13303.879656.jpg", "width": 1920, "height": 1080, "id_view": 8, "id_intrinsic": 0, "id_pose": 8}}}}, {"key": 7, "value": {"polymorphic_id": 1073741824, "ptr_wrapper": {"id": 2147483651, "data": {"local_path": "", "filename": "087509_13303.781047.jpg", "width": 1920, "height": 1080, "id_view": 7, "id_intrinsic": 0, "id_pose": 7}}}}, {"key": 6, "value": {"polymorphic_id": 1073741824, "ptr_wrapper": {"id": 2147483652, "data": {"local_path": "", "filename": "087508_13303.679461.jpg", "width": 1920, "height": 1080, "id_view": 6, "id_intrinsic": 0, "id_pose": 6}}}}, {"key": 5, "value": {"polymorphic_id": 1073741824, "ptr_wrapper": {"id": 2147483653, "data": {"local_path": "", "filename": "087507_13303.580852.jpg", "width": 1920, "height": 1080, "id_view": 5, "id_intrinsic": 0, "id_pose": 5}}}}, {"key": 4, "value": {"polymorphic_id": 1073741824, "ptr_wrapper": {"id": 2147483654, "data": {"local_path": "", "filename": "087506_13303.479266.jpg", "width": 1920, "height": 1080, "id_view": 4, "id_intrinsic": 0, "id_pose": 4}}}}, {"key": 3, "value": {"polymorphic_id": 1073741824, "ptr_wrapper": {"id": 2147483655, "data": {"local_path": "", "filename": "087505_13303.379656.jpg", "width": 1920, "height": 1080, "id_view": 3, "id_intrinsic": 0, "id_pose": 3}}}}, {"key": 2, "value": {"polymorphic_id": 1073741824, "ptr_wrapper": {"id": 2147483656, "data": {"local_path": "", "filename": "087504_13303.248047.jpg", "width": 1920, "height": 1080, "id_view": 2, "id_intrinsic": 0, "id_pose": 2}}}}, {"key": 1, "value": {"polymorphic_id": 1073741824, "ptr_wrapper": {"id": 2147483657, "data": {"local_path": "", "filename": "087503_13303.179461.jpg", "width": 1920, "height": 1080, "id_view": 1, "id_intrinsic": 0, "id_pose": 1}}}}, {"key": 0, "value": {"polymorphic_id": 1073741824, "ptr_wrapper": {"id": 2147483658, "data": {"local_path": "", "filename": "087502_13303.047852.jpg", "width": 1920, "height": 1080, "id_view": 0, "id_intrinsic": 0, "id_pose": 0}}}}], "intrinsics": [{"key": 0, "value": {"polymorphic_id": 2147483649, "polymorphic_name": "pinhole_radial_k3", "ptr_wrapper": {"id": 2147483659, "data": {"width": 1920, "height": 1080, "focal_length": 1739.13, "principal_point": [960.0, 540.0], "disto_k3": [0.0, 0.0, 0.0]}}}}], "extrinsics": [{"key": 0, "value": {"rotation": [[0.9999999630160986, -0.0001732865188533955, 0.00020961770886336647], [0.0001732789003906929, 0.9999999843261075, 3.636217187413827e-05], [-0.00020962400665202347, -3.6325848203226475e-05, 0.9999999773691041]], "center": [0.00023216673947791785, -5.853513461006432e-05, 0.00010082801816825406]}}, {"key": 1, "value": {"rotation": [[0.9999999661169342, 2.5018888151634675e-06, -0.00026030726274099057], [-2.5790511984221356e-06, 0.999999956061843, -0.00029642817087156245], [0.0002603065096732436, 0.0002964288321734255, 0.9999999221852311]], "center": [-0.0019826717661929534, -0.010969322840397398, 7.587055200317669e-05]}}, {"key": 2, "value": {"rotation": [[0.999999966988291, -0.0002563549511119253, 1.7480165130040835e-05], [0.0002563381640769549, 0.9999995123918048, 0.0009536807107153242], [-1.7724637378583477e-05, -0.0009536761983992689, 0.9999995450936694]], "center": [-0.003054638561041271, -0.02298110894179525, 0.0002804430705556317]}}, {"key": 3, "value": {"rotation": [[0.9999991894497312, -0.0012731944373961645, -8.706618940813733e-06], [0.0012731935081040945, 0.9999991838793619, -0.00010591931393842502], [8.841467716411546e-06, 0.00010590814287476724, 0.9999999943526466]], "center": [-0.003850094876359242, -0.03290147407596271, 0.0009268740583866857]}}, {"key": 4, "value": {"rotation": [[0.9999980177484464, -0.0019185392146652365, 0.0005326410231089117], [0.00191845082946581, 0.9999981459271733, 0.0001663990121740215], [-0.0005329592785838539, -0.0001653768367167332, 0.9999998443024423]], "center": [-0.005193032213775458, -0.044101601639946225, 0.0010874636490979552]}}, {"key": 5, "value": {"rotation": [[0.999996991327731, -0.0022947682299704533, 0.0008668184682055891], [0.002293176015143969, 0.9999956899873902, 0.0018333985947773703], [-0.0008710219570552532, -0.0018314053113610812, 0.9999979436355533]], "center": [-0.006199560229079722, -0.05653471223094842, 0.0013299648758091167]}}, {"key": 6, "value": {"rotation": [[0.999995121855767, -0.002719818711280294, 0.0015358550867444582], [0.002715606343717337, 0.9999925640012229, 0.0027381425175025437], [-0.0015432909173812323, -0.002733958382631809, 0.9999950718502095]], "center": [-0.008080362544942774, -0.06815220895713285, 0.00132919127480706]}}, {"key": 7, "value": {"rotation": [[0.9999939265470081, -0.0029625794316739972, 0.0018357538527577998], [0.0029542815284344585, 0.9999854817102305, 0.004506505232376118], [-0.0018490780804617192, -0.00450105452863045, 0.9999881606391058]], "center": [-0.008855154108573342, -0.0806663544663937, 0.0014851664148877986]}}, {"key": 8, "value": {"rotation": [[0.9999908377405379, -0.0030813756754223508, 0.002971457373828179], [0.003063267440819698, 0.9999768279230349, 0.0060794744486277605], [-0.0029901216636747025, -0.006070316378280423, 0.9999771049536601]], "center": [-0.011710347741532137, -0.09275685946609195, 0.0011654848587821151]}}, {"key": 9, "value": {"rotation": [[0.9999868569812725, -0.003652167141323954, 0.00359826901273854], [0.0036235434063442372, 0.9999619955684443, 0.007929524068759727], [-0.003627092209820525, -0.007916381366920966, 0.9999620868353731]], "center": [-0.012864556584280358, -0.10557791434831026, 0.0010126158361076546]}}], "structure": [], "control_points": []}