{"sfm_data_version": "0.3", "root_path": "/mnt/ST8000/jialei/SFM_E/ex_sea_12/6-3/images", "views": [{"key": 9, "value": {"polymorphic_id": 1073741824, "ptr_wrapper": {"id": 2147483649, "data": {"local_path": "", "filename": "087511_13303.979266.jpg", "width": 1920, "height": 1080, "id_view": 9, "id_intrinsic": 0, "id_pose": 9}}}}, {"key": 8, "value": {"polymorphic_id": 1073741824, "ptr_wrapper": {"id": 2147483650, "data": {"local_path": "", "filename": "087510_13303.879656.jpg", "width": 1920, "height": 1080, "id_view": 8, "id_intrinsic": 0, "id_pose": 8}}}}, {"key": 7, "value": {"polymorphic_id": 1073741824, "ptr_wrapper": {"id": 2147483651, "data": {"local_path": "", "filename": "087509_13303.781047.jpg", "width": 1920, "height": 1080, "id_view": 7, "id_intrinsic": 0, "id_pose": 7}}}}, {"key": 6, "value": {"polymorphic_id": 1073741824, "ptr_wrapper": {"id": 2147483652, "data": {"local_path": "", "filename": "087508_13303.679461.jpg", "width": 1920, "height": 1080, "id_view": 6, "id_intrinsic": 0, "id_pose": 6}}}}, {"key": 5, "value": {"polymorphic_id": 1073741824, "ptr_wrapper": {"id": 2147483653, "data": {"local_path": "", "filename": "087507_13303.580852.jpg", "width": 1920, "height": 1080, "id_view": 5, "id_intrinsic": 0, "id_pose": 5}}}}, {"key": 4, "value": {"polymorphic_id": 1073741824, "ptr_wrapper": {"id": 2147483654, "data": {"local_path": "", "filename": "087506_13303.479266.jpg", "width": 1920, "height": 1080, "id_view": 4, "id_intrinsic": 0, "id_pose": 4}}}}, {"key": 3, "value": {"polymorphic_id": 1073741824, "ptr_wrapper": {"id": 2147483655, "data": {"local_path": "", "filename": "087505_13303.379656.jpg", "width": 1920, "height": 1080, "id_view": 3, "id_intrinsic": 0, "id_pose": 3}}}}, {"key": 2, "value": {"polymorphic_id": 1073741824, "ptr_wrapper": {"id": 2147483656, "data": {"local_path": "", "filename": "087504_13303.248047.jpg", "width": 1920, "height": 1080, "id_view": 2, "id_intrinsic": 0, "id_pose": 2}}}}, {"key": 1, "value": {"polymorphic_id": 1073741824, "ptr_wrapper": {"id": 2147483657, "data": {"local_path": "", "filename": "087503_13303.179461.jpg", "width": 1920, "height": 1080, "id_view": 1, "id_intrinsic": 0, "id_pose": 1}}}}, {"key": 0, "value": {"polymorphic_id": 1073741824, "ptr_wrapper": {"id": 2147483658, "data": {"local_path": "", "filename": "087502_13303.047852.jpg", "width": 1920, "height": 1080, "id_view": 0, "id_intrinsic": 0, "id_pose": 0}}}}], "intrinsics": [{"key": 0, "value": {"polymorphic_id": 2147483649, "polymorphic_name": "pinhole_radial_k3", "ptr_wrapper": {"id": 2147483659, "data": {"width": 1920, "height": 1080, "focal_length": 1739.13, "principal_point": [960.0, 540.0], "disto_k3": [0.0, 0.0, 0.0]}}}}], "extrinsics": [{"key": 0, "value": {"rotation": [[0.9999999998572023, 1.2395185134950241e-05, 1.1487160263262038e-05], [-1.2395135384209164e-05, 0.9999999999138013, -4.331048004372702e-06], [-1.148721394641367e-05, 4.330905618847629e-06, 0.9999999999246437]], "center": [102655.28827440304, -59731.17478745541, 609.3316321523286]}}, {"key": 1, "value": {"rotation": [[0.9999998772111733, 0.0001881644662893544, -0.0004584449497037353], [-0.0001883190110073052, 0.9999999254543048, -0.0003370865387213885], [0.00045838148781998596, 0.0003371728312304552, 0.9999998381004337]], "center": [102653.92980408834, -59737.87327993038, 609.3168522723972]}}, {"key": 2, "value": {"rotation": [[0.9999999811854238, -7.06810640525495e-05, -0.0001806470028567959], [7.084596123215163e-05, 0.9999995807322822, 0.0009129710340976895], [0.00018058239735315793, -0.0009129838150311016, 0.9999995669251819]], "center": [102653.27310731563, -59745.247550092725, 609.4428715614225]}}, {"key": 3, "value": {"rotation": [[0.9999993872665173, -0.0010875217420241695, -0.0002067922887708841], [0.0010874913901700058, 0.9999993979014689, -0.00014683043279875932], [0.00020695184554954063, 0.00014660545799722598, 0.999999967838886]], "center": [102652.78597837087, -59751.33783389056, 609.840066251821]}}, {"key": 4, "value": {"rotation": [[0.9999984426509244, -0.0017328446946803225, 0.00033458181336339126], [0.0017328028349136286, 0.999998490838454, 0.0001253600802098912], [-0.00033479853797535266, -0.00012478012066578496, 0.9999999361699281]], "center": [102651.96283226037, -59758.21385091647, 609.939096691677]}}, {"key": 5, "value": {"rotation": [[0.9999975522995078, -0.0021090602941907194, 0.0006687747520496363], [0.002107858745500282, 0.9999961723148054, 0.001792285481421234], [-0.0006725522303351642, -0.0017908714117332973, 0.9999981702248678]], "center": [102651.34636163515, -59765.84676790103, 610.0884033426601]}}, {"key": 6, "value": {"rotation": [[0.9999958943077667, -0.0025340838880354597, 0.001337829009394856], [0.002530468895890702, 0.9999931615818413, 0.0026969458134079197], [-0.0013446541476933916, -0.0026935494058821377, 0.9999954683381423]], "center": [102650.19304290417, -59772.97907728248, 610.0884471826643]}}, {"key": 7, "value": {"rotation": [[0.9999948034941185, -0.0027768326213974772, 0.0016377378764897534], [0.002769495752640522, 0.999986195571272, 0.004465261489538611], [-0.0016501145522213132, -0.004460702577688116, 0.9999886895632758]], "center": [102649.71883626546, -59780.661718143565, 610.1846084567017]}}, {"key": 8, "value": {"rotation": [[0.9999919617629847, -0.0028955832182861294, 0.002773446816460087], [0.0028787949203144467, 0.9999776260330384, 0.006038209431260404], [-0.002790868901350435, -0.006030176710094847, 0.9999779237661299]], "center": [102647.96734430574, -59788.08453096986, 609.9890019117312]}}, {"key": 9, "value": {"rotation": [[0.9999882111793493, -0.0034663499044732685, 0.0034002824390321194], [0.0034394401696869453, 0.9999629729959537, 0.007888148604881481], [-0.003427499619923629, -0.00787636054490316, 0.999963106914911]], "center": [102647.26020710835, -59795.95563746414, 609.8956145436339]}}], "structure": [], "control_points": []}