{"sfm_data_version": "0.3", "root_path": "/mnt/ST8000/jialei/SFM_E/ex_sea_12/1-2/images", "views": [{"key": 9, "value": {"polymorphic_id": 1073741824, "ptr_wrapper": {"id": 2147483649, "data": {"local_path": "", "filename": "038735_11734.566406.jpg", "width": 1920, "height": 1080, "id_view": 9, "id_intrinsic": 0, "id_pose": 9}}}}, {"key": 8, "value": {"polymorphic_id": 1073741824, "ptr_wrapper": {"id": 2147483650, "data": {"local_path": "", "filename": "038734_11734.465820.jpg", "width": 1920, "height": 1080, "id_view": 8, "id_intrinsic": 0, "id_pose": 8}}}}, {"key": 7, "value": {"polymorphic_id": 1073741824, "ptr_wrapper": {"id": 2147483651, "data": {"local_path": "", "filename": "038733_11734.399211.jpg", "width": 1920, "height": 1080, "id_view": 7, "id_intrinsic": 0, "id_pose": 7}}}}, {"key": 6, "value": {"polymorphic_id": 1073741824, "ptr_wrapper": {"id": 2147483652, "data": {"local_path": "", "filename": "038732_11734.299602.jpg", "width": 1920, "height": 1080, "id_view": 6, "id_intrinsic": 0, "id_pose": 6}}}}, {"key": 5, "value": {"polymorphic_id": 1073741824, "ptr_wrapper": {"id": 2147483653, "data": {"local_path": "", "filename": "038731_11734.198016.jpg", "width": 1920, "height": 1080, "id_view": 5, "id_intrinsic": 0, "id_pose": 5}}}}, {"key": 4, "value": {"polymorphic_id": 1073741824, "ptr_wrapper": {"id": 2147483654, "data": {"local_path": "", "filename": "038730_11734.100406.jpg", "width": 1920, "height": 1080, "id_view": 4, "id_intrinsic": 0, "id_pose": 4}}}}, {"key": 3, "value": {"polymorphic_id": 1073741824, "ptr_wrapper": {"id": 2147483655, "data": {"local_path": "", "filename": "038729_11733.998820.jpg", "width": 1920, "height": 1080, "id_view": 3, "id_intrinsic": 0, "id_pose": 3}}}}, {"key": 2, "value": {"polymorphic_id": 1073741824, "ptr_wrapper": {"id": 2147483656, "data": {"local_path": "", "filename": "038728_11733.899211.jpg", "width": 1920, "height": 1080, "id_view": 2, "id_intrinsic": 0, "id_pose": 2}}}}, {"key": 1, "value": {"polymorphic_id": 1073741824, "ptr_wrapper": {"id": 2147483657, "data": {"local_path": "", "filename": "038727_11733.798602.jpg", "width": 1920, "height": 1080, "id_view": 1, "id_intrinsic": 0, "id_pose": 1}}}}, {"key": 0, "value": {"polymorphic_id": 1073741824, "ptr_wrapper": {"id": 2147483658, "data": {"local_path": "", "filename": "038726_11733.699016.jpg", "width": 1920, "height": 1080, "id_view": 0, "id_intrinsic": 0, "id_pose": 0}}}}], "intrinsics": [{"key": 0, "value": {"polymorphic_id": 2147483649, "polymorphic_name": "pinhole_radial_k3", "ptr_wrapper": {"id": 2147483659, "data": {"width": 1920, "height": 1080, "focal_length": 1739.13, "principal_point": [960.0, 540.0], "disto_k3": [0.0, 0.0, 0.0]}}}}], "extrinsics": [{"key": 0, "value": {"rotation": [[0.999998901693916, -0.0014799078628557783, -8.05212952675341e-05], [0.0014799118497039645, 0.9999989037059236, 4.9475933147294756e-05], [8.044798717002675e-05, -4.959504322659876e-05, 0.9999999955342265]], "center": [-0.00035399642529730234, -0.0010729149452265926, 0.0005557928008700259]}}, {"key": 1, "value": {"rotation": [[0.9999998415237181, -0.00015149104696705738, 0.0005422204360823295], [0.00015091804696228868, 0.9999994303563147, 0.0010566507414459278], [-0.0005423802003369731, -0.001056568743142615, 0.999999294742856]], "center": [-6.710022235557749e-05, -0.010174924428107504, 0.0021925630808228413]}}, {"key": 2, "value": {"rotation": [[0.9999992724352909, -0.0010494816591191435, 0.0005947412346493144], [0.0010486060783975388, 0.9999983688659184, 0.001470608987915196], [-0.0005962836417071581, -0.0014699842686782905, 0.9999987417952426]], "center": [3.831092568419563e-05, -0.020459954653394185, 0.003030322138036212]}}, {"key": 3, "value": {"rotation": [[0.9999933068359179, -0.0025738220806688695, 0.0026003313756463972], [0.0025705714917086675, 0.9999959115230611, 0.0012526369659533858], [-0.002603544808933572, -0.00124594424414538, 0.9999958345800088]], "center": [-0.0018392757387984393, -0.02992862202850211, 0.0023298105547102503]}}, {"key": 4, "value": {"rotation": [[0.9999898903922412, -0.0035260894908284417, 0.0027903057567888238], [0.0035226371967994347, 0.9999930252071026, 0.0012411947174951455], [-0.002794662858633499, -0.0012313529346541078, 0.9999953368038558]], "center": [-0.0011988353208146466, -0.03970780979991749, 0.003309228082394679]}}, {"key": 5, "value": {"rotation": [[0.9999846985768538, -0.004863000412988342, 0.002637013299559639], [0.00486288163233193, 0.9999881747974633, 5.1453552128693483e-05], [-0.0026372323349885393, -3.862928127749425e-05, 0.9999965217506459]], "center": [-0.0006661523933538757, -0.04842845422527062, 0.004953574449306926]}}, {"key": 6, "value": {"rotation": [[0.9999774455417019, -0.006132151423454786, 0.002739548651270832], [0.0061317319586836365, 0.9999811877155348, 0.00016148750884721725], [-0.0027404873799595614, -0.0001446856885665738, 0.999996234390396]], "center": [3.5867255409779996e-05, -0.05862353810406735, 0.006144832558538323]}}, {"key": 7, "value": {"rotation": [[0.9999635278815571, -0.00792185182788767, 0.0031917346831824853], [0.007921738736957574, 0.999968621379869, 4.807315133926219e-05], [-0.0031920153593341287, -2.278730973174812e-05, 0.9999949052463638]], "center": [-0.00011697573132151097, -0.0689243019045455, 0.007086484986284301]}}, {"key": 8, "value": {"rotation": [[0.9999570257514095, -0.008413923817230893, 0.003892625899451892], [0.008412867420141601, 0.9999645698236176, 0.00028767905503663204], [-0.0038949084926825977, -0.000254918546637123, 0.9999923823231696]], "center": [-0.001293939427101499, -0.07864984885063588, 0.007149142935985966]}}, {"key": 9, "value": {"rotation": [[0.9999419708510905, -0.00973079616771459, 0.004622395091241829], [0.009730587887538777, 0.9999526544275978, 6.75467563403443e-05], [-0.004622833525018143, -2.2564214973339968e-05, 0.9999893143934369]], "center": [-0.0012299588677816785, -0.08859731070775426, 0.007710921552714908]}}], "structure": [], "control_points": []}