{"sfm_data_version": "0.3", "root_path": "/mnt/ST8000/jialei/SFM_E/ex_sea_12/1-2/images", "views": [{"key": 9, "value": {"polymorphic_id": 1073741824, "ptr_wrapper": {"id": 2147483649, "data": {"local_path": "", "filename": "038735_11734.566406.jpg", "width": 1920, "height": 1080, "id_view": 9, "id_intrinsic": 0, "id_pose": 9}}}}, {"key": 8, "value": {"polymorphic_id": 1073741824, "ptr_wrapper": {"id": 2147483650, "data": {"local_path": "", "filename": "038734_11734.465820.jpg", "width": 1920, "height": 1080, "id_view": 8, "id_intrinsic": 0, "id_pose": 8}}}}, {"key": 7, "value": {"polymorphic_id": 1073741824, "ptr_wrapper": {"id": 2147483651, "data": {"local_path": "", "filename": "038733_11734.399211.jpg", "width": 1920, "height": 1080, "id_view": 7, "id_intrinsic": 0, "id_pose": 7}}}}, {"key": 6, "value": {"polymorphic_id": 1073741824, "ptr_wrapper": {"id": 2147483652, "data": {"local_path": "", "filename": "038732_11734.299602.jpg", "width": 1920, "height": 1080, "id_view": 6, "id_intrinsic": 0, "id_pose": 6}}}}, {"key": 5, "value": {"polymorphic_id": 1073741824, "ptr_wrapper": {"id": 2147483653, "data": {"local_path": "", "filename": "038731_11734.198016.jpg", "width": 1920, "height": 1080, "id_view": 5, "id_intrinsic": 0, "id_pose": 5}}}}, {"key": 4, "value": {"polymorphic_id": 1073741824, "ptr_wrapper": {"id": 2147483654, "data": {"local_path": "", "filename": "038730_11734.100406.jpg", "width": 1920, "height": 1080, "id_view": 4, "id_intrinsic": 0, "id_pose": 4}}}}, {"key": 3, "value": {"polymorphic_id": 1073741824, "ptr_wrapper": {"id": 2147483655, "data": {"local_path": "", "filename": "038729_11733.998820.jpg", "width": 1920, "height": 1080, "id_view": 3, "id_intrinsic": 0, "id_pose": 3}}}}, {"key": 2, "value": {"polymorphic_id": 1073741824, "ptr_wrapper": {"id": 2147483656, "data": {"local_path": "", "filename": "038728_11733.899211.jpg", "width": 1920, "height": 1080, "id_view": 2, "id_intrinsic": 0, "id_pose": 2}}}}, {"key": 1, "value": {"polymorphic_id": 1073741824, "ptr_wrapper": {"id": 2147483657, "data": {"local_path": "", "filename": "038727_11733.798602.jpg", "width": 1920, "height": 1080, "id_view": 1, "id_intrinsic": 0, "id_pose": 1}}}}, {"key": 0, "value": {"polymorphic_id": 1073741824, "ptr_wrapper": {"id": 2147483658, "data": {"local_path": "", "filename": "038726_11733.699016.jpg", "width": 1920, "height": 1080, "id_view": 0, "id_intrinsic": 0, "id_pose": 0}}}}], "intrinsics": [{"key": 0, "value": {"polymorphic_id": 2147483649, "polymorphic_name": "pinhole_radial_k3", "ptr_wrapper": {"id": 2147483659, "data": {"width": 1920, "height": 1080, "focal_length": 1739.13, "principal_point": [960.0, 540.0], "disto_k3": [0.0, 0.0, 0.0]}}}}], "extrinsics": [{"key": 0, "value": {"rotation": [[0.9999998503082961, -0.0005470637828069781, 1.0227557448005142e-05], [0.0005470633948730237, 0.9999998496428067, 3.7894661935172155e-05], [-1.0248286707324712e-05, -3.788906114035689e-05, 0.9999999992296956]], "center": [102655.28827432898, -59731.17478743991, 609.3316321306136]}}, {"key": 1, "value": {"rotation": [[0.9999994944224366, 0.0007813605747693146, 0.0006329538083190268], [-0.0007820217089989821, 0.9999991482615815, 0.0010449488780962086], [-0.000632136787351947, -0.0010454433334124021, 0.9999992537253808]], "center": [102655.47512532615, -59736.935101006085, 610.3675984524673]}}, {"key": 2, "value": {"rotation": [[0.9999997582538486, -0.00011662956661256634, 0.0006854850754935888], [0.00011562935475461036, 0.9999989289905086, 0.0014589885839531565], [-0.000685654502538793, -0.0014589089690513278, 0.9999987007304173]], "center": [102655.54786207741, -59743.4442397462, 610.897883346974]}}, {"key": 3, "value": {"rotation": [[0.9999950326371569, -0.001640951562951536, 0.002691092525328933], [0.0016376161712387683, 0.999997888871937, 0.001241154682071174], [-0.0026931235188033965, -0.0012367415401677178, 0.9999956087683961]], "center": [102654.3652022371, -59749.437899447075, 610.4545046033558]}}, {"key": 4, "value": {"rotation": [[0.9999924872734917, -0.0025932195361526777, 0.0028810777520416014], [0.0025896851889483596, 0.9999958905542615, 0.0012297988499337558], [-0.002884255050812115, -0.0012223285264086792, 0.9999950934808506]], "center": [102654.77624243184, -59755.626582854646, 611.0744695584026]}}, {"key": 5, "value": {"rotation": [[0.9999885565003099, -0.0039301365026243535, 0.0027278004870504202], [0.003930041520592333, 0.9999922765498072, 4.01793489122208e-05], [-0.0027279373293450414, -2.945851994586925e-05, 0.9999962787381373]], "center": [102655.11842175637, -59761.14539230147, 612.1152419349228]}}, {"key": 6, "value": {"rotation": [[0.9999824780843634, -0.005199292534177383, 0.0028303500490660287], [0.0051988878227471925, 0.9999864743919014, 0.00015032851186598786], [-0.0028310933687699176, -0.00013561120541828793, 0.9999959832519019]], "center": [102655.56866768861, -59767.597250818864, 612.869283589204]}}, {"key": 7, "value": {"rotation": [[0.9999701889097278, -0.0069889998834778136, 0.003282555783653667], [0.006988915828758456, 0.9999755765421753, 3.707671225849588e-05], [-0.0032827347414285985, -1.4134100886130784e-05, 0.9999946117119053]], "center": [102655.47796345384, -59774.116498753945, 613.4653060093282]}}, {"key": 8, "value": {"rotation": [[0.9999640822083815, -0.0074810695721630556, 0.003983452171939509], [0.007480026333262451, 0.9999719859216544, 0.0002767272233175695], [-0.003985410794808452, -0.0002469209567434404, 0.9999920277336402]], "center": [102654.73882287691, -59780.27231357537, 613.5049656211004]}}, {"key": 9, "value": {"rotation": [[0.9999501895305074, -0.008797946905597057, 0.0047132354226153885], [0.008797777312460661, 0.9999612971999525, 5.671462404291528e-05], [-0.004713551979458392, -1.5245803391524755e-05, 0.9999888910359463]], "center": [102654.78515552358, -59786.56783797308, 613.8605825953738]}}], "structure": [], "control_points": []}