{"sfm_data_version": "0.3", "root_path": "/mnt/ST8000/jialei/SFM_E/ex_sea_12/6-1/images", "views": [{"key": 9, "value": {"polymorphic_id": 1073741824, "ptr_wrapper": {"id": 2147483649, "data": {"local_path": "", "filename": "104926_15025.847656.jpg", "width": 1920, "height": 1080, "id_view": 9, "id_intrinsic": 0, "id_pose": 9}}}}, {"key": 8, "value": {"polymorphic_id": 1073741824, "ptr_wrapper": {"id": 2147483650, "data": {"local_path": "", "filename": "104925_15025.748047.jpg", "width": 1920, "height": 1080, "id_view": 8, "id_intrinsic": 0, "id_pose": 8}}}}, {"key": 7, "value": {"polymorphic_id": 1073741824, "ptr_wrapper": {"id": 2147483651, "data": {"local_path": "", "filename": "104924_15025.647461.jpg", "width": 1920, "height": 1080, "id_view": 7, "id_intrinsic": 0, "id_pose": 7}}}}, {"key": 6, "value": {"polymorphic_id": 1073741824, "ptr_wrapper": {"id": 2147483652, "data": {"local_path": "", "filename": "104923_15025.547852.jpg", "width": 1920, "height": 1080, "id_view": 6, "id_intrinsic": 0, "id_pose": 6}}}}, {"key": 5, "value": {"polymorphic_id": 1073741824, "ptr_wrapper": {"id": 2147483653, "data": {"local_path": "", "filename": "104922_15025.447266.jpg", "width": 1920, "height": 1080, "id_view": 5, "id_intrinsic": 0, "id_pose": 5}}}}, {"key": 4, "value": {"polymorphic_id": 1073741824, "ptr_wrapper": {"id": 2147483654, "data": {"local_path": "", "filename": "104921_15025.347656.jpg", "width": 1920, "height": 1080, "id_view": 4, "id_intrinsic": 0, "id_pose": 4}}}}, {"key": 3, "value": {"polymorphic_id": 1073741824, "ptr_wrapper": {"id": 2147483655, "data": {"local_path": "", "filename": "104920_15025.280047.jpg", "width": 1920, "height": 1080, "id_view": 3, "id_intrinsic": 0, "id_pose": 3}}}}, {"key": 2, "value": {"polymorphic_id": 1073741824, "ptr_wrapper": {"id": 2147483656, "data": {"local_path": "", "filename": "104919_15025.248047.jpg", "width": 1920, "height": 1080, "id_view": 2, "id_intrinsic": 0, "id_pose": 2}}}}, {"key": 1, "value": {"polymorphic_id": 1073741824, "ptr_wrapper": {"id": 2147483657, "data": {"local_path": "", "filename": "104918_15025.147461.jpg", "width": 1920, "height": 1080, "id_view": 1, "id_intrinsic": 0, "id_pose": 1}}}}, {"key": 0, "value": {"polymorphic_id": 1073741824, "ptr_wrapper": {"id": 2147483658, "data": {"local_path": "", "filename": "104917_15025.047852.jpg", "width": 1920, "height": 1080, "id_view": 0, "id_intrinsic": 0, "id_pose": 0}}}}], "intrinsics": [{"key": 0, "value": {"polymorphic_id": 2147483649, "polymorphic_name": "pinhole_radial_k3", "ptr_wrapper": {"id": 2147483659, "data": {"width": 1920, "height": 1080, "focal_length": 1739.13, "principal_point": [960.0, 540.0], "disto_k3": [0.0, 0.0, 0.0]}}}}], "extrinsics": [{"key": 0, "value": {"rotation": [[0.9999990099055763, -0.0007646424225049818, 0.0011813169907578238], [0.0007653575635167577, 0.9999995240754902, -0.0006050426373106737], [-0.0011808537872722007, 0.0006059461681551226, 0.9999991192063993]], "center": [0.0003152860533000886, -0.0015987957889581328, 0.001554028975346407]}}, {"key": 1, "value": {"rotation": [[0.9999998610536958, 0.00023996819475159703, 0.00046936963543225664], [-0.00024008746325874107, 0.9999999389048091, 0.00025406374798563004], [-0.00046930863953706685, -0.00025417640244952455, 0.9999998575718685]], "center": [0.0009081501101654143, -0.011282210996537988, 0.001698068674725311]}}, {"key": 2, "value": {"rotation": [[0.9999987465320941, 0.0002712897688083396, 0.0015599154151105452], [-0.0002744498302025123, 0.999997910133912, 0.002025933142759988], [-0.0015593625401623037, -0.0020263587218385835, 0.9999967311240565]], "center": [0.0016958186783711704, -0.022923698634577817, 0.0010691142917001496]}}, {"key": 3, "value": {"rotation": [[0.9999973077990651, -3.7046472619374555e-05, 0.0023201340869092716], [3.193291529559173e-05, 0.999997570700312, 0.0022039904182455275], [-0.0023202101006789388, -0.002203910396015182, 0.9999948796889185]], "center": [0.001957368396125349, -0.03312870541714123, 0.0008819746776337026]}}, {"key": 4, "value": {"rotation": [[0.9999924575769056, -0.0012334598747630941, 0.0036828475448741206], [0.0012277105028252668, 0.9999980249173485, 0.001562974191707123], [-0.0036847681368965945, -0.001558440932483354, 0.9999919968407931]], "center": [0.0029772195782464695, -0.04279527580610626, 0.0005673459000296173]}}, {"key": 5, "value": {"rotation": [[0.999989541658021, -0.0012574545893716423, 0.004397201671295042], [0.00124850066091472, 0.9999971430180444, 0.002038431222563254], [-0.004399752343265131, -0.0020329199947596425, 0.9999882546388293]], "center": [0.003118070812548783, -0.05311083406911523, 0.00017647202944073484]}}, {"key": 6, "value": {"rotation": [[0.9999839696514219, -0.0018150852413321111, 0.005363385661299013], [0.0018028714698486367, 0.9999957728627966, 0.0022812082329747357], [-0.005367503576928003, -0.0022715021694210266, 0.9999830149473767]], "center": [0.003290525902973012, -0.06305355920082666, -8.3959242017898e-05]}}, {"key": 7, "value": {"rotation": [[0.9999801491946445, -0.001723270859689025, 0.006060656251717125], [0.0017056893773548115, 0.9999943260912124, 0.002904893996474601], [-0.00606562778328095, -0.002894498735000935, 0.9999774147632873]], "center": [0.0034641789898511776, -0.07353912683219758, -0.0005588114803891137]}}, {"key": 8, "value": {"rotation": [[0.9999734755380707, -0.0023877303543008645, 0.006880913025711389], [0.0023610890521162946, 0.9999896958703504, 0.0038772943675297435], [-0.006890100057345334, -0.003860945075969282, 0.9999688093257307]], "center": [0.00498964367380884, -0.08432967824786106, -0.0006962684557231752]}}, {"key": 9, "value": {"rotation": [[0.9999676030614278, -0.002791467780333905, 0.0075498698806327254], [0.0027609920840864248, 0.9999880114191341, 0.004044000583304495], [-0.007561068065739061, -0.00402302443908964, 0.9999633220893991]], "center": [0.005821480566122945, -0.09476937663227003, -0.000821079764879142]}}], "structure": [], "control_points": []}