{"sfm_data_version": "0.3", "root_path": "/mnt/ST8000/jialei/SFM_E/ex_sea_12/6-1/images", "views": [{"key": 9, "value": {"polymorphic_id": 1073741824, "ptr_wrapper": {"id": 2147483649, "data": {"local_path": "", "filename": "104926_15025.847656.jpg", "width": 1920, "height": 1080, "id_view": 9, "id_intrinsic": 0, "id_pose": 9}}}}, {"key": 8, "value": {"polymorphic_id": 1073741824, "ptr_wrapper": {"id": 2147483650, "data": {"local_path": "", "filename": "104925_15025.748047.jpg", "width": 1920, "height": 1080, "id_view": 8, "id_intrinsic": 0, "id_pose": 8}}}}, {"key": 7, "value": {"polymorphic_id": 1073741824, "ptr_wrapper": {"id": 2147483651, "data": {"local_path": "", "filename": "104924_15025.647461.jpg", "width": 1920, "height": 1080, "id_view": 7, "id_intrinsic": 0, "id_pose": 7}}}}, {"key": 6, "value": {"polymorphic_id": 1073741824, "ptr_wrapper": {"id": 2147483652, "data": {"local_path": "", "filename": "104923_15025.547852.jpg", "width": 1920, "height": 1080, "id_view": 6, "id_intrinsic": 0, "id_pose": 6}}}}, {"key": 5, "value": {"polymorphic_id": 1073741824, "ptr_wrapper": {"id": 2147483653, "data": {"local_path": "", "filename": "104922_15025.447266.jpg", "width": 1920, "height": 1080, "id_view": 5, "id_intrinsic": 0, "id_pose": 5}}}}, {"key": 4, "value": {"polymorphic_id": 1073741824, "ptr_wrapper": {"id": 2147483654, "data": {"local_path": "", "filename": "104921_15025.347656.jpg", "width": 1920, "height": 1080, "id_view": 4, "id_intrinsic": 0, "id_pose": 4}}}}, {"key": 3, "value": {"polymorphic_id": 1073741824, "ptr_wrapper": {"id": 2147483655, "data": {"local_path": "", "filename": "104920_15025.280047.jpg", "width": 1920, "height": 1080, "id_view": 3, "id_intrinsic": 0, "id_pose": 3}}}}, {"key": 2, "value": {"polymorphic_id": 1073741824, "ptr_wrapper": {"id": 2147483656, "data": {"local_path": "", "filename": "104919_15025.248047.jpg", "width": 1920, "height": 1080, "id_view": 2, "id_intrinsic": 0, "id_pose": 2}}}}, {"key": 1, "value": {"polymorphic_id": 1073741824, "ptr_wrapper": {"id": 2147483657, "data": {"local_path": "", "filename": "104918_15025.147461.jpg", "width": 1920, "height": 1080, "id_view": 1, "id_intrinsic": 0, "id_pose": 1}}}}, {"key": 0, "value": {"polymorphic_id": 1073741824, "ptr_wrapper": {"id": 2147483658, "data": {"local_path": "", "filename": "104917_15025.047852.jpg", "width": 1920, "height": 1080, "id_view": 0, "id_intrinsic": 0, "id_pose": 0}}}}], "intrinsics": [{"key": 0, "value": {"polymorphic_id": 2147483649, "polymorphic_name": "pinhole_radial_k3", "ptr_wrapper": {"id": 2147483659, "data": {"width": 1920, "height": 1080, "focal_length": 1739.13, "principal_point": [960.0, 540.0], "disto_k3": [0.0, 0.0, 0.0]}}}}], "extrinsics": [{"key": 0, "value": {"rotation": [[0.999999955998173, 0.00018818653726244242, 0.00022932396071407744], [-0.00018821879694769198, 0.9999999723942915, 0.00014065952027288072], [-0.00022929748415537342, -0.00014070267716360187, 0.9999999638127096]], "center": [102655.28827501815, -59731.17478810032, 609.3316322706081]}}, {"key": 1, "value": {"rotation": [[0.9999991718826101, 0.0011933280032382463, -0.0004818738120971363], [-0.0011928453227294555, 0.9999987878368326, 0.0010007221899238305], [0.00048306741780015347, -0.0010001465602854913, 0.9999993831761737]], "center": [102655.69246512446, -59737.67356661762, 609.4230757410808]}}, {"key": 2, "value": {"rotation": [[0.9999990658577688, 0.0012238354646006851, 0.0006086956099452531], [-0.0012255186688007002, 0.9999954053265384, 0.002772621467928085], [-0.0006052995807053304, -0.0027733648457388504, 0.9999959710218086]], "center": [102656.22815793978, -59745.48600647632, 608.9946139657444]}}, {"key": 3, "value": {"rotation": [[0.999998644800188, 0.0009149313165489203, 0.001368684943231481], [-0.0009189663435256959, 0.9999952253477181, 0.002950386860464344], [-0.001365979006902219, -0.002951640637498338, 0.9999947109454627]], "center": [102656.41010633398, -59752.33490086964, 608.8637345848854]}}, {"key": 4, "value": {"rotation": [[0.999996232249632, -0.0002825017687501544, 0.0027305089802618075], [0.0002761993930585372, 0.9999972978817698, 0.0023082337521368886], [-0.0027311536822213905, -0.0023074708903652497, 0.9999936081683991]], "center": [102657.10056764752, -59758.82187106896, 608.6470755632319]}}, {"key": 5, "value": {"rotation": [[0.9999940193608784, -0.0003070318140548741, 0.0034448474482497754], [0.0002974430713178749, 0.9999960813468064, 0.0027836699968500902], [-0.0034456886243361745, -0.00278262870271918, 0.9999901920556052]], "center": [102657.20144901582, -59765.74493811083, 608.3794803246423]}}, {"key": 6, "value": {"rotation": [[0.9999898987175476, -0.0008653876837842164, 0.00441061980074322], [0.0008520458391161677, 0.9999950589057577, 0.003025918366241011], [-0.004413216599941378, -0.0030221297503357663, 0.9999856950231907]], "center": [102657.32338639832, -59772.41782085597, 608.1995990673997]}}, {"key": 7, "value": {"rotation": [[0.9999866546598409, -0.0007740968441889099, 0.005107962049229638], [0.0007554590457091689, 0.9999930544796981, 0.00364969505501467], [-0.0051107517891998445, -0.003645787492457446, 0.9999802940306918]], "center": [102657.44633801086, -59779.45492775491, 607.8755350954685]}}, {"key": 8, "value": {"rotation": [[0.9999813952332299, -0.0014391737368762076, 0.00592772860026749], [0.001411788393376733, 0.9999883243767689, 0.004621467697028951], [-0.005934310485277083, -0.00461301301726332, 0.9999717516359982]], "center": [102658.4769771251, -59786.69603000779, 607.7769001159289]}}, {"key": 9, "value": {"rotation": [[0.9999765444599545, -0.0018434151903689367, 0.006596389191438129], [0.001811851394342153, 0.9999868970350286, 0.0047877920569009795], [-0.006605128647787615, -0.004775728079698469, 0.9999667817967027]], "center": [102659.04186727149, -59793.70210532004, 607.6873710420156]}}], "structure": [], "control_points": []}