{"sfm_data_version": "0.3", "root_path": "/mnt/ST8000/jialei/SFM_E/ex_sea_12/1-3/images", "views": [{"key": 9, "value": {"polymorphic_id": 1073741824, "ptr_wrapper": {"id": 2147483649, "data": {"local_path": "", "filename": "051561_13000.366211.jpg", "width": 1920, "height": 1080, "id_view": 9, "id_intrinsic": 0, "id_pose": 9}}}}, {"key": 8, "value": {"polymorphic_id": 1073741824, "ptr_wrapper": {"id": 2147483650, "data": {"local_path": "", "filename": "051560_13000.298602.jpg", "width": 1920, "height": 1080, "id_view": 8, "id_intrinsic": 0, "id_pose": 8}}}}, {"key": 7, "value": {"polymorphic_id": 1073741824, "ptr_wrapper": {"id": 2147483651, "data": {"local_path": "", "filename": "051559_13000.166016.jpg", "width": 1920, "height": 1080, "id_view": 7, "id_intrinsic": 0, "id_pose": 7}}}}, {"key": 6, "value": {"polymorphic_id": 1073741824, "ptr_wrapper": {"id": 2147483652, "data": {"local_path": "", "filename": "051558_13000.098406.jpg", "width": 1920, "height": 1080, "id_view": 6, "id_intrinsic": 0, "id_pose": 6}}}}, {"key": 5, "value": {"polymorphic_id": 1073741824, "ptr_wrapper": {"id": 2147483653, "data": {"local_path": "", "filename": "051557_12999.965820.jpg", "width": 1920, "height": 1080, "id_view": 5, "id_intrinsic": 0, "id_pose": 5}}}}, {"key": 4, "value": {"polymorphic_id": 1073741824, "ptr_wrapper": {"id": 2147483654, "data": {"local_path": "", "filename": "051556_12999.898211.jpg", "width": 1920, "height": 1080, "id_view": 4, "id_intrinsic": 0, "id_pose": 4}}}}, {"key": 3, "value": {"polymorphic_id": 1073741824, "ptr_wrapper": {"id": 2147483655, "data": {"local_path": "", "filename": "051555_12999.766602.jpg", "width": 1920, "height": 1080, "id_view": 3, "id_intrinsic": 0, "id_pose": 3}}}}, {"key": 2, "value": {"polymorphic_id": 1073741824, "ptr_wrapper": {"id": 2147483656, "data": {"local_path": "", "filename": "051554_12999.698016.jpg", "width": 1920, "height": 1080, "id_view": 2, "id_intrinsic": 0, "id_pose": 2}}}}, {"key": 1, "value": {"polymorphic_id": 1073741824, "ptr_wrapper": {"id": 2147483657, "data": {"local_path": "", "filename": "051553_12999.598406.jpg", "width": 1920, "height": 1080, "id_view": 1, "id_intrinsic": 0, "id_pose": 1}}}}, {"key": 0, "value": {"polymorphic_id": 1073741824, "ptr_wrapper": {"id": 2147483658, "data": {"local_path": "", "filename": "051552_12999.465820.jpg", "width": 1920, "height": 1080, "id_view": 0, "id_intrinsic": 0, "id_pose": 0}}}}], "intrinsics": [{"key": 0, "value": {"polymorphic_id": 2147483649, "polymorphic_name": "pinhole_radial_k3", "ptr_wrapper": {"id": 2147483659, "data": {"width": 1920, "height": 1080, "focal_length": 1739.13, "principal_point": [960.0, 540.0], "disto_k3": [0.0, 0.0, 0.0]}}}}], "extrinsics": [{"key": 0, "value": {"rotation": [[0.999999992868504, 0.00011070034474992348, 4.481545978506913e-05], [-0.00011070759331792185, 0.9999999807867562, 0.00016177242038508313], [-4.479755066131067e-05, -0.00016177738064309982, 0.9999999859106292]], "center": [102655.28827490407, -59731.17478788104, 609.3316320758265]}}, {"key": 1, "value": {"rotation": [[0.9999986005042937, 0.0015801442802261055, 0.0005496667239343806], [-0.0015814694735578154, 0.9999958239740231, 0.002418881729011391], [-0.0005458422463832149, -0.002419747624941292, 0.9999969234341044]], "center": [102655.45033121707, -59737.3091852556, 610.4618994348635]}}, {"key": 2, "value": {"rotation": [[0.9999943112558476, 0.0031039994318645516, -0.0013200922200199802], [-0.003116182603297054, 0.9999516251657904, -0.009329348009252999], [0.0012910700698572912, 0.009333408585389894, 0.9999556093258607]], "center": [102657.27722923734, -59738.48058018393, 617.4209915706062]}}, {"key": 3, "value": {"rotation": [[0.9999978849669101, 0.0013408309510802962, -0.0015595621394223684], [-0.0013588996867899667, 0.9999312945966671, -0.011643001240031385], [0.0015438436926503898, 0.01164509590320133, 0.9999310017636509]], "center": [102657.37526617652, -59744.74709748491, 618.4130598636427]}}, {"key": 4, "value": {"rotation": [[0.9999992046386469, -0.00028647541386671755, -0.0012282727346754686], [0.0002693847922122052, 0.9999034650413009, -0.013892013181471907], [0.0012321338836432695, 0.013891671254306156, 0.9999027469288478]], "center": [102656.85731881279, -59750.81791559381, 618.815499637001]}}, {"key": 5, "value": {"rotation": [[0.9999982690591862, -0.0016863026920309115, -0.0007862962941739151], [0.0016742757081845076, 0.9998852891638597, -0.015053415378539875], [0.0008115907123455767, 0.01505207284518411, 0.999886381757237]], "center": [102656.82398699965, -59757.58632367722, 619.248597209238]}}, {"key": 6, "value": {"rotation": [[0.999994120600893, -0.0033514880363569254, -0.0007254595706276931], [0.003338980601981094, 0.9998565513216269, -0.01660505910146906], [0.0007810071613325798, 0.01660253917826559, 0.9998618633194528]], "center": [102656.70090229619, -59764.20655691731, 619.9238707650642]}}, {"key": 7, "value": {"rotation": [[0.9999892185755291, -0.004629374752557132, -0.0003627976062196403], [0.004622037969151975, 0.9998250055790783, -0.018127189076304805], [0.0004466516701072401, 0.018125316775073855, 0.9998356231871761]], "center": [102656.0226687908, -59770.74342706563, 620.4017452092168]}}, {"key": 8, "value": {"rotation": [[0.9999839668298286, -0.005661561360906522, -0.00011316464576890514], [0.005658215096236831, 0.9997883199312472, -0.0197813025602318], [0.000225133749312271, 0.019780345093334584, 0.9998043244869385]], "center": [102655.84091224747, -59774.52309232643, 620.8011027387848]}}, {"key": 9, "value": {"rotation": [[0.9999748006977247, -0.007033017031693153, -0.0009667683164365188], [0.00701028945510777, 0.9997380763938543, -0.021786106813104146], [0.001119737157263546, 0.02177878049267891, 0.9997621871770058]], "center": [102655.54443886211, -59780.8560852814, 621.9593895144742]}}], "structure": [], "control_points": []}