{"sfm_data_version": "0.3", "root_path": "/mnt/ST8000/jialei/SFM_E/ex_sea_12/1-3/images", "views": [{"key": 9, "value": {"polymorphic_id": 1073741824, "ptr_wrapper": {"id": 2147483649, "data": {"local_path": "", "filename": "051561_13000.366211.jpg", "width": 1920, "height": 1080, "id_view": 9, "id_intrinsic": 0, "id_pose": 9}}}}, {"key": 8, "value": {"polymorphic_id": 1073741824, "ptr_wrapper": {"id": 2147483650, "data": {"local_path": "", "filename": "051560_13000.298602.jpg", "width": 1920, "height": 1080, "id_view": 8, "id_intrinsic": 0, "id_pose": 8}}}}, {"key": 7, "value": {"polymorphic_id": 1073741824, "ptr_wrapper": {"id": 2147483651, "data": {"local_path": "", "filename": "051559_13000.166016.jpg", "width": 1920, "height": 1080, "id_view": 7, "id_intrinsic": 0, "id_pose": 7}}}}, {"key": 6, "value": {"polymorphic_id": 1073741824, "ptr_wrapper": {"id": 2147483652, "data": {"local_path": "", "filename": "051558_13000.098406.jpg", "width": 1920, "height": 1080, "id_view": 6, "id_intrinsic": 0, "id_pose": 6}}}}, {"key": 5, "value": {"polymorphic_id": 1073741824, "ptr_wrapper": {"id": 2147483653, "data": {"local_path": "", "filename": "051557_12999.965820.jpg", "width": 1920, "height": 1080, "id_view": 5, "id_intrinsic": 0, "id_pose": 5}}}}, {"key": 4, "value": {"polymorphic_id": 1073741824, "ptr_wrapper": {"id": 2147483654, "data": {"local_path": "", "filename": "051556_12999.898211.jpg", "width": 1920, "height": 1080, "id_view": 4, "id_intrinsic": 0, "id_pose": 4}}}}, {"key": 3, "value": {"polymorphic_id": 1073741824, "ptr_wrapper": {"id": 2147483655, "data": {"local_path": "", "filename": "051555_12999.766602.jpg", "width": 1920, "height": 1080, "id_view": 3, "id_intrinsic": 0, "id_pose": 3}}}}, {"key": 2, "value": {"polymorphic_id": 1073741824, "ptr_wrapper": {"id": 2147483656, "data": {"local_path": "", "filename": "051554_12999.698016.jpg", "width": 1920, "height": 1080, "id_view": 2, "id_intrinsic": 0, "id_pose": 2}}}}, {"key": 1, "value": {"polymorphic_id": 1073741824, "ptr_wrapper": {"id": 2147483657, "data": {"local_path": "", "filename": "051553_12999.598406.jpg", "width": 1920, "height": 1080, "id_view": 1, "id_intrinsic": 0, "id_pose": 1}}}}, {"key": 0, "value": {"polymorphic_id": 1073741824, "ptr_wrapper": {"id": 2147483658, "data": {"local_path": "", "filename": "051552_12999.465820.jpg", "width": 1920, "height": 1080, "id_view": 0, "id_intrinsic": 0, "id_pose": 0}}}}], "intrinsics": [{"key": 0, "value": {"polymorphic_id": 2147483649, "polymorphic_name": "pinhole_radial_k3", "ptr_wrapper": {"id": 2147483659, "data": {"width": 1920, "height": 1080, "focal_length": 1739.13, "principal_point": [960.0, 540.0], "disto_k3": [0.0, 0.0, 0.0]}}}}], "extrinsics": [{"key": 0, "value": {"rotation": [[0.9999988376352937, -0.0012170430882449787, 0.0009184411700334076], [0.0012173266884839583, 0.9999992115366547, -0.0003082885050372688], [-0.0009180652454819808, 0.0003094061896416409, 0.9999995307118973]], "center": [-0.00018128390031677102, -0.0015488837091921343, 0.0017419040872715674]}}, {"key": 1, "value": {"rotation": [[0.9999989561902762, 0.00025263908511519184, 0.0014226003833291915], [-0.0002554094307756148, 0.9999980709316014, 0.001947536674491229], [-0.0014221056151520815, -0.0019478979871876347, 0.9999970916502963]], "center": [5.3319356466099655e-05, -0.010959406060810884, 0.0034805305693167638]}}, {"key": 2, "value": {"rotation": [[0.9999983232926377, 0.0017756175313094786, -0.0004478775452208366], [-0.0017799224997489932, 0.9999503750325304, -0.009802007355471131], [0.0004304507032097976, 0.009802788107693122, 0.9999518588699698]], "center": [0.002844323653023848, -0.012755178495817589, 0.014160033490865856]}}, {"key": 3, "value": {"rotation": [[0.9999997642720844, 1.2333235339503851e-05, -0.0006865155985658714], [-2.0648863840730948e-05, 0.9999266212083897, -0.01211411459407764], [0.0006863158166545308, 0.012114125914209784, 0.9999263857524386]], "center": [0.0029806283064182063, -0.022368360463790815, 0.01568665294381662]}}, {"key": 4, "value": {"rotation": [[0.9999986333606926, -0.001614817188418305, -0.00035446042825178236], [0.0016095601022713723, 0.9998955701390463, -0.014361689753967437], [0.0003776149154678825, 0.014361099601354576, 0.9998968027877756]], "center": [0.0021731170824242025, -0.03168048437949559, 0.016307733982160424]}}, {"key": 5, "value": {"rotation": [[0.999995452697443, -0.003014433609402586, 8.817284597460253e-05], [0.0030154390684718037, 0.9998749817510606, -0.01552185541555716], [-4.137222011493399e-05, 0.015522050712828904, 0.9998795248578739]], "center": [0.0021076100797955944, -0.04206377223947615, 0.016977000830316558]}}, {"key": 6, "value": {"rotation": [[0.999989039472496, -0.004679583131289042, 0.00014978849255303935], [0.004681458357668062, 0.9998433025848799, -0.017072030453534524], [-6.987503535630696e-05, 0.017072544563665526, 0.9998542510484221]], "center": [0.0019043873930664583, -0.05221938165105509, 0.01801757199474032]}}, {"key": 7, "value": {"rotation": [[0.9999821235725412, -0.005957291211772586, 0.0005130465566298032], [0.005965801105864161, 0.9998093361638201, -0.018593023875287017], [-0.0004021846794727266, 0.01859575223215935, 0.9998270031592483]], "center": [0.0008499245855525528, -0.06224611246553516, 0.0187545014302779]}}, {"key": 8, "value": {"rotation": [[0.9999752829658307, -0.0069893522145754675, 0.0007631598965888355], [0.007003372327706587, 0.9997704954607938, -0.02024621401938798], [-0.0006214768271353086, 0.02025105828592561, 0.9997947331351836]], "center": [0.0005628487676329161, -0.06804397987495607, 0.019369652592450444]}}, {"key": 9, "value": {"rotation": [[0.999965040552772, -0.008361196506905737, -8.980682730100716e-05], [0.008357128546649424, 0.9997175122257331, -0.02224981239575415], [0.00027581651165285286, 0.02224828402741171, 0.9997524382481332]], "center": [9.356241264738647e-05, -0.07775822089236799, 0.02115079333269939]}}], "structure": [], "control_points": []}