{"sfm_data_version": "0.3", "root_path": "/mnt/ST8000/jialei/SFM_E/ex_sea_12/1-5/images", "views": [{"key": 9, "value": {"polymorphic_id": 1073741824, "ptr_wrapper": {"id": 2147483649, "data": {"local_path": "", "filename": "075418_15357.965820.jpg", "width": 1920, "height": 1080, "id_view": 9, "id_intrinsic": 0, "id_pose": 9}}}}, {"key": 8, "value": {"polymorphic_id": 1073741824, "ptr_wrapper": {"id": 2147483650, "data": {"local_path": "", "filename": "075417_15357.866211.jpg", "width": 1920, "height": 1080, "id_view": 8, "id_intrinsic": 0, "id_pose": 8}}}}, {"key": 7, "value": {"polymorphic_id": 1073741824, "ptr_wrapper": {"id": 2147483651, "data": {"local_path": "", "filename": "075416_15357.766602.jpg", "width": 1920, "height": 1080, "id_view": 7, "id_intrinsic": 0, "id_pose": 7}}}}, {"key": 6, "value": {"polymorphic_id": 1073741824, "ptr_wrapper": {"id": 2147483652, "data": {"local_path": "", "filename": "075415_15357.666016.jpg", "width": 1920, "height": 1080, "id_view": 6, "id_intrinsic": 0, "id_pose": 6}}}}, {"key": 5, "value": {"polymorphic_id": 1073741824, "ptr_wrapper": {"id": 2147483653, "data": {"local_path": "", "filename": "075414_15357.566406.jpg", "width": 1920, "height": 1080, "id_view": 5, "id_intrinsic": 0, "id_pose": 5}}}}, {"key": 4, "value": {"polymorphic_id": 1073741824, "ptr_wrapper": {"id": 2147483654, "data": {"local_path": "", "filename": "075413_15357.497820.jpg", "width": 1920, "height": 1080, "id_view": 4, "id_intrinsic": 0, "id_pose": 4}}}}, {"key": 3, "value": {"polymorphic_id": 1073741824, "ptr_wrapper": {"id": 2147483655, "data": {"local_path": "", "filename": "075412_15357.398211.jpg", "width": 1920, "height": 1080, "id_view": 3, "id_intrinsic": 0, "id_pose": 3}}}}, {"key": 2, "value": {"polymorphic_id": 1073741824, "ptr_wrapper": {"id": 2147483656, "data": {"local_path": "", "filename": "075411_15357.299602.jpg", "width": 1920, "height": 1080, "id_view": 2, "id_intrinsic": 0, "id_pose": 2}}}}, {"key": 1, "value": {"polymorphic_id": 1073741824, "ptr_wrapper": {"id": 2147483657, "data": {"local_path": "", "filename": "075410_15357.198016.jpg", "width": 1920, "height": 1080, "id_view": 1, "id_intrinsic": 0, "id_pose": 1}}}}, {"key": 0, "value": {"polymorphic_id": 1073741824, "ptr_wrapper": {"id": 2147483658, "data": {"local_path": "", "filename": "075409_15357.099406.jpg", "width": 1920, "height": 1080, "id_view": 0, "id_intrinsic": 0, "id_pose": 0}}}}], "intrinsics": [{"key": 0, "value": {"polymorphic_id": 2147483649, "polymorphic_name": "pinhole_radial_k3", "ptr_wrapper": {"id": 2147483659, "data": {"width": 1920, "height": 1080, "focal_length": 1739.13, "principal_point": [960.0, 540.0], "disto_k3": [0.0, 0.0, 0.0]}}}}], "extrinsics": [{"key": 0, "value": {"rotation": [[0.9999998869065856, -0.00034706558414241936, 0.0003251650294382981], [0.0003471210827214466, 0.9999999251949293, -0.0001706373046983203], [-0.000325105782778496, 0.00017075015703740365, 0.9999999325753047]], "center": [0.000221581281857985, -0.0005136495424894197, 0.0003113281256087643]}}, {"key": 1, "value": {"rotation": [[0.9999995173675129, 0.00017902676047447478, 0.0009660301031869133], [-0.00017907315904533888, 0.9999999828170945, 4.794386881455777e-05], [-0.0009660215033521905, -4.811683573760638e-05, 0.9999995322435031]], "center": [-0.00021011833623322623, -0.011252382220832512, 0.0011682734502457869]}}, {"key": 2, "value": {"rotation": [[0.9999987949146115, -0.0010328914640185974, 0.0011590101587627135], [0.0010332690255658089, 0.9999994132964262, -0.0003252105842828491], [-0.0011586735715308008, 0.00032640776167369224, 0.9999992754665014]], "center": [0.0005967565865381417, -0.022345324003561866, 0.001887205124446805]}}, {"key": 3, "value": {"rotation": [[0.9999987344512923, -0.0015906748804056221, 2.914169403152057e-05], [0.0015906983019745573, 0.9999983968825159, -0.0008221382549577246], [-2.783389264359309e-05, 0.000822183570144955, 0.9999996616196685]], "center": [0.0005532217551282405, -0.032598997744785085, 0.0031017264098900056]}}, {"key": 4, "value": {"rotation": [[0.9999968702615283, -0.0018178047846124324, 0.001719026734203176], [0.001816484366293248, 0.9999980542258172, 0.0007693693042885745], [-0.001720421952567771, -0.0007662443111759383, 0.9999982265074079]], "center": [0.00013910629719244492, -0.04487468161981255, 0.0017500236213975374]}}, {"key": 5, "value": {"rotation": [[0.9999993941117011, -0.0006573973928770869, 0.0008829523758518714], [0.0006662844323509751, 0.999948742968632, -0.010102846158760446], [-0.0008762655336087533, 0.010103428334986715, 0.9999485751250387]], "center": [0.0018040161236119177, -0.04656967925226859, 0.013360601571734113]}}, {"key": 6, "value": {"rotation": [[0.9999981473847569, -0.001155526233922475, 0.0015394759420461715], [0.0011697806838996698, 0.9999561554641544, -0.009290789121421467], [-0.0015286726938743154, 0.009292572758384255, 0.9999556546424074]], "center": [0.0007166856601691319, -0.058117977305924065, 0.01309047754868302]}}, {"key": 7, "value": {"rotation": [[0.9999995173356343, 0.000476064228405978, 0.000859471551814443], [-0.00045850416926947803, 0.9997934814072921, -0.020317094019889757], [-0.0008689662966469944, 0.020316690142262596, 0.99979321712004]], "center": [0.0032984806703020017, -0.05950441437338125, 0.025279762338065514]}}, {"key": 8, "value": {"rotation": [[0.999999530985675, -0.0007589412794453934, 0.0006016947435443606], [0.0007714118219040409, 0.9997790998320726, -0.02100372497370618], [-0.0005856212351697019, 0.02100417927709666, 0.9997792163776288]], "center": [0.0032225799261876233, -0.06974936224389651, 0.026327303066257544]}}, {"key": 9, "value": {"rotation": [[0.9999981520994405, -0.0018650732987897838, -0.00046615372380266724], [0.0018542923433097149, 0.9997530136707866, -0.02214663080662747], [0.0005073436799812757, 0.022145725496575185, 0.9997546246177718]], "center": [0.003703538405847066, -0.0799036033801605, 0.028246736650352683]}}], "structure": [], "control_points": []}