{"sfm_data_version": "0.3", "root_path": "/mnt/ST8000/jialei/SFM_E/ex_sea_12/1-5/images", "views": [{"key": 9, "value": {"polymorphic_id": 1073741824, "ptr_wrapper": {"id": 2147483649, "data": {"local_path": "", "filename": "075418_15357.965820.jpg", "width": 1920, "height": 1080, "id_view": 9, "id_intrinsic": 0, "id_pose": 9}}}}, {"key": 8, "value": {"polymorphic_id": 1073741824, "ptr_wrapper": {"id": 2147483650, "data": {"local_path": "", "filename": "075417_15357.866211.jpg", "width": 1920, "height": 1080, "id_view": 8, "id_intrinsic": 0, "id_pose": 8}}}}, {"key": 7, "value": {"polymorphic_id": 1073741824, "ptr_wrapper": {"id": 2147483651, "data": {"local_path": "", "filename": "075416_15357.766602.jpg", "width": 1920, "height": 1080, "id_view": 7, "id_intrinsic": 0, "id_pose": 7}}}}, {"key": 6, "value": {"polymorphic_id": 1073741824, "ptr_wrapper": {"id": 2147483652, "data": {"local_path": "", "filename": "075415_15357.666016.jpg", "width": 1920, "height": 1080, "id_view": 6, "id_intrinsic": 0, "id_pose": 6}}}}, {"key": 5, "value": {"polymorphic_id": 1073741824, "ptr_wrapper": {"id": 2147483653, "data": {"local_path": "", "filename": "075414_15357.566406.jpg", "width": 1920, "height": 1080, "id_view": 5, "id_intrinsic": 0, "id_pose": 5}}}}, {"key": 4, "value": {"polymorphic_id": 1073741824, "ptr_wrapper": {"id": 2147483654, "data": {"local_path": "", "filename": "075413_15357.497820.jpg", "width": 1920, "height": 1080, "id_view": 4, "id_intrinsic": 0, "id_pose": 4}}}}, {"key": 3, "value": {"polymorphic_id": 1073741824, "ptr_wrapper": {"id": 2147483655, "data": {"local_path": "", "filename": "075412_15357.398211.jpg", "width": 1920, "height": 1080, "id_view": 3, "id_intrinsic": 0, "id_pose": 3}}}}, {"key": 2, "value": {"polymorphic_id": 1073741824, "ptr_wrapper": {"id": 2147483656, "data": {"local_path": "", "filename": "075411_15357.299602.jpg", "width": 1920, "height": 1080, "id_view": 2, "id_intrinsic": 0, "id_pose": 2}}}}, {"key": 1, "value": {"polymorphic_id": 1073741824, "ptr_wrapper": {"id": 2147483657, "data": {"local_path": "", "filename": "075410_15357.198016.jpg", "width": 1920, "height": 1080, "id_view": 1, "id_intrinsic": 0, "id_pose": 1}}}}, {"key": 0, "value": {"polymorphic_id": 1073741824, "ptr_wrapper": {"id": 2147483658, "data": {"local_path": "", "filename": "075409_15357.099406.jpg", "width": 1920, "height": 1080, "id_view": 0, "id_intrinsic": 0, "id_pose": 0}}}}], "intrinsics": [{"key": 0, "value": {"polymorphic_id": 2147483649, "polymorphic_name": "pinhole_radial_k3", "ptr_wrapper": {"id": 2147483659, "data": {"width": 1920, "height": 1080, "focal_length": 1739.13, "principal_point": [960.0, 540.0], "disto_k3": [0.0, 0.0, 0.0]}}}}], "extrinsics": [{"key": 0, "value": {"rotation": [[0.9999999689822409, 0.00023764239896106334, 7.457618842529769e-05], [-0.00023763530659228307, 0.9999999672430315, -9.509677820618054e-05], [-7.459878500891457e-05, 9.507905332109068e-05, 0.9999999926974974]], "center": [102655.28827451624, -59731.17478744796, 609.3316321876308]}}, {"key": 1, "value": {"rotation": [[0.9999994524350325, 0.0007636860629357778, 0.000715481119866369], [-0.0007637746976517684, 0.9999997006835739, 0.00012361623678084022], [-0.000715386501713913, -0.00012416263546888466, 0.9999997364028617]], "center": [102655.02610996942, -59737.796047909294, 609.8595557833427]}}, {"key": 2, "value": {"rotation": [[0.9999994869694571, -0.00044824693968540015, 0.0009083696955043884], [0.0004484740596129533, 0.9999998682249843, -0.0002498420142298462], [-0.0009082575848856557, 0.00025024926629827816, 0.9999995562216335]], "center": [102655.52770635924, -59744.63524631289, 610.3021779149925]}}, {"key": 3, "value": {"rotation": [[0.9999994694969918, -0.0010059450109037899, -0.00022154089914468302], [0.0010057792840908286, 0.9999992152668704, -0.0007469094156881817], [0.00022229207509451727, 0.0007466861982036183, 0.9999996965229313]], "center": [102655.50474877607, -59750.95731589977, 611.0505309583477]}}, {"key": 4, "value": {"rotation": [[0.9999981616102124, -0.0012332035198643096, 0.0014683273729764433], [0.001231964345677249, 0.9999988845061395, 0.0008445414895881121], [-0.0014693672266038473, -0.0008427310100203251, 0.9999985653811702]], "center": [102655.25363872579, -59758.52608870824, 610.2166175618461]}}, {"key": 5, "value": {"rotation": [[0.9999997974279808, -7.273174632474908e-05, 0.0006323401695908633], [7.906882643250169e-05, 0.9999497213436737, -0.010027389133270458], [-0.0006315790668539468, 0.01002743710039716, 0.9999495245326538]], "center": [102656.28255930786, -59759.5710952754, 617.3748915267887]}}, {"key": 6, "value": {"rotation": [[0.9999990064932597, -0.0005709107848364161, 0.0012888263534421565], [0.0005827641489198174, 0.9999573669536858, -0.009215457720491548], [-0.0012835102026485965, 0.0092161996466652, 0.9999567061956397]], "center": [102655.61627722069, -59766.691684673046, 617.2079735334003]}}, {"key": 7, "value": {"rotation": [[0.9999992520170102, 0.0010607315223659112, 0.000608945036353239], [-0.0010481885239007065, 0.9997945730902615, -0.020241366556631675], [-0.000630290598218454, 0.020240713127235063, 0.9997949371075369]], "center": [102657.21049000477, -59767.54614174491, 624.7229273427812]}}, {"key": 8, "value": {"rotation": [[0.9999999231909465, -0.000174254305608084, 0.0003510748331106155], [0.00018156355312730406, 0.9997809625170109, -0.02092830674553466], [-0.0003473510870032062, 0.020928368880445403, 0.9997809173630127]], "center": [102657.16754797279, -59773.86283521311, 625.3683323719654]}}, {"key": 9, "value": {"rotation": [[0.9999989234653507, -0.0012803063367331383, -0.0007168569061660192], [0.0012641726883880237, 0.99975559582338, -0.022071485841512296], [0.0007449399665282436, 0.02207055584987084, 0.9997561380801445]], "center": [102657.46804465404, -59780.12344242189, 626.5512292818064]}}], "structure": [], "control_points": []}