{"sfm_data_version": "0.3", "root_path": "/mnt/ST8000/jialei/SFM_E/ex_sea_12/1-5/images", "views": [{"key": 9, "value": {"polymorphic_id": 1073741824, "ptr_wrapper": {"id": 2147483649, "data": {"local_path": "", "filename": "075418_15357.965820.jpg", "width": 1920, "height": 1080, "id_view": 9, "id_intrinsic": 0, "id_pose": 9}}}}, {"key": 8, "value": {"polymorphic_id": 1073741824, "ptr_wrapper": {"id": 2147483650, "data": {"local_path": "", "filename": "075417_15357.866211.jpg", "width": 1920, "height": 1080, "id_view": 8, "id_intrinsic": 0, "id_pose": 8}}}}, {"key": 7, "value": {"polymorphic_id": 1073741824, "ptr_wrapper": {"id": 2147483651, "data": {"local_path": "", "filename": "075416_15357.766602.jpg", "width": 1920, "height": 1080, "id_view": 7, "id_intrinsic": 0, "id_pose": 7}}}}, {"key": 6, "value": {"polymorphic_id": 1073741824, "ptr_wrapper": {"id": 2147483652, "data": {"local_path": "", "filename": "075415_15357.666016.jpg", "width": 1920, "height": 1080, "id_view": 6, "id_intrinsic": 0, "id_pose": 6}}}}, {"key": 5, "value": {"polymorphic_id": 1073741824, "ptr_wrapper": {"id": 2147483653, "data": {"local_path": "", "filename": "075414_15357.566406.jpg", "width": 1920, "height": 1080, "id_view": 5, "id_intrinsic": 0, "id_pose": 5}}}}, {"key": 4, "value": {"polymorphic_id": 1073741824, "ptr_wrapper": {"id": 2147483654, "data": {"local_path": "", "filename": "075413_15357.497820.jpg", "width": 1920, "height": 1080, "id_view": 4, "id_intrinsic": 0, "id_pose": 4}}}}, {"key": 3, "value": {"polymorphic_id": 1073741824, "ptr_wrapper": {"id": 2147483655, "data": {"local_path": "", "filename": "075412_15357.398211.jpg", "width": 1920, "height": 1080, "id_view": 3, "id_intrinsic": 0, "id_pose": 3}}}}, {"key": 2, "value": {"polymorphic_id": 1073741824, "ptr_wrapper": {"id": 2147483656, "data": {"local_path": "", "filename": "075411_15357.299602.jpg", "width": 1920, "height": 1080, "id_view": 2, "id_intrinsic": 0, "id_pose": 2}}}}, {"key": 1, "value": {"polymorphic_id": 1073741824, "ptr_wrapper": {"id": 2147483657, "data": {"local_path": "", "filename": "075410_15357.198016.jpg", "width": 1920, "height": 1080, "id_view": 1, "id_intrinsic": 0, "id_pose": 1}}}}, {"key": 0, "value": {"polymorphic_id": 1073741824, "ptr_wrapper": {"id": 2147483658, "data": {"local_path": "", "filename": "075409_15357.099406.jpg", "width": 1920, "height": 1080, "id_view": 0, "id_intrinsic": 0, "id_pose": 0}}}}], "intrinsics": [{"key": 0, "value": {"polymorphic_id": 2147483649, "polymorphic_name": "pinhole_radial_k3", "ptr_wrapper": {"id": 2147483659, "data": {"width": 1920, "height": 1080, "focal_length": 1739.13, "principal_point": [960.0, 540.0], "disto_k3": [0.0, 0.0, 0.0]}}}}], "extrinsics": [{"key": 0, "value": {"rotation": [[0.9999998426888173, -0.00047107377817533067, 0.0003044861840129829], [0.00047111867127240054, 0.9999998781625756, -0.00014738395895091827], [-0.000304416718196778, 0.0001475273848922209, 0.9999999427830646]], "center": [0.00026886198175913966, -0.0004789254300818203, 0.00017329275200044243]}}, {"key": 1, "value": {"rotation": [[0.9999995215328441, 1.2183523001986583e-05, 0.000978154202904872], [-1.22423076437809e-05, 0.9999999981195654, 6.00915550801874e-05], [-0.0009781534689386735, -6.010350119302732e-05, 0.9999995198015649]], "center": [5.8787866730489833e-05, -0.011050859135941478, 0.000765110982652292]}}, {"key": 2, "value": {"rotation": [[0.9999986705431009, -0.001115381064271994, 0.001189469256641936], [0.0011157265366072895, 0.9999993355795672, -0.00028981842532125414], [-0.0011891452083505837, 0.00029114516243433126, 0.9999992505838032]], "center": [0.0010652359154279414, -0.021895526542798797, 0.0014954956869667208]}}, {"key": 3, "value": {"rotation": [[0.9999987439969863, -0.0015848368723084235, -1.7220277316326425e-05], [0.0015848233389862618, 0.9999984558420522, -0.0007593737521874509], [1.8423734247830925e-05, 0.0007593455073143802, 0.9999997115274419]], "center": [0.0013253968564676212, -0.031921641134520576, 0.0022155405456562986]}}, {"key": 4, "value": {"rotation": [[0.9999962339590667, -0.0021076210503560688, 0.0017578399221090347], [0.0021060357410018493, 0.9999973744048062, 0.00090321478729402], [-0.0017597389412317087, -0.0008995093120471763, 0.9999980470990215]], "center": [0.0007011594602114159, -0.044216747432595786, 0.001641165324271028]}}, {"key": 5, "value": {"rotation": [[0.999994879821415, -0.002864393994699836, 0.0014267368351925185], [0.0028630714702227783, 0.9999954706795829, 0.0009281390396850773], [-0.0014293889289357887, -0.0009240494379190111, 0.999998551488914]], "center": [0.001210275129946057, -0.05513179579684036, 0.0022389296591804474]}}, {"key": 6, "value": {"rotation": [[0.9999915490259356, -0.003513075231104088, 0.0021354575927669496], [0.003509358509228564, 0.9999923253381318, 0.0017417427165883539], [-0.00214156007704861, -0.0017342339108914993, 0.9999962030693811]], "center": [0.0001173178024633174, -0.06664151546448141, 0.002263812870062623]}}, {"key": 7, "value": {"rotation": [[0.9999877781465052, -0.004723334089599736, 0.0014607096540884632], [0.004722855036403195, 0.9999887923990731, 0.0003312348857081181], [-0.0014622578160648856, -0.00032433211745727127, 0.9999988783047495]], "center": [0.0012807165233782941, -0.07637479620823252, 0.0036483462539485443]}}, {"key": 8, "value": {"rotation": [[0.9999823362556218, -0.005824998892598104, 0.001181763364164874], [0.005825412530262384, 0.9999829719774035, -0.0003468776336006532], [-0.0011797226792399733, 0.00035375576555229563, 0.9999992415553419]], "center": [0.001496584897252022, -0.08642413666568653, 0.00451771481387048]}}, {"key": 9, "value": {"rotation": [[0.9999770833760597, -0.0067691854960662485, -0.00010416538770085212], [0.006768996663272797, 0.9999756153543257, -0.0017173761705402398], [0.00011578808552973554, 0.0017166317189146677, 0.9999985198832356]], "center": [0.002535072623738244, -0.09608436537399642, 0.005979358448821109]}}], "structure": [], "control_points": []}