{"sfm_data_version": "0.3", "root_path": "/mnt/ST8000/jialei/SFM_E/ex_sea_12/1-5/images", "views": [{"key": 9, "value": {"polymorphic_id": 1073741824, "ptr_wrapper": {"id": 2147483649, "data": {"local_path": "", "filename": "075418_15357.965820.jpg", "width": 1920, "height": 1080, "id_view": 9, "id_intrinsic": 0, "id_pose": 9}}}}, {"key": 8, "value": {"polymorphic_id": 1073741824, "ptr_wrapper": {"id": 2147483650, "data": {"local_path": "", "filename": "075417_15357.866211.jpg", "width": 1920, "height": 1080, "id_view": 8, "id_intrinsic": 0, "id_pose": 8}}}}, {"key": 7, "value": {"polymorphic_id": 1073741824, "ptr_wrapper": {"id": 2147483651, "data": {"local_path": "", "filename": "075416_15357.766602.jpg", "width": 1920, "height": 1080, "id_view": 7, "id_intrinsic": 0, "id_pose": 7}}}}, {"key": 6, "value": {"polymorphic_id": 1073741824, "ptr_wrapper": {"id": 2147483652, "data": {"local_path": "", "filename": "075415_15357.666016.jpg", "width": 1920, "height": 1080, "id_view": 6, "id_intrinsic": 0, "id_pose": 6}}}}, {"key": 5, "value": {"polymorphic_id": 1073741824, "ptr_wrapper": {"id": 2147483653, "data": {"local_path": "", "filename": "075414_15357.566406.jpg", "width": 1920, "height": 1080, "id_view": 5, "id_intrinsic": 0, "id_pose": 5}}}}, {"key": 4, "value": {"polymorphic_id": 1073741824, "ptr_wrapper": {"id": 2147483654, "data": {"local_path": "", "filename": "075413_15357.497820.jpg", "width": 1920, "height": 1080, "id_view": 4, "id_intrinsic": 0, "id_pose": 4}}}}, {"key": 3, "value": {"polymorphic_id": 1073741824, "ptr_wrapper": {"id": 2147483655, "data": {"local_path": "", "filename": "075412_15357.398211.jpg", "width": 1920, "height": 1080, "id_view": 3, "id_intrinsic": 0, "id_pose": 3}}}}, {"key": 2, "value": {"polymorphic_id": 1073741824, "ptr_wrapper": {"id": 2147483656, "data": {"local_path": "", "filename": "075411_15357.299602.jpg", "width": 1920, "height": 1080, "id_view": 2, "id_intrinsic": 0, "id_pose": 2}}}}, {"key": 1, "value": {"polymorphic_id": 1073741824, "ptr_wrapper": {"id": 2147483657, "data": {"local_path": "", "filename": "075410_15357.198016.jpg", "width": 1920, "height": 1080, "id_view": 1, "id_intrinsic": 0, "id_pose": 1}}}}, {"key": 0, "value": {"polymorphic_id": 1073741824, "ptr_wrapper": {"id": 2147483658, "data": {"local_path": "", "filename": "075409_15357.099406.jpg", "width": 1920, "height": 1080, "id_view": 0, "id_intrinsic": 0, "id_pose": 0}}}}], "intrinsics": [{"key": 0, "value": {"polymorphic_id": 2147483649, "polymorphic_name": "pinhole_radial_k3", "ptr_wrapper": {"id": 2147483659, "data": {"width": 1920, "height": 1080, "focal_length": 1739.13, "principal_point": [960.0, 540.0], "disto_k3": [0.0, 0.0, 0.0]}}}}], "extrinsics": [{"key": 0, "value": {"rotation": [[0.9999999993961385, -1.0374405866072398e-05, 3.316767739650926e-05], [1.0376021202078803e-05, 0.9999999987602117, -4.8702312912964436e-05], [-3.316717209782762e-05, 4.870265703207898e-05, 0.999999998263995]], "center": [102655.28827440554, -59731.1747874473, 609.3316321617431]}}, {"key": 1, "value": {"rotation": [[0.9999996383802037, 0.0004728162131342506, 0.0007068835057229971], [-0.0004729286521572543, 0.999999875543945, 0.00015890432661896397], [-0.000706808285205109, -0.0001592385746196223, 0.9999997375325277]], "center": [102655.16251908404, -59737.6587752612, 609.693995625001]}}, {"key": 2, "value": {"rotation": [[0.9999993641960454, -0.0006547694945629923, 0.0009180873674626427], [0.0006549453994114507, 0.9999997672231535, -0.00019131169101798266], [-0.0009179618886939418, 0.0001919128664788842, 0.9999995602576147]], "center": [102655.78297136512, -59744.30969852943, 610.1411246338621]}}, {"key": 3, "value": {"rotation": [[0.9999993265334868, -0.0011241061351359208, -0.0002886485228034372], [0.001123915141469734, 0.999999149950259, -0.0006609943380645322], [0.0002893913052285392, 0.0006606694764616695, 0.9999997398842241]], "center": [102655.9454838986, -59750.458803877395, 610.5820858602006]}}, {"key": 4, "value": {"rotation": [[0.9999975389488505, -0.001647066582463467, 0.00148636062752888], [0.0016455790565494792, 0.9999981445793735, 0.0010014526349453022], [-0.0014880073288736895, -0.0009990042463999557, 0.999998393911063]], "center": [102655.5660101536, -59757.99968037662, 610.2291734447613]}}, {"key": 5, "value": {"rotation": [[0.9999964436246376, -0.002403807391962183, 0.0011551831454301462], [0.002402622317003958, 0.9999965871833733, 0.0010261713356027593], [-0.0011576459212438758, -0.0010233922173468054, 0.9999988062614328]], "center": [102655.88144040163, -59764.69390162767, 610.595043276873]}}, {"key": 6, "value": {"rotation": [[0.9999936039671325, -0.0030525600306826823, 0.001863840681181227], [0.0030491314576059315, 0.9999936593156948, 0.0018395993482376804], [-0.0018694443505987955, -0.0018339044868467894, 0.9999965709801976]], "center": [102655.21437296277, -59771.75325988516, 610.609788786335]}}, {"key": 7, "value": {"rotation": [[0.9999902075867922, -0.0042627539050503135, 0.0011889742085413571], [0.004262246743533456, 0.9999908246658128, 0.0004287620394359972], [-0.0011907910063635692, -0.00042369013937238625, 0.9999992012514036]], "center": [102655.9308797786, -59777.722551741645, 611.4581562240954]}}, {"key": 8, "value": {"rotation": [[0.9999851975535764, -0.005364393565332649, 0.0009099205515788443], [0.0053646227775048655, 0.9999855791446567, -0.00024965011969001953], [-0.0009085682082505119, 0.00025452780477428524, 0.999999554859605]], "center": [102656.0662585653, -59783.88592334271, 611.9907054197248]}}, {"key": 9, "value": {"rotation": [[0.9999800307690824, -0.006308455582958672, -0.00037610001629758924], [0.006307838324649117, 0.9999787925062978, -0.0016204052943622977], [0.00038631429498477404, 0.001618000558018145, 0.9999986164167733]], "center": [102656.70614817576, -59789.81045148058, 612.8863907035352]}}], "structure": [], "control_points": []}