{"sfm_data_version": "0.3", "root_path": "/mnt/ST8000/jialei/SFM_E/ex_sea_12/1-5/images", "views": [{"key": 9, "value": {"polymorphic_id": 1073741824, "ptr_wrapper": {"id": 2147483649, "data": {"local_path": "", "filename": "075418_15357.965820.jpg", "width": 1920, "height": 1080, "id_view": 9, "id_intrinsic": 0, "id_pose": 9}}}}, {"key": 8, "value": {"polymorphic_id": 1073741824, "ptr_wrapper": {"id": 2147483650, "data": {"local_path": "", "filename": "075417_15357.866211.jpg", "width": 1920, "height": 1080, "id_view": 8, "id_intrinsic": 0, "id_pose": 8}}}}, {"key": 7, "value": {"polymorphic_id": 1073741824, "ptr_wrapper": {"id": 2147483651, "data": {"local_path": "", "filename": "075416_15357.766602.jpg", "width": 1920, "height": 1080, "id_view": 7, "id_intrinsic": 0, "id_pose": 7}}}}, {"key": 6, "value": {"polymorphic_id": 1073741824, "ptr_wrapper": {"id": 2147483652, "data": {"local_path": "", "filename": "075415_15357.666016.jpg", "width": 1920, "height": 1080, "id_view": 6, "id_intrinsic": 0, "id_pose": 6}}}}, {"key": 5, "value": {"polymorphic_id": 1073741824, "ptr_wrapper": {"id": 2147483653, "data": {"local_path": "", "filename": "075414_15357.566406.jpg", "width": 1920, "height": 1080, "id_view": 5, "id_intrinsic": 0, "id_pose": 5}}}}, {"key": 4, "value": {"polymorphic_id": 1073741824, "ptr_wrapper": {"id": 2147483654, "data": {"local_path": "", "filename": "075413_15357.497820.jpg", "width": 1920, "height": 1080, "id_view": 4, "id_intrinsic": 0, "id_pose": 4}}}}, {"key": 3, "value": {"polymorphic_id": 1073741824, "ptr_wrapper": {"id": 2147483655, "data": {"local_path": "", "filename": "075412_15357.398211.jpg", "width": 1920, "height": 1080, "id_view": 3, "id_intrinsic": 0, "id_pose": 3}}}}, {"key": 2, "value": {"polymorphic_id": 1073741824, "ptr_wrapper": {"id": 2147483656, "data": {"local_path": "", "filename": "075411_15357.299602.jpg", "width": 1920, "height": 1080, "id_view": 2, "id_intrinsic": 0, "id_pose": 2}}}}, {"key": 1, "value": {"polymorphic_id": 1073741824, "ptr_wrapper": {"id": 2147483657, "data": {"local_path": "", "filename": "075410_15357.198016.jpg", "width": 1920, "height": 1080, "id_view": 1, "id_intrinsic": 0, "id_pose": 1}}}}, {"key": 0, "value": {"polymorphic_id": 1073741824, "ptr_wrapper": {"id": 2147483658, "data": {"local_path": "", "filename": "075409_15357.099406.jpg", "width": 1920, "height": 1080, "id_view": 0, "id_intrinsic": 0, "id_pose": 0}}}}], "intrinsics": [{"key": 0, "value": {"polymorphic_id": 2147483649, "polymorphic_name": "pinhole_radial_k3", "ptr_wrapper": {"id": 2147483659, "data": {"width": 1920, "height": 1080, "focal_length": 1739.13, "principal_point": [960.0, 540.0], "disto_k3": [0.0, 0.0, 0.0]}}}}], "extrinsics": [{"key": 0, "value": {"rotation": [[0.9999999553622737, 0.00029567423976504007, 4.3037126932124515e-05], [-0.0002956711769447613, 0.9999999537576953, -7.115590486802668e-05], [-4.305816391006519e-05, 7.114317685381658e-05, 0.9999999965423215]], "center": [102655.28827452863, -59731.17478746003, 609.3316321854544]}}, {"key": 1, "value": {"rotation": [[0.9999994489649237, 0.0008240574547546342, 0.000650383856068114], [-0.0008241403687232736, 0.9999996523029164, 0.0001272269598843487], [-0.0006502787876067977, -0.00012776289736878699, 0.9999997804070461]], "center": [102654.9459190365, -59738.23141901209, 609.8794003343538]}}, {"key": 2, "value": {"rotation": [[0.9999995698388169, -0.00039685587904702294, 0.0008383481327322968], [0.0003970407871923681, 0.9999998968895535, -0.00022040756885461572], [-0.0008382605762503624, 0.00022074033244637756, 0.9999996242963853]], "center": [102655.46669876782, -59745.516558380456, 610.3149125287828]}}, {"key": 3, "value": {"rotation": [[0.9999995147712758, -0.0009571751029818299, -0.00023296573763649224], [0.0009570185152064964, 0.9999993167120094, -0.0006713352939576561], [0.00023360816388292937, 0.000671112015682142, 0.9999997475179122]], "center": [102655.33859218565, -59752.287611368796, 611.0983827999512]}}, {"key": 4, "value": {"rotation": [[0.9999983935497989, -0.0011447067452196235, 0.001379327476909157], [0.0011435443554546152, 0.9999989906457888, 0.0008432162898052174], [-0.0013802913200537436, -0.0008416376130697237, 0.999998693220146]], "center": [102655.20691417588, -59760.206998673326, 610.1907887615902]}}, {"key": 5, "value": {"rotation": [[0.9999998875425568, 0.00012091894076837275, 0.0004585776740794237], [-0.00011596239339408797, 0.9999417450966419, -0.010793190714835395], [-0.0004598560608700749, 0.010793136323296091, 0.9999416466677992]], "center": [102656.27242815467, -59761.254791088635, 617.7908497618448]}}, {"key": 6, "value": {"rotation": [[0.9999993549350294, -0.0003555205305345198, 0.0010787653484896345], [0.0003663185594880682, 0.999949671448616, -0.01002598526425972], [-0.0010751466121920368, 0.01002637396861626, 0.9999491566498786]], "center": [102655.61287027205, -59768.74758899115, 617.5983957622234]}}, {"key": 7, "value": {"rotation": [[0.9999990416796192, 0.001360178204390041, 0.0002579827424425226], [-0.0013542279025834192, 0.9997612007128581, -0.02181072250002859], [-0.0002875876057140041, 0.02181035223094043, 0.9997620846125997]], "center": [102657.29264364878, -59769.61098323459, 625.561403432136]}}, {"key": 8, "value": {"rotation": [[0.9999999947387986, 0.00010255488381182396, 2.2131278249931713e-06], [-0.00010247927710892322, 0.9997475898960104, -0.022466552808952864], [-4.516623922066212e-06, 0.022466552463952006, 0.9997475951458868]], "center": [102657.20391097189, -59776.36066316372, 626.2296205298893]}}, {"key": 9, "value": {"rotation": [[0.9999991134565693, -0.0009493654451450827, -0.0009336976633073917], [0.0009273338418377292, 0.9997276215015126, -0.023320009838653146], [0.0009555825556611653, 0.023319123315010362, 0.9997276155782625]], "center": [102657.38205755527, -59783.208489630175, 627.3408922949121]}}], "structure": [], "control_points": []}