{"sfm_data_version": "0.3", "root_path": "/mnt/ST8000/jialei/SFM_E/ex_sea_12/1-5/images", "views": [{"key": 9, "value": {"polymorphic_id": 1073741824, "ptr_wrapper": {"id": 2147483649, "data": {"local_path": "", "filename": "075418_15357.965820.jpg", "width": 1920, "height": 1080, "id_view": 9, "id_intrinsic": 0, "id_pose": 9}}}}, {"key": 8, "value": {"polymorphic_id": 1073741824, "ptr_wrapper": {"id": 2147483650, "data": {"local_path": "", "filename": "075417_15357.866211.jpg", "width": 1920, "height": 1080, "id_view": 8, "id_intrinsic": 0, "id_pose": 8}}}}, {"key": 7, "value": {"polymorphic_id": 1073741824, "ptr_wrapper": {"id": 2147483651, "data": {"local_path": "", "filename": "075416_15357.766602.jpg", "width": 1920, "height": 1080, "id_view": 7, "id_intrinsic": 0, "id_pose": 7}}}}, {"key": 6, "value": {"polymorphic_id": 1073741824, "ptr_wrapper": {"id": 2147483652, "data": {"local_path": "", "filename": "075415_15357.666016.jpg", "width": 1920, "height": 1080, "id_view": 6, "id_intrinsic": 0, "id_pose": 6}}}}, {"key": 5, "value": {"polymorphic_id": 1073741824, "ptr_wrapper": {"id": 2147483653, "data": {"local_path": "", "filename": "075414_15357.566406.jpg", "width": 1920, "height": 1080, "id_view": 5, "id_intrinsic": 0, "id_pose": 5}}}}, {"key": 4, "value": {"polymorphic_id": 1073741824, "ptr_wrapper": {"id": 2147483654, "data": {"local_path": "", "filename": "075413_15357.497820.jpg", "width": 1920, "height": 1080, "id_view": 4, "id_intrinsic": 0, "id_pose": 4}}}}, {"key": 3, "value": {"polymorphic_id": 1073741824, "ptr_wrapper": {"id": 2147483655, "data": {"local_path": "", "filename": "075412_15357.398211.jpg", "width": 1920, "height": 1080, "id_view": 3, "id_intrinsic": 0, "id_pose": 3}}}}, {"key": 2, "value": {"polymorphic_id": 1073741824, "ptr_wrapper": {"id": 2147483656, "data": {"local_path": "", "filename": "075411_15357.299602.jpg", "width": 1920, "height": 1080, "id_view": 2, "id_intrinsic": 0, "id_pose": 2}}}}, {"key": 1, "value": {"polymorphic_id": 1073741824, "ptr_wrapper": {"id": 2147483657, "data": {"local_path": "", "filename": "075410_15357.198016.jpg", "width": 1920, "height": 1080, "id_view": 1, "id_intrinsic": 0, "id_pose": 1}}}}, {"key": 0, "value": {"polymorphic_id": 1073741824, "ptr_wrapper": {"id": 2147483658, "data": {"local_path": "", "filename": "075409_15357.099406.jpg", "width": 1920, "height": 1080, "id_view": 0, "id_intrinsic": 0, "id_pose": 0}}}}], "intrinsics": [{"key": 0, "value": {"polymorphic_id": 2147483649, "polymorphic_name": "pinhole_radial_k3", "ptr_wrapper": {"id": 2147483659, "data": {"width": 1920, "height": 1080, "focal_length": 1739.13, "principal_point": [960.0, 540.0], "disto_k3": [0.0, 0.0, 0.0]}}}}], "extrinsics": [{"key": 0, "value": {"rotation": [[0.9999999015600499, -0.00031805035148565325, 0.0003093927348953699], [0.00031809945601394456, 0.9999999368172741, -0.0001586763500058217], [-0.0003093422482782085, 0.00015877475204638145, 0.9999999395489739]], "center": [0.0001970951608900669, -0.0005028121842053982, 0.0003084244468673486]}}, {"key": 1, "value": {"rotation": [[0.9999995577055867, 0.00021038627946498359, 0.0009166931025445665], [-0.00021042263736964655, 0.9999999770784319, 3.956575890609139e-05], [-0.0009166847574397119, -3.975863438669066e-05, 0.9999995790540646]], "center": [-0.00036530241179904475, -0.011944901928372716, 0.0011974972978874394]}}, {"key": 2, "value": {"rotation": [[0.9999988791817821, -0.0010105104272580964, 0.001104764162745885], [0.0010108509800729588, 0.9999994417369683, -0.00030774347751847845], [-0.0011044525680039506, 0.0003088598845306115, 0.999999342394832]], "center": [0.0004717168415763878, -0.02375839785007855, 0.0019049494506763061]}}, {"key": 3, "value": {"rotation": [[0.9999987655380307, -0.001570923362347042, 3.349931507375886e-05], [0.0015709483212436738, 0.9999984783817418, -0.0007585219664735907], [-3.230768422261068e-05, 0.0007585736557998157, 0.9999997117610695]], "center": [0.0002569117586383402, -0.034737594393603764, 0.0031762714220471768]}}, {"key": 4, "value": {"rotation": [[0.9999970998205121, -0.0017583130352116496, 0.0016458085656633563], [0.0017570705524921678, 0.9999981705219297, 0.0007560792733038938], [-0.0016471349787345534, -0.0007531852787725683, 0.9999983598278035]], "center": [3.5902974792002986e-05, -0.04757908102320574, 0.0017056502915234804]}}, {"key": 5, "value": {"rotation": [[0.9999996158140132, -0.0004927691717795315, 0.0007249485285437359], [0.000500628049187069, 0.9999406785694257, -0.010880657777614948], [-0.0007195438708384331, 0.010881016526986264, 0.9999405411002981]], "center": [0.0017593361258506491, -0.049278083936203074, 0.014029953971935212]}}, {"key": 6, "value": {"rotation": [[0.9999986256179025, -0.0009691538930069947, 0.0013451776973750623], [0.0009827094308326226, 0.9999483761415504, -0.010113324579574057], [-0.001335306886224449, 0.010114632598811095, 0.9999479542270738]], "center": [0.0006824723845738079, -0.06142721803488955, 0.013718662352976158]}}, {"key": 7, "value": {"rotation": [[0.9999995839726743, 0.0007464727996737757, 0.0005242450165433446], [-0.0007348137177255848, 0.9997599289862928, -0.021898503193678434], [-0.0005404657974983826, 0.02189810886087303, 0.9997600615772959]], "center": [0.003401969578193692, -0.06282777434174629, 0.026631732596780214]}}, {"key": 8, "value": {"rotation": [[0.9999998332818079, -0.0005111732708869875, 0.00026858563456488594], [0.0005171009397493947, 0.9997454924843434, -0.02255399884402787], [-0.0002569882761415387, 0.022554133969749916, 0.9997455901367607]], "center": [0.0032510813298098937, -0.07377236948015492, 0.02771618255264233]}}, {"key": 9, "value": {"rotation": [[0.999998555640968, -0.0015631748474475343, -0.0006672333728490629], [0.0015471288718760534, 0.9997248173009528, -0.023407179770976498], [0.0007036392764363802, 0.02340611366658952, 0.9997257917723213]], "center": [0.003532655590098628, -0.08487631438933567, 0.029519186268330416]}}], "structure": [], "control_points": []}