{"sfm_data_version": "0.3", "root_path": "/mnt/ST8000/jialei/SFM_E/ex_sea_12/6-1/images", "views": [{"key": 9, "value": {"polymorphic_id": 1073741824, "ptr_wrapper": {"id": 2147483649, "data": {"local_path": "", "filename": "104926_15025.847656.jpg", "width": 1920, "height": 1080, "id_view": 9, "id_intrinsic": 0, "id_pose": 9}}}}, {"key": 8, "value": {"polymorphic_id": 1073741824, "ptr_wrapper": {"id": 2147483650, "data": {"local_path": "", "filename": "104925_15025.748047.jpg", "width": 1920, "height": 1080, "id_view": 8, "id_intrinsic": 0, "id_pose": 8}}}}, {"key": 7, "value": {"polymorphic_id": 1073741824, "ptr_wrapper": {"id": 2147483651, "data": {"local_path": "", "filename": "104924_15025.647461.jpg", "width": 1920, "height": 1080, "id_view": 7, "id_intrinsic": 0, "id_pose": 7}}}}, {"key": 6, "value": {"polymorphic_id": 1073741824, "ptr_wrapper": {"id": 2147483652, "data": {"local_path": "", "filename": "104923_15025.547852.jpg", "width": 1920, "height": 1080, "id_view": 6, "id_intrinsic": 0, "id_pose": 6}}}}, {"key": 5, "value": {"polymorphic_id": 1073741824, "ptr_wrapper": {"id": 2147483653, "data": {"local_path": "", "filename": "104922_15025.447266.jpg", "width": 1920, "height": 1080, "id_view": 5, "id_intrinsic": 0, "id_pose": 5}}}}, {"key": 4, "value": {"polymorphic_id": 1073741824, "ptr_wrapper": {"id": 2147483654, "data": {"local_path": "", "filename": "104921_15025.347656.jpg", "width": 1920, "height": 1080, "id_view": 4, "id_intrinsic": 0, "id_pose": 4}}}}, {"key": 3, "value": {"polymorphic_id": 1073741824, "ptr_wrapper": {"id": 2147483655, "data": {"local_path": "", "filename": "104920_15025.280047.jpg", "width": 1920, "height": 1080, "id_view": 3, "id_intrinsic": 0, "id_pose": 3}}}}, {"key": 2, "value": {"polymorphic_id": 1073741824, "ptr_wrapper": {"id": 2147483656, "data": {"local_path": "", "filename": "104919_15025.248047.jpg", "width": 1920, "height": 1080, "id_view": 2, "id_intrinsic": 0, "id_pose": 2}}}}, {"key": 1, "value": {"polymorphic_id": 1073741824, "ptr_wrapper": {"id": 2147483657, "data": {"local_path": "", "filename": "104918_15025.147461.jpg", "width": 1920, "height": 1080, "id_view": 1, "id_intrinsic": 0, "id_pose": 1}}}}, {"key": 0, "value": {"polymorphic_id": 1073741824, "ptr_wrapper": {"id": 2147483658, "data": {"local_path": "", "filename": "104917_15025.047852.jpg", "width": 1920, "height": 1080, "id_view": 0, "id_intrinsic": 0, "id_pose": 0}}}}], "intrinsics": [{"key": 0, "value": {"polymorphic_id": 2147483649, "polymorphic_name": "pinhole_radial_k3", "ptr_wrapper": {"id": 2147483659, "data": {"width": 1920, "height": 1080, "focal_length": 1739.13, "principal_point": [960.0, 540.0], "disto_k3": [0.0, 0.0, 0.0]}}}}], "extrinsics": [{"key": 0, "value": {"rotation": [[0.9999990264685867, -0.0008513971691599525, 0.001105524644257877], [0.0008521452831471808, 0.999999408158566, -0.000676410329725697], [-0.0011049480961226627, 0.0006773517388300071, 0.9999991601418107]], "center": [0.0006008334041832618, -0.0014213495480429434, 0.0012630244544099961]}}, {"key": 1, "value": {"rotation": [[0.9999999453166261, 2.5803497345880093e-05, 0.0003296982322356272], [-2.5869223152253016e-05, 0.9999999797954399, 0.0001993486971804341], [-0.0003296930816806373, -0.0001993572153165233, 0.9999999257795835]], "center": [0.001197648387923784, -0.01091753235848113, 0.0015195003024415345]}}, {"key": 2, "value": {"rotation": [[0.99999884399461, -0.00018402839169201168, 0.001509351845770784], [0.000180977631986365, 0.9999979411465825, 0.002021125848007283], [-0.001509720682775735, -0.002020850352651995, 0.999996818448595]], "center": [0.0018225350026424352, -0.02261157014285051, 0.0013000760513367617]}}, {"key": 3, "value": {"rotation": [[0.999997129326312, -0.0005099814025384251, 0.002341208684369491], [0.0005047667188799425, 0.9999973919518276, 0.0022273976077885845], [-0.002342338509740421, -0.002226209449431019, 0.9999947787072655]], "center": [0.002011212651451428, -0.03277036155568534, 0.0013071245737813148]}}, {"key": 4, "value": {"rotation": [[0.9999913647886427, -0.0015896083466025027, 0.0038397257001030814], [0.0015834567557585332, 0.9999974589580386, 0.0016046003145554905], [-0.0038422666292518607, -0.001598506418892497, 0.9999913408446985]], "center": [0.0029040941517731685, -0.0423135303160413, 0.0012894036670814278]}}, {"key": 5, "value": {"rotation": [[0.9999879930769214, -0.0016773160238650277, 0.004604379757036165], [0.0016676344086916438, 0.9999963924387405, 0.002105731460638169], [-0.004607895123574947, -0.002098027755168956, 0.9999871827088925]], "center": [0.002943342841957504, -0.05261326267597714, 0.001103906372554737]}}, {"key": 6, "value": {"rotation": [[0.9999814163673253, -0.0022667349119708225, 0.0056594021625215735], [0.0022533745036571007, 0.9999946621430497, 0.0023660069220260717], [-0.005664735063934452, -0.002353210200483522, 0.9999811864122278]], "center": [0.0030304194633733973, -0.06250890529215523, 0.0011035978187890496]}}, {"key": 7, "value": {"rotation": [[0.9999769396200096, -0.0022603076385599675, 0.006404001684843999], [0.0022410503004775166, 0.9999929507597287, 0.003012660684955939], [-0.006410766081455963, -0.002998239521955622, 0.9999749560054074]], "center": [0.0030597085734487143, -0.07297839932532205, 0.0008509296261063043]}}, {"key": 8, "value": {"rotation": [[0.9999685096240968, -0.003052255363665319, 0.007325537342632028], [0.00302294442999088, 0.9999873950164059, 0.0040089419149092], [-0.007337681318816324, -0.003986670979514653, 0.9999651318357871]], "center": [0.004496689062778947, -0.08369811171880598, 0.001018546030357087]}}, {"key": 9, "value": {"rotation": [[0.9999615314752055, -0.0034718423000632474, 0.008054928975832392], [0.0034381865908165972, 0.9999853181199897, 0.004188366916944901], [-0.008069352063762036, -0.004160511447853502, 0.9999587870016253]], "center": [0.005265677069581266, -0.09400865614970423, 0.00107893687267805]}}], "structure": [], "control_points": []}