{"sfm_data_version": "0.3", "root_path": "/mnt/ST8000/jialei/SFM_E/ex_sea_12/6-1/images", "views": [{"key": 9, "value": {"polymorphic_id": 1073741824, "ptr_wrapper": {"id": 2147483649, "data": {"local_path": "", "filename": "104926_15025.847656.jpg", "width": 1920, "height": 1080, "id_view": 9, "id_intrinsic": 0, "id_pose": 9}}}}, {"key": 8, "value": {"polymorphic_id": 1073741824, "ptr_wrapper": {"id": 2147483650, "data": {"local_path": "", "filename": "104925_15025.748047.jpg", "width": 1920, "height": 1080, "id_view": 8, "id_intrinsic": 0, "id_pose": 8}}}}, {"key": 7, "value": {"polymorphic_id": 1073741824, "ptr_wrapper": {"id": 2147483651, "data": {"local_path": "", "filename": "104924_15025.647461.jpg", "width": 1920, "height": 1080, "id_view": 7, "id_intrinsic": 0, "id_pose": 7}}}}, {"key": 6, "value": {"polymorphic_id": 1073741824, "ptr_wrapper": {"id": 2147483652, "data": {"local_path": "", "filename": "104923_15025.547852.jpg", "width": 1920, "height": 1080, "id_view": 6, "id_intrinsic": 0, "id_pose": 6}}}}, {"key": 5, "value": {"polymorphic_id": 1073741824, "ptr_wrapper": {"id": 2147483653, "data": {"local_path": "", "filename": "104922_15025.447266.jpg", "width": 1920, "height": 1080, "id_view": 5, "id_intrinsic": 0, "id_pose": 5}}}}, {"key": 4, "value": {"polymorphic_id": 1073741824, "ptr_wrapper": {"id": 2147483654, "data": {"local_path": "", "filename": "104921_15025.347656.jpg", "width": 1920, "height": 1080, "id_view": 4, "id_intrinsic": 0, "id_pose": 4}}}}, {"key": 3, "value": {"polymorphic_id": 1073741824, "ptr_wrapper": {"id": 2147483655, "data": {"local_path": "", "filename": "104920_15025.280047.jpg", "width": 1920, "height": 1080, "id_view": 3, "id_intrinsic": 0, "id_pose": 3}}}}, {"key": 2, "value": {"polymorphic_id": 1073741824, "ptr_wrapper": {"id": 2147483656, "data": {"local_path": "", "filename": "104919_15025.248047.jpg", "width": 1920, "height": 1080, "id_view": 2, "id_intrinsic": 0, "id_pose": 2}}}}, {"key": 1, "value": {"polymorphic_id": 1073741824, "ptr_wrapper": {"id": 2147483657, "data": {"local_path": "", "filename": "104918_15025.147461.jpg", "width": 1920, "height": 1080, "id_view": 1, "id_intrinsic": 0, "id_pose": 1}}}}, {"key": 0, "value": {"polymorphic_id": 1073741824, "ptr_wrapper": {"id": 2147483658, "data": {"local_path": "", "filename": "104917_15025.047852.jpg", "width": 1920, "height": 1080, "id_view": 0, "id_intrinsic": 0, "id_pose": 0}}}}], "intrinsics": [{"key": 0, "value": {"polymorphic_id": 2147483649, "polymorphic_name": "pinhole_radial_k3", "ptr_wrapper": {"id": 2147483659, "data": {"width": 1920, "height": 1080, "focal_length": 1739.13, "principal_point": [960.0, 540.0], "disto_k3": [0.0, 0.0, 0.0]}}}}], "extrinsics": [{"key": 0, "value": {"rotation": [[0.9999999968764653, 1.4915199757200436e-05, 7.761833596268421e-05], [-1.4915012894580891e-05, 0.9999999998858717, -2.408032875887674e-06], [-7.761837187011665e-05, 2.4068751898840194e-06, 0.9999999969847976]], "center": [102655.28827454429, -59731.17478757307, 609.3316321876576]}}, {"key": 1, "value": {"rotation": [[0.999999358263232, 0.0008926390308749645, -0.0006976164308353529], [-0.0008920290139795986, 0.9999992199828963, 0.0008742527305329169], [0.0006983962787927275, -0.0008736298753958746, 0.9999993745065436]], "center": [102655.68164937895, -59737.34592453516, 609.493746816353]}}, {"key": 2, "value": {"rotation": [[0.9999996513184849, 0.0006820112422993669, 0.0004818958121245574], [-0.0006833079448823877, 0.9999961328293921, 0.002695814628916513], [-0.00048005537266710574, -0.002696142972172789, 0.9999962501729258]], "center": [102656.09418689644, -59744.94517497005, 609.3456017606953]}}, {"key": 3, "value": {"rotation": [[0.9999990741252393, 0.00035549628062598703, 0.0013135338054498012], [-0.0003593066446323571, 0.9999957253543469, 0.002901753223380755], [-0.001312496628079957, -0.0029022224981449, 0.9999949272157196]], "center": [102656.2225287561, -59751.547047455635, 609.3456009428696]}}, {"key": 4, "value": {"rotation": [[0.9999957852937518, -0.0007251449915234814, 0.0028113269951797488], [0.0007187421759238485, 0.9999971474043962, 0.002277848273183637], [-0.002812970745867401, -0.0022758180534405, 0.9999934539024594]], "center": [102656.80815395355, -59757.74843262696, 609.3293028684983]}}, {"key": 5, "value": {"rotation": [[0.9999932755723795, -0.0008133709062340584, 0.0035759247463843006], [0.0008034357977237467, 0.9999958161167711, 0.002778891842537196], [-0.003578170054908955, -0.002776000130128907, 0.9999897452085872]], "center": [102656.83933596939, -59764.44189940629, 609.2042087164332]}}, {"key": 6, "value": {"rotation": [[0.9999882939953281, -0.0014035062126450868, 0.004630555325714543], [0.0013894444039025979, 0.999994418270378, 0.0030385641900903915], [-0.0046347941229249595, -0.0030320947214594798, 0.9999846624248979]], "center": [102656.9014964939, -59770.87281128878, 609.1996099438927]}}, {"key": 7, "value": {"rotation": [[0.9999845770697718, -0.0013975846750826973, 0.005375163222268237], [0.00137778640056412, 0.9999922603660839, 0.0036852289705875643], [-0.005380272040006071, -0.0036777663067697674, 0.9999787631283812]], "center": [102656.9262567087, -59777.676578646504, 609.030795099023]}}, {"key": 8, "value": {"rotation": [[0.9999777804587027, -0.0021901603349416383, 0.006296172376502105], [0.0021607087306957495, 0.9999867110929572, 0.004680702433698228], [-0.006306340196062537, -0.00466699423601326, 0.9999692241454888]], "center": [102657.8662660391, -59784.64234830795, 609.1340643783255]}}, {"key": 9, "value": {"rotation": [[0.9999719155850847, -0.0026102446692319306, 0.007025287457735355], [0.0025761367495645586, 0.9999848733066384, 0.0048596993070274255], [-0.007037866192576373, -0.004841464724019483, 0.9999635136637637]], "center": [102658.37185983399, -59791.3425381213, 609.1682755628613]}}], "structure": [], "control_points": []}