{"sfm_data_version": "0.3", "root_path": "/mnt/ST8000/jialei/SFM_E/ex_sea_12/6-5/images", "views": [{"key": 9, "value": {"polymorphic_id": 1073741824, "ptr_wrapper": {"id": 2147483649, "data": {"local_path": "", "filename": "128880_17395.546875.jpg", "width": 1920, "height": 1080, "id_view": 9, "id_intrinsic": 0, "id_pose": 9}}}}, {"key": 8, "value": {"polymorphic_id": 1073741824, "ptr_wrapper": {"id": 2147483650, "data": {"local_path": "", "filename": "128879_17395.479266.jpg", "width": 1920, "height": 1080, "id_view": 8, "id_intrinsic": 0, "id_pose": 8}}}}, {"key": 7, "value": {"polymorphic_id": 1073741824, "ptr_wrapper": {"id": 2147483651, "data": {"local_path": "", "filename": "128878_17395.379656.jpg", "width": 1920, "height": 1080, "id_view": 7, "id_intrinsic": 0, "id_pose": 7}}}}, {"key": 6, "value": {"polymorphic_id": 1073741824, "ptr_wrapper": {"id": 2147483652, "data": {"local_path": "", "filename": "128877_17395.280047.jpg", "width": 1920, "height": 1080, "id_view": 6, "id_intrinsic": 0, "id_pose": 6}}}}, {"key": 5, "value": {"polymorphic_id": 1073741824, "ptr_wrapper": {"id": 2147483653, "data": {"local_path": "", "filename": "128876_17395.180437.jpg", "width": 1920, "height": 1080, "id_view": 5, "id_intrinsic": 0, "id_pose": 5}}}}, {"key": 4, "value": {"polymorphic_id": 1073741824, "ptr_wrapper": {"id": 2147483654, "data": {"local_path": "", "filename": "128875_17395.078875.jpg", "width": 1920, "height": 1080, "id_view": 4, "id_intrinsic": 0, "id_pose": 4}}}}, {"key": 3, "value": {"polymorphic_id": 1073741824, "ptr_wrapper": {"id": 2147483655, "data": {"local_path": "", "filename": "128874_17394.979266.jpg", "width": 1920, "height": 1080, "id_view": 3, "id_intrinsic": 0, "id_pose": 3}}}}, {"key": 2, "value": {"polymorphic_id": 1073741824, "ptr_wrapper": {"id": 2147483656, "data": {"local_path": "", "filename": "128873_17394.879656.jpg", "width": 1920, "height": 1080, "id_view": 2, "id_intrinsic": 0, "id_pose": 2}}}}, {"key": 1, "value": {"polymorphic_id": 1073741824, "ptr_wrapper": {"id": 2147483657, "data": {"local_path": "", "filename": "128872_17394.780047.jpg", "width": 1920, "height": 1080, "id_view": 1, "id_intrinsic": 0, "id_pose": 1}}}}, {"key": 0, "value": {"polymorphic_id": 1073741824, "ptr_wrapper": {"id": 2147483658, "data": {"local_path": "", "filename": "128871_17394.680437.jpg", "width": 1920, "height": 1080, "id_view": 0, "id_intrinsic": 0, "id_pose": 0}}}}], "intrinsics": [{"key": 0, "value": {"polymorphic_id": 2147483649, "polymorphic_name": "pinhole_radial_k3", "ptr_wrapper": {"id": 2147483659, "data": {"width": 1920, "height": 1080, "focal_length": 1739.13, "principal_point": [960.0, 540.0], "disto_k3": [0.0, 0.0, 0.0]}}}}], "extrinsics": [{"key": 0, "value": {"rotation": [[0.9999999222082554, -0.0003236708723371043, 0.00022543435773356033], [0.0003237051809080452, 0.9999999360297913, -0.00015216888411201875], [-0.00022538509067703363, 0.0001522418465440602, 0.9999999630119899]], "center": [7.248496510132513e-05, -0.00039287274993444815, 0.00031857120917090604]}}, {"key": 1, "value": {"rotation": [[0.999998936566744, 0.00035503619261667194, -0.0014145015669904035], [-0.0003564420523387721, 0.999999442692479, -0.000993762443869641], [0.0014141479570435951, 0.000994265574911198, 0.9999985058096448]], "center": [-0.00014758821330027508, -0.011892549124208545, 0.00028474810699425344]}}, {"key": 2, "value": {"rotation": [[0.9999968643487122, 0.0020688570099825767, -0.001411071725841509], [-0.0020840302854662424, 0.999939098958776, -0.010837674625149389], [0.0013885641909839757, 0.010840581358192635, 0.9999402750591178]], "center": [0.0028796187075616456, -0.013539515601799465, 0.009156214284772904]}}, {"key": 3, "value": {"rotation": [[0.999997979804234, 0.001819262653115981, -0.0008547928694540681], [-0.0018278189141201552, 0.9999471419267106, -0.010117926201542901], [0.0008363405214844252, 0.010119468167925702, 0.9999484471204156]], "center": [0.003195262354929763, -0.021137606493548754, 0.009313148198037939]}}, {"key": 4, "value": {"rotation": [[0.9999989949100363, 0.0011303442685853921, -0.0008558625774845222], [-0.0011381765137530515, 0.9999569689235981, -0.009206783116454915], [0.0008454189142687547, 0.009207747985494336, 0.9999572504081838]], "center": [0.005374962307694143, -0.03260803179651216, 0.010619995180086737]}}, {"key": 5, "value": {"rotation": [[0.9999995632711334, 0.0005516993327287954, 0.0007543774843531335], [-0.0005460232530115908, 0.9999716969653618, -0.0075038074882632245], [-0.0007584959787652952, 0.007503392303485898, 0.9999715614895207]], "center": [0.005254839830220697, -0.044667584614628504, 0.010640425583238468]}}, {"key": 6, "value": {"rotation": [[0.9999978380349641, 0.00019668894623669556, -0.00207008184776777], [-0.00021809408146656906, 0.999946464288031, -0.010345095110079921], [0.002067936258606288, 0.01034552421694515, 0.9999443453354327]], "center": [0.00800975197042772, -0.052697053077114774, 0.014364014689752005]}}, {"key": 7, "value": {"rotation": [[0.999997976245701, -0.00021415508961013236, -0.0020004104829811947], [0.00019670502963241074, 0.9999619662507679, -0.008719366893811191], [0.0020022016966689876, 0.008718955757151627, 0.9999599846988233]], "center": [0.009796396185743109, -0.0647808299871712, 0.015485809599790974]}}, {"key": 8, "value": {"rotation": [[0.9999987739784492, -0.000604428845196905, -0.0014445440007886518], [0.0005929702501790543, 0.9999684633912643, -0.007919634410480747], [0.0014492853002507872, 0.007918768129220726, 0.9999675958167016]], "center": [0.00963641675606229, -0.07580595629602407, 0.01577849171908949]}}, {"key": 9, "value": {"rotation": [[0.9999973286294817, -0.0011625613646148384, -0.001997795028207051], [0.0011469172248875523, 0.9999688118214239, -0.007814087619721823], [0.0020068170769853024, 0.0078117754398688765, 0.9999674738958745]], "center": [0.01124372935598481, -0.08635332271203931, 0.017199313297200723]}}], "structure": [], "control_points": []}