{"sfm_data_version": "0.3", "root_path": "/mnt/ST8000/jialei/SFM_E/ex_sea_12/6-5/images", "views": [{"key": 9, "value": {"polymorphic_id": 1073741824, "ptr_wrapper": {"id": 2147483649, "data": {"local_path": "", "filename": "128880_17395.546875.jpg", "width": 1920, "height": 1080, "id_view": 9, "id_intrinsic": 0, "id_pose": 9}}}}, {"key": 8, "value": {"polymorphic_id": 1073741824, "ptr_wrapper": {"id": 2147483650, "data": {"local_path": "", "filename": "128879_17395.479266.jpg", "width": 1920, "height": 1080, "id_view": 8, "id_intrinsic": 0, "id_pose": 8}}}}, {"key": 7, "value": {"polymorphic_id": 1073741824, "ptr_wrapper": {"id": 2147483651, "data": {"local_path": "", "filename": "128878_17395.379656.jpg", "width": 1920, "height": 1080, "id_view": 7, "id_intrinsic": 0, "id_pose": 7}}}}, {"key": 6, "value": {"polymorphic_id": 1073741824, "ptr_wrapper": {"id": 2147483652, "data": {"local_path": "", "filename": "128877_17395.280047.jpg", "width": 1920, "height": 1080, "id_view": 6, "id_intrinsic": 0, "id_pose": 6}}}}, {"key": 5, "value": {"polymorphic_id": 1073741824, "ptr_wrapper": {"id": 2147483653, "data": {"local_path": "", "filename": "128876_17395.180437.jpg", "width": 1920, "height": 1080, "id_view": 5, "id_intrinsic": 0, "id_pose": 5}}}}, {"key": 4, "value": {"polymorphic_id": 1073741824, "ptr_wrapper": {"id": 2147483654, "data": {"local_path": "", "filename": "128875_17395.078875.jpg", "width": 1920, "height": 1080, "id_view": 4, "id_intrinsic": 0, "id_pose": 4}}}}, {"key": 3, "value": {"polymorphic_id": 1073741824, "ptr_wrapper": {"id": 2147483655, "data": {"local_path": "", "filename": "128874_17394.979266.jpg", "width": 1920, "height": 1080, "id_view": 3, "id_intrinsic": 0, "id_pose": 3}}}}, {"key": 2, "value": {"polymorphic_id": 1073741824, "ptr_wrapper": {"id": 2147483656, "data": {"local_path": "", "filename": "128873_17394.879656.jpg", "width": 1920, "height": 1080, "id_view": 2, "id_intrinsic": 0, "id_pose": 2}}}}, {"key": 1, "value": {"polymorphic_id": 1073741824, "ptr_wrapper": {"id": 2147483657, "data": {"local_path": "", "filename": "128872_17394.780047.jpg", "width": 1920, "height": 1080, "id_view": 1, "id_intrinsic": 0, "id_pose": 1}}}}, {"key": 0, "value": {"polymorphic_id": 1073741824, "ptr_wrapper": {"id": 2147483658, "data": {"local_path": "", "filename": "128871_17394.680437.jpg", "width": 1920, "height": 1080, "id_view": 0, "id_intrinsic": 0, "id_pose": 0}}}}], "intrinsics": [{"key": 0, "value": {"polymorphic_id": 2147483649, "polymorphic_name": "pinhole_radial_k3", "ptr_wrapper": {"id": 2147483659, "data": {"width": 1920, "height": 1080, "focal_length": 1739.13, "principal_point": [960.0, 540.0], "disto_k3": [0.0, 0.0, 0.0]}}}}], "extrinsics": [{"key": 0, "value": {"rotation": [[0.999999999446987, -2.6281864740088056e-05, -2.0378635366326622e-05], [2.6281863587628987e-05, 0.9999999996546303, -5.6820090764604886e-08], [2.0378636852626563e-05, 5.628450221850024e-08, 0.999999999792354]], "center": [102655.2882744143, -59731.17478746897, 609.3316321533963]}}, {"key": 1, "value": {"rotation": [[0.9999984088566318, 0.0006526743338218206, -0.0016602109558077442], [-0.000654072043590753, 0.9999994320476777, -0.0008414832642378257], [0.0016596607983581772, 0.0008425678228900104, 0.9999982678012488]], "center": [102655.15351610699, -59738.3273457339, 609.3095400874565]}}, {"key": 2, "value": {"rotation": [[0.9999958278156805, 0.002366493917487638, -0.0016565197763554018], [-0.0023840619249119173, 0.9999400719337345, -0.010684979639489079], [0.001631134565003126, 0.010688884305511301, 0.9999415418674905]], "center": [102657.03802657647, -59739.35199843721, 614.8267590638123]}}, {"key": 3, "value": {"rotation": [[0.99999715423531, 0.0021168152859921737, -0.0011002792035185146], [-0.002127676043864774, 0.9999480816173851, -0.00996529298934767], [0.001079127394272569, 0.00996760566817171, 0.9999497398976165]], "center": [102657.23577868044, -59744.07778378063, 614.923600685471]}}, {"key": 4, "value": {"rotation": [[0.9999983739527121, 0.001427897404541992, -0.0011014540085871165], [-0.0014378126500727744, 0.9999579751277049, -0.009054317935839114], [0.0010884790830425907, 0.009055886897597079, 0.9999584021977034]], "center": [102658.59382079048, -59751.211831498134, 615.7350089608499]}}, {"key": 5, "value": {"rotation": [[0.9999995102061068, 0.0008490077226756852, 0.0005086977813788816], [-0.0008452452065907848, 0.9999726202346872, -0.0073514856671166445], [-0.0005149253214575456, 0.007351052092042595, 0.9999728480739132]], "center": [102658.52134125541, -59758.71260602199, 615.7465929883627]}}, {"key": 6, "value": {"rotation": [[0.9999971962676437, 0.0004944264954536547, -0.0023158150383393223], [-0.0005180069696641447, 0.999947917305023, -0.010192857603524022], [0.0023106548055875, 0.010194028633809702, 0.9999453698350639]], "center": [102660.23688446244, -59763.706584003, 618.0613942656347]}}, {"key": 7, "value": {"rotation": [[0.999997473783445, 8.357192533395219e-05, -0.002246206237451245], [-0.00010281288088596506, 0.9999632953344403, -0.008567229038493128], [0.002245407811376992, 0.008567438334751671, 0.9999607778028802]], "center": [102661.35054056624, -59771.22217679809, 618.7577066459678]}}, {"key": 8, "value": {"rotation": [[0.9999985242150299, -0.0003067861288001347, -0.0016903993709332173], [0.00029364695944608253, 0.9999697886789606, -0.007767592987389741], [0.0016927312915178336, 0.007767085143457248, 0.9999684030253901]], "center": [102661.25312125993, -59778.079596167605, 618.9387286736925]}}, {"key": 9, "value": {"rotation": [[0.9999971088528372, -0.0008648348872246429, -0.0022437349631154757], [0.0008476197336564656, 0.999970285810219, -0.007662182288094342], [0.002250294814903946, 0.007660258301565952, 0.9999681278000809]], "center": [102662.2549989679, -59784.63964023766, 619.8212012649435]}}], "structure": [], "control_points": []}