{"sfm_data_version": "0.3", "root_path": "/mnt/ST8000/jialei/SFM_E/ex_sea_12/1-2/images", "views": [{"key": 9, "value": {"polymorphic_id": 1073741824, "ptr_wrapper": {"id": 2147483649, "data": {"local_path": "", "filename": "038735_11734.566406.jpg", "width": 1920, "height": 1080, "id_view": 9, "id_intrinsic": 0, "id_pose": 9}}}}, {"key": 8, "value": {"polymorphic_id": 1073741824, "ptr_wrapper": {"id": 2147483650, "data": {"local_path": "", "filename": "038734_11734.465820.jpg", "width": 1920, "height": 1080, "id_view": 8, "id_intrinsic": 0, "id_pose": 8}}}}, {"key": 7, "value": {"polymorphic_id": 1073741824, "ptr_wrapper": {"id": 2147483651, "data": {"local_path": "", "filename": "038733_11734.399211.jpg", "width": 1920, "height": 1080, "id_view": 7, "id_intrinsic": 0, "id_pose": 7}}}}, {"key": 6, "value": {"polymorphic_id": 1073741824, "ptr_wrapper": {"id": 2147483652, "data": {"local_path": "", "filename": "038732_11734.299602.jpg", "width": 1920, "height": 1080, "id_view": 6, "id_intrinsic": 0, "id_pose": 6}}}}, {"key": 5, "value": {"polymorphic_id": 1073741824, "ptr_wrapper": {"id": 2147483653, "data": {"local_path": "", "filename": "038731_11734.198016.jpg", "width": 1920, "height": 1080, "id_view": 5, "id_intrinsic": 0, "id_pose": 5}}}}, {"key": 4, "value": {"polymorphic_id": 1073741824, "ptr_wrapper": {"id": 2147483654, "data": {"local_path": "", "filename": "038730_11734.100406.jpg", "width": 1920, "height": 1080, "id_view": 4, "id_intrinsic": 0, "id_pose": 4}}}}, {"key": 3, "value": {"polymorphic_id": 1073741824, "ptr_wrapper": {"id": 2147483655, "data": {"local_path": "", "filename": "038729_11733.998820.jpg", "width": 1920, "height": 1080, "id_view": 3, "id_intrinsic": 0, "id_pose": 3}}}}, {"key": 2, "value": {"polymorphic_id": 1073741824, "ptr_wrapper": {"id": 2147483656, "data": {"local_path": "", "filename": "038728_11733.899211.jpg", "width": 1920, "height": 1080, "id_view": 2, "id_intrinsic": 0, "id_pose": 2}}}}, {"key": 1, "value": {"polymorphic_id": 1073741824, "ptr_wrapper": {"id": 2147483657, "data": {"local_path": "", "filename": "038727_11733.798602.jpg", "width": 1920, "height": 1080, "id_view": 1, "id_intrinsic": 0, "id_pose": 1}}}}, {"key": 0, "value": {"polymorphic_id": 1073741824, "ptr_wrapper": {"id": 2147483658, "data": {"local_path": "", "filename": "038726_11733.699016.jpg", "width": 1920, "height": 1080, "id_view": 0, "id_intrinsic": 0, "id_pose": 0}}}}], "intrinsics": [{"key": 0, "value": {"polymorphic_id": 2147483649, "polymorphic_name": "pinhole_radial_k3", "ptr_wrapper": {"id": 2147483659, "data": {"width": 1920, "height": 1080, "focal_length": 1739.13, "principal_point": [960.0, 540.0], "disto_k3": [0.0, 0.0, 0.0]}}}}], "extrinsics": [{"key": 0, "value": {"rotation": [[0.999999225752481, -0.0012437472862172466, -3.983875663927576e-05], [0.0012437510658639354, 0.9999992220298134, 9.498975718565938e-05], [3.972058239318672e-05, -9.503923313611086e-05, 0.9999999946949097]], "center": [-0.00031328052820239874, -0.000981260488291789, 0.0005124401665590853]}}, {"key": 1, "value": {"rotation": [[0.999999873330673, 9.184117579205729e-05, 0.0004948775974458375], [-9.230058631499461e-05, 0.9999995647873563, 0.0009283887653960286], [-0.0004947921177530421, -0.0009284343252900478, 0.9999994465950788]], "center": [-0.00020151331736737935, -0.01109437475680921, 0.0021043435097208235]}}, {"key": 2, "value": {"rotation": [[0.999999529359825, -0.0007934763704779216, 0.0005582789429460004], [0.0007927383266823015, 0.9999988132883197, 0.0013209799004171787], [-0.0005593264467667123, -0.0013205367095958812, 0.9999989716678334]], "center": [-0.0001285840115958669, -0.022221189828481158, 0.0029226940035052143]}}, {"key": 3, "value": {"rotation": [[0.9999941845688066, -0.0023490572848853, 0.002472399328507514], [0.002346388624899096, 0.9999966621565209, 0.0010817283565197414], [-0.0024749321179017075, -0.0010759208561422183, 0.9999963585460313]], "center": [-0.0019196845836863658, -0.03247307342229933, 0.00214662422188664]}}, {"key": 4, "value": {"rotation": [[0.9999909900630288, -0.003299412476261712, 0.002670893123084578], [0.0032965252767324874, 0.999993978189971, 0.001084668103729949], [-0.0026744558069476576, -0.0010758536642469366, 0.9999958449038824]], "center": [-0.0012547418745305489, -0.04311754459817409, 0.00310363739107883]}}, {"key": 5, "value": {"rotation": [[0.9999858501250702, -0.004653229500260151, 0.002578178593203146], [0.0046529868170521104, 0.9999891697861983, 0.00010011987528849272], [-0.002578616551735063, -8.812222759853093e-05, 0.9999966714800362]], "center": [-0.0008117407798327355, -0.052841370296219284, 0.004680878910210536]}}, {"key": 6, "value": {"rotation": [[0.9999789510368412, -0.00591947900693392, 0.002656548803479702], [0.005918981726574429, 0.9999824636587726, 0.00019501346385507705], [-0.0026576565954387938, -0.00017928529520024815, 0.9999964523528085]], "center": [-7.050829657706211e-05, -0.06387687043736573, 0.0058902274726400665]}}, {"key": 7, "value": {"rotation": [[0.9999655210711428, -0.00770701054048207, 0.003091707852769216], [0.007706705389610725, 0.999970296788556, 0.00011060128279803466], [-0.003092468424369509, -8.677058781223257e-05, 0.999995214543504]], "center": [-0.00023128961918172794, -0.0750558986707897, 0.006805272538874743]}}, {"key": 8, "value": {"rotation": [[0.9999593140706382, -0.008190863733412596, 0.003778882729032114], [0.008189615213974662, 0.9999664047655765, 0.00034574969653662993], [-0.003781587765231185, -0.0003147880338994191, 0.999992800225315]], "center": [-0.0014496232754509302, -0.08561912580397782, 0.006815595177866163]}}, {"key": 9, "value": {"rotation": [[0.9999447901465318, -0.009517646182119883, 0.004453208950982308], [0.009517183546512995, 0.9999547027617232, 0.00012506820028816533], [-0.004454197587794351, -8.267928833370691e-05, 0.9999900765947547]], "center": [-0.0013011299525717787, -0.09642557241842681, 0.007380418526309236]}}], "structure": [], "control_points": []}