{"sfm_data_version": "0.3", "root_path": "/mnt/ST8000/jialei/SFM_E/ex_sea_12/1-2/images", "views": [{"key": 9, "value": {"polymorphic_id": 1073741824, "ptr_wrapper": {"id": 2147483649, "data": {"local_path": "", "filename": "038735_11734.566406.jpg", "width": 1920, "height": 1080, "id_view": 9, "id_intrinsic": 0, "id_pose": 9}}}}, {"key": 8, "value": {"polymorphic_id": 1073741824, "ptr_wrapper": {"id": 2147483650, "data": {"local_path": "", "filename": "038734_11734.465820.jpg", "width": 1920, "height": 1080, "id_view": 8, "id_intrinsic": 0, "id_pose": 8}}}}, {"key": 7, "value": {"polymorphic_id": 1073741824, "ptr_wrapper": {"id": 2147483651, "data": {"local_path": "", "filename": "038733_11734.399211.jpg", "width": 1920, "height": 1080, "id_view": 7, "id_intrinsic": 0, "id_pose": 7}}}}, {"key": 6, "value": {"polymorphic_id": 1073741824, "ptr_wrapper": {"id": 2147483652, "data": {"local_path": "", "filename": "038732_11734.299602.jpg", "width": 1920, "height": 1080, "id_view": 6, "id_intrinsic": 0, "id_pose": 6}}}}, {"key": 5, "value": {"polymorphic_id": 1073741824, "ptr_wrapper": {"id": 2147483653, "data": {"local_path": "", "filename": "038731_11734.198016.jpg", "width": 1920, "height": 1080, "id_view": 5, "id_intrinsic": 0, "id_pose": 5}}}}, {"key": 4, "value": {"polymorphic_id": 1073741824, "ptr_wrapper": {"id": 2147483654, "data": {"local_path": "", "filename": "038730_11734.100406.jpg", "width": 1920, "height": 1080, "id_view": 4, "id_intrinsic": 0, "id_pose": 4}}}}, {"key": 3, "value": {"polymorphic_id": 1073741824, "ptr_wrapper": {"id": 2147483655, "data": {"local_path": "", "filename": "038729_11733.998820.jpg", "width": 1920, "height": 1080, "id_view": 3, "id_intrinsic": 0, "id_pose": 3}}}}, {"key": 2, "value": {"polymorphic_id": 1073741824, "ptr_wrapper": {"id": 2147483656, "data": {"local_path": "", "filename": "038728_11733.899211.jpg", "width": 1920, "height": 1080, "id_view": 2, "id_intrinsic": 0, "id_pose": 2}}}}, {"key": 1, "value": {"polymorphic_id": 1073741824, "ptr_wrapper": {"id": 2147483657, "data": {"local_path": "", "filename": "038727_11733.798602.jpg", "width": 1920, "height": 1080, "id_view": 1, "id_intrinsic": 0, "id_pose": 1}}}}, {"key": 0, "value": {"polymorphic_id": 1073741824, "ptr_wrapper": {"id": 2147483658, "data": {"local_path": "", "filename": "038726_11733.699016.jpg", "width": 1920, "height": 1080, "id_view": 0, "id_intrinsic": 0, "id_pose": 0}}}}], "intrinsics": [{"key": 0, "value": {"polymorphic_id": 2147483649, "polymorphic_name": "pinhole_radial_k3", "ptr_wrapper": {"id": 2147483659, "data": {"width": 1920, "height": 1080, "focal_length": 1739.13, "principal_point": [960.0, 540.0], "disto_k3": [0.0, 0.0, 0.0]}}}}], "extrinsics": [{"key": 0, "value": {"rotation": [[0.9999999930193074, -7.473743904314892e-05, 9.151885244042832e-05], [7.472564094999924e-05, 0.9999999888990188, 0.00012891098185781647], [-9.152848590112779e-05, -0.00012890414215302096, 0.9999999875031289]], "center": [102655.2882744584, -59731.17478749954, 609.33163207587]}}, {"key": 1, "value": {"rotation": [[0.999999009036365, 0.0012608327336430425, 0.0006262803732555632], [-0.0012614349628845831, 0.9999987415387879, 0.0009621344371875784], [-0.0006250664945134264, -0.0009629234957067308, 0.9999993410348921]], "center": [102655.36585166212, -59737.53350209556, 610.33235893928]}}, {"key": 2, "value": {"rotation": [[0.9999996916850622, 0.0003755132406776351, 0.0006896517865813073], [-0.00037644735458239916, 0.9999990113450041, 0.0013548418370715356], [-0.0006891423437047697, -0.0013551010369441654, 0.9999988443913368]], "center": [102655.41981798281, -59744.52960737921, 610.8466785176234]}}, {"key": 3, "value": {"rotation": [[0.9999959139529184, -0.0011801377685448297, 0.002603718939198127], [0.001177235811445164, 0.9999986845585167, 0.0011157943719362258], [-0.002605032305238489, -0.0011127246215696471, 0.9999959878172535]], "center": [102654.30123790177, -59750.976923316186, 610.3583478168616]}}, {"key": 4, "value": {"rotation": [[0.9999938043527473, -0.0021305027756145047, 0.002802180230268796], [0.0021273745572826727, 0.9999971112119815, 0.0011188588761823382], [-0.0028045558673053675, -0.0011128906572005555, 0.9999954479600253]], "center": [102654.72707497976, -59757.66931590107, 610.9599127109684]}}, {"key": 5, "value": {"rotation": [[0.9999902592270342, -0.0034843217383350713, 0.002709419323938431], [0.0034839701105176166, 0.9999939219140531, 0.00013448873311508973], [-0.0027098714578713077, -0.00012504788714934296, 0.999996320473084]], "center": [102655.01263521475, -59763.78301605447, 611.9514563694238]}}, {"key": 6, "value": {"rotation": [[0.999984830110986, -0.004750581101801507, 0.002787745881128571], [0.004749959518382777, 0.9999886925321128, 0.0002295484457712006], [-0.0027888048472900027, -0.00021630328346379025, 0.9999960878825538]], "center": [102655.48670713857, -59770.72122290487, 612.7116788005197]}}, {"key": 7, "value": {"rotation": [[0.9999734326396184, -0.006538141869518872, 0.0032228428185463666], [0.006537707256076374, 0.9999786183970009, 0.00014537076111094347], [-0.003223724363660561, -0.0001242968961135348, 0.9999947960622133]], "center": [102655.39375500844, -59777.75033179451, 613.2867760747049]}}, {"key": 8, "value": {"rotation": [[0.9999677010066887, -0.007022025290662971, 0.003910000539056805], [0.007020590406999616, 0.9999752829281833, 0.0003805824955037368], [-0.003912576355201294, -0.0003531196907964191, 0.9999922834966015]], "center": [102654.63547407326, -59784.393005126134, 613.292941713324]}}, {"key": 9, "value": {"rotation": [[0.9999546395389677, -0.008348846677972255, 0.0045842800570746745], [0.008348200489509612, 0.9999651403546851, 0.0001600750483281452], [-0.0045854566927333315, -0.00012179729823365709, 0.9999894793208257]], "center": [102654.7367377902, -59791.18761328965, 613.6478654695377]}}], "structure": [], "control_points": []}