{"sfm_data_version": "0.3", "root_path": "/mnt/ST8000/jialei/SFM_E/ex_sea_12/1-5/images", "views": [{"key": 9, "value": {"polymorphic_id": 1073741824, "ptr_wrapper": {"id": 2147483649, "data": {"local_path": "", "filename": "075418_15357.965820.jpg", "width": 1920, "height": 1080, "id_view": 9, "id_intrinsic": 0, "id_pose": 9}}}}, {"key": 8, "value": {"polymorphic_id": 1073741824, "ptr_wrapper": {"id": 2147483650, "data": {"local_path": "", "filename": "075417_15357.866211.jpg", "width": 1920, "height": 1080, "id_view": 8, "id_intrinsic": 0, "id_pose": 8}}}}, {"key": 7, "value": {"polymorphic_id": 1073741824, "ptr_wrapper": {"id": 2147483651, "data": {"local_path": "", "filename": "075416_15357.766602.jpg", "width": 1920, "height": 1080, "id_view": 7, "id_intrinsic": 0, "id_pose": 7}}}}, {"key": 6, "value": {"polymorphic_id": 1073741824, "ptr_wrapper": {"id": 2147483652, "data": {"local_path": "", "filename": "075415_15357.666016.jpg", "width": 1920, "height": 1080, "id_view": 6, "id_intrinsic": 0, "id_pose": 6}}}}, {"key": 5, "value": {"polymorphic_id": 1073741824, "ptr_wrapper": {"id": 2147483653, "data": {"local_path": "", "filename": "075414_15357.566406.jpg", "width": 1920, "height": 1080, "id_view": 5, "id_intrinsic": 0, "id_pose": 5}}}}, {"key": 4, "value": {"polymorphic_id": 1073741824, "ptr_wrapper": {"id": 2147483654, "data": {"local_path": "", "filename": "075413_15357.497820.jpg", "width": 1920, "height": 1080, "id_view": 4, "id_intrinsic": 0, "id_pose": 4}}}}, {"key": 3, "value": {"polymorphic_id": 1073741824, "ptr_wrapper": {"id": 2147483655, "data": {"local_path": "", "filename": "075412_15357.398211.jpg", "width": 1920, "height": 1080, "id_view": 3, "id_intrinsic": 0, "id_pose": 3}}}}, {"key": 2, "value": {"polymorphic_id": 1073741824, "ptr_wrapper": {"id": 2147483656, "data": {"local_path": "", "filename": "075411_15357.299602.jpg", "width": 1920, "height": 1080, "id_view": 2, "id_intrinsic": 0, "id_pose": 2}}}}, {"key": 1, "value": {"polymorphic_id": 1073741824, "ptr_wrapper": {"id": 2147483657, "data": {"local_path": "", "filename": "075410_15357.198016.jpg", "width": 1920, "height": 1080, "id_view": 1, "id_intrinsic": 0, "id_pose": 1}}}}, {"key": 0, "value": {"polymorphic_id": 1073741824, "ptr_wrapper": {"id": 2147483658, "data": {"local_path": "", "filename": "075409_15357.099406.jpg", "width": 1920, "height": 1080, "id_view": 0, "id_intrinsic": 0, "id_pose": 0}}}}], "intrinsics": [{"key": 0, "value": {"polymorphic_id": 2147483649, "polymorphic_name": "pinhole_radial_k3", "ptr_wrapper": {"id": 2147483659, "data": {"width": 1920, "height": 1080, "focal_length": 1739.13, "principal_point": [960.0, 540.0], "disto_k3": [0.0, 0.0, 0.0]}}}}], "extrinsics": [{"key": 0, "value": {"rotation": [[0.9999998783728559, -0.0003829384978234033, 0.0003108253214184566], [0.00038298382939792294, 0.9999999160334253, -0.00014579618908080037], [-0.00031076946434589444, 0.0001459152124198748, 0.9999999410655437]], "center": [0.00022128861447047758, -0.0005017023191434143, 0.000284504480842543]}}, {"key": 1, "value": {"rotation": [[0.9999995472410708, 0.00012800471996186094, 0.00094293819787283], [-0.00012805623013820353, 0.9999999903120147, 5.456713702174462e-05], [-0.0009429312038865648, -5.468786142686468e-05, 0.9999995539448918]], "center": [-0.0001990640368505775, -0.011636944527768428, 0.0010639395469140874]}}, {"key": 2, "value": {"rotation": [[0.9999987901126802, -0.0010552456689254114, 0.001142904087681553], [0.00105557493045035, 0.999999401544683, -0.00028752711547984323], [-0.0011425999919612107, 0.00028873318850730477, 0.999999305548961]], "center": [0.0007078242127986982, -0.02311399345978567, 0.0017744627627917615]}}, {"key": 3, "value": {"rotation": [[0.9999987521830197, -0.0015796442293974674, 1.8881510520464805e-05], [0.0015796578160707274, 0.9999984765889581, -0.0007426310978696516], [-1.770838882783947e-05, 0.0007426599975276503, 0.9999997240712324]], "center": [0.0006911820074813032, -0.03374984435909737, 0.002843492029357835]}}, {"key": 4, "value": {"rotation": [[0.999996796621514, -0.0018898989958995099, 0.0016837542858002936], [0.0018885032824838069, 0.9999978722141708, 0.0008301340154028796], [-0.0016853195725739763, -0.0008269515806737754, 0.9999982379229583]], "center": [0.0002987953100264127, -0.04642726186197306, 0.0017048578660566844]}}, {"key": 5, "value": {"rotation": [[0.9999955554357858, -0.0026541955764396337, 0.001358070143981069], [0.0026530789424067816, 0.999996141615185, 0.000823363144880245], [-0.0013602502708408458, -0.0008197564180885853, 0.9999987388585126]], "center": [0.0006755597472808514, -0.05785913895152947, 0.0024109328935105765]}}, {"key": 6, "value": {"rotation": [[0.9999928788692485, -0.0031956826657033245, 0.002007441927529376], [0.0031924602225292284, 0.999993613806676, 0.0016064070443442605], [-0.0020125626747628913, -0.0015999869264069783, 0.9999966948111958]], "center": [-0.0004148870967649992, -0.06979133841892035, 0.0022168900605340006]}}, {"key": 7, "value": {"rotation": [[0.999988270370525, -0.004634213831166668, 0.0014082554925620727], [0.004633992382437902, 0.999989250123781, 0.0001604726688861463], [-0.0014089840186515554, -0.00015394494137616941, 0.9999989955319909]], "center": [0.0003940736500605843, -0.08019763809855657, 0.003978670252290381]}}, {"key": 8, "value": {"rotation": [[0.9999823352634216, -0.005832709003196442, 0.0011439697537770335], [0.005833289308889341, 0.9999828589130738, -0.0005045947622311771], [-0.0011410069904794508, 0.0005112589552319711, 0.999999218358359]], "center": [0.0003786182539044529, -0.09082923466787123, 0.004991747984488951]}}, {"key": 9, "value": {"rotation": [[0.9999765316182302, -0.006850103611879665, 0.00011087506758786963], [0.006850261438975904, 0.9999754238080343, -0.0014918773942690592], [-0.00010065282797400652, 0.0014926019055207908, 0.9999988810036541]], "center": [0.0009025240723112954, -0.1014799948977292, 0.006682402967405926]}}], "structure": [], "control_points": []}