{"sfm_data_version": "0.3", "root_path": "/mnt/ST8000/jialei/SFM_E/ex_sea_12/1-5/images", "views": [{"key": 9, "value": {"polymorphic_id": 1073741824, "ptr_wrapper": {"id": 2147483649, "data": {"local_path": "", "filename": "075418_15357.965820.jpg", "width": 1920, "height": 1080, "id_view": 9, "id_intrinsic": 0, "id_pose": 9}}}}, {"key": 8, "value": {"polymorphic_id": 1073741824, "ptr_wrapper": {"id": 2147483650, "data": {"local_path": "", "filename": "075417_15357.866211.jpg", "width": 1920, "height": 1080, "id_view": 8, "id_intrinsic": 0, "id_pose": 8}}}}, {"key": 7, "value": {"polymorphic_id": 1073741824, "ptr_wrapper": {"id": 2147483651, "data": {"local_path": "", "filename": "075416_15357.766602.jpg", "width": 1920, "height": 1080, "id_view": 7, "id_intrinsic": 0, "id_pose": 7}}}}, {"key": 6, "value": {"polymorphic_id": 1073741824, "ptr_wrapper": {"id": 2147483652, "data": {"local_path": "", "filename": "075415_15357.666016.jpg", "width": 1920, "height": 1080, "id_view": 6, "id_intrinsic": 0, "id_pose": 6}}}}, {"key": 5, "value": {"polymorphic_id": 1073741824, "ptr_wrapper": {"id": 2147483653, "data": {"local_path": "", "filename": "075414_15357.566406.jpg", "width": 1920, "height": 1080, "id_view": 5, "id_intrinsic": 0, "id_pose": 5}}}}, {"key": 4, "value": {"polymorphic_id": 1073741824, "ptr_wrapper": {"id": 2147483654, "data": {"local_path": "", "filename": "075413_15357.497820.jpg", "width": 1920, "height": 1080, "id_view": 4, "id_intrinsic": 0, "id_pose": 4}}}}, {"key": 3, "value": {"polymorphic_id": 1073741824, "ptr_wrapper": {"id": 2147483655, "data": {"local_path": "", "filename": "075412_15357.398211.jpg", "width": 1920, "height": 1080, "id_view": 3, "id_intrinsic": 0, "id_pose": 3}}}}, {"key": 2, "value": {"polymorphic_id": 1073741824, "ptr_wrapper": {"id": 2147483656, "data": {"local_path": "", "filename": "075411_15357.299602.jpg", "width": 1920, "height": 1080, "id_view": 2, "id_intrinsic": 0, "id_pose": 2}}}}, {"key": 1, "value": {"polymorphic_id": 1073741824, "ptr_wrapper": {"id": 2147483657, "data": {"local_path": "", "filename": "075410_15357.198016.jpg", "width": 1920, "height": 1080, "id_view": 1, "id_intrinsic": 0, "id_pose": 1}}}}, {"key": 0, "value": {"polymorphic_id": 1073741824, "ptr_wrapper": {"id": 2147483658, "data": {"local_path": "", "filename": "075409_15357.099406.jpg", "width": 1920, "height": 1080, "id_view": 0, "id_intrinsic": 0, "id_pose": 0}}}}], "intrinsics": [{"key": 0, "value": {"polymorphic_id": 2147483649, "polymorphic_name": "pinhole_radial_k3", "ptr_wrapper": {"id": 2147483659, "data": {"width": 1920, "height": 1080, "focal_length": 1739.13, "principal_point": [960.0, 540.0], "disto_k3": [0.0, 0.0, 0.0]}}}}], "extrinsics": [{"key": 0, "value": {"rotation": [[0.999999985187387, 0.00016589347270348865, 4.587572356137483e-05], [-0.00016589138766969026, 0.999999985207187, -4.5449682099120314e-05], [-4.588326268834073e-05, 4.5442071038449865e-05, 0.9999999979148723]], "center": [102655.28827448862, -59731.174787461125, 609.3316321729791]}}, {"key": 1, "value": {"rotation": [[0.999999541119919, 0.0006767730266751462, 0.00067803998557422], [-0.0006768783035473612, 0.9999997588977524, 0.00015504902363420179], [-0.0006779348891002372, -0.0001555079030404495, 0.9999997581107599]], "center": [102655.0336566945, -59738.02278729435, 609.8103399407228]}}, {"key": 2, "value": {"rotation": [[0.9999994863869539, -0.000506497650681937, 0.0008778872128341641], [0.0005066623169320367, 0.999999854094972, -0.00018735883137284794], [-0.0008777921879380652, 0.00018780352751219636, 0.9999995971052739]], "center": [102655.59535277009, -59745.0805348483, 610.2464318316289]}}, {"key": 3, "value": {"rotation": [[0.9999994384383634, -0.001030783408010566, -0.00024618798393647763], [0.001030625025679755, 0.9999992624372689, -0.0006426017238085826], [0.00024685018555226963, 0.0006423476354508824, 0.9999997632272225]], "center": [102655.58888232804, -59751.62130695215, 610.903195663823]}}, {"key": 4, "value": {"rotation": [[0.9999980942914646, -0.001341206190547908, 0.0014186540781153218], [0.0013398874961022174, 0.9999986698241138, 0.000930081449026238], [-0.001419899622053034, -0.0009281788397014697, 0.9999985611835174]], "center": [102655.35167064944, -59759.41756641598, 610.2022536141949]}}, {"key": 5, "value": {"rotation": [[0.9999971862845702, -0.0021054706664105903, 0.0010928935061338709], [0.0021044621697963854, 0.9999973595519414, 0.0009231078603211745], [-0.0010948341969272165, -0.0009208053099190643, 0.9999989767273078]], "center": [102655.58734195246, -59766.44771342366, 610.635699168094]}}, {"key": 6, "value": {"rotation": [[0.9999949789680437, -0.0026470242741063062, 0.0017422115813958401], [0.0026440522173019855, 0.9999950492490329, 0.0017060085863289968], [-0.001746718802280082, -0.0017013935220105416, 0.9999970271123357]], "center": [102654.92074851441, -59773.78598204518, 610.5158097246574]}}, {"key": 7, "value": {"rotation": [[0.9999910012244951, -0.004085497645159077, 0.0011428818937889455], [0.004085203380646829, 0.9999916218016173, 0.00025969195263330535], [-0.0011439332893586872, -0.0002550207107475434, 0.9999993131902978]], "center": [102655.42203228155, -59780.18535171711, 611.5984724538787]}}, {"key": 8, "value": {"rotation": [[0.9999856538696632, -0.005283969379663095, 0.0008784773514841802], [0.005284327371683043, 0.9999859555497611, -0.00040569380090704185], [-0.0008763213401312485, 0.0004103301426847181, 0.9999995318449322]], "center": [102655.41628113535, -59786.723503695284, 612.2208279873468]}}, {"key": 9, "value": {"rotation": [[0.99998013487369, -0.006301263393353816, -0.0001547179510118926], [0.0063010417969908104, 0.9999791776513802, -0.0013932465474213902], [0.000163493942887926, 0.001392243986126629, 0.9999990174627245]], "center": [102655.74233636708, -59793.27330044078, 613.259782371556]}}], "structure": [], "control_points": []}