{"sfm_data_version": "0.3", "root_path": "/mnt/ST8000/jialei/SFM_E/ex_sea_12/1-5/images", "views": [{"key": 9, "value": {"polymorphic_id": 1073741824, "ptr_wrapper": {"id": 2147483649, "data": {"local_path": "", "filename": "075418_15357.965820.jpg", "width": 1920, "height": 1080, "id_view": 9, "id_intrinsic": 0, "id_pose": 9}}}}, {"key": 8, "value": {"polymorphic_id": 1073741824, "ptr_wrapper": {"id": 2147483650, "data": {"local_path": "", "filename": "075417_15357.866211.jpg", "width": 1920, "height": 1080, "id_view": 8, "id_intrinsic": 0, "id_pose": 8}}}}, {"key": 7, "value": {"polymorphic_id": 1073741824, "ptr_wrapper": {"id": 2147483651, "data": {"local_path": "", "filename": "075416_15357.766602.jpg", "width": 1920, "height": 1080, "id_view": 7, "id_intrinsic": 0, "id_pose": 7}}}}, {"key": 6, "value": {"polymorphic_id": 1073741824, "ptr_wrapper": {"id": 2147483652, "data": {"local_path": "", "filename": "075415_15357.666016.jpg", "width": 1920, "height": 1080, "id_view": 6, "id_intrinsic": 0, "id_pose": 6}}}}, {"key": 5, "value": {"polymorphic_id": 1073741824, "ptr_wrapper": {"id": 2147483653, "data": {"local_path": "", "filename": "075414_15357.566406.jpg", "width": 1920, "height": 1080, "id_view": 5, "id_intrinsic": 0, "id_pose": 5}}}}, {"key": 4, "value": {"polymorphic_id": 1073741824, "ptr_wrapper": {"id": 2147483654, "data": {"local_path": "", "filename": "075413_15357.497820.jpg", "width": 1920, "height": 1080, "id_view": 4, "id_intrinsic": 0, "id_pose": 4}}}}, {"key": 3, "value": {"polymorphic_id": 1073741824, "ptr_wrapper": {"id": 2147483655, "data": {"local_path": "", "filename": "075412_15357.398211.jpg", "width": 1920, "height": 1080, "id_view": 3, "id_intrinsic": 0, "id_pose": 3}}}}, {"key": 2, "value": {"polymorphic_id": 1073741824, "ptr_wrapper": {"id": 2147483656, "data": {"local_path": "", "filename": "075411_15357.299602.jpg", "width": 1920, "height": 1080, "id_view": 2, "id_intrinsic": 0, "id_pose": 2}}}}, {"key": 1, "value": {"polymorphic_id": 1073741824, "ptr_wrapper": {"id": 2147483657, "data": {"local_path": "", "filename": "075410_15357.198016.jpg", "width": 1920, "height": 1080, "id_view": 1, "id_intrinsic": 0, "id_pose": 1}}}}, {"key": 0, "value": {"polymorphic_id": 1073741824, "ptr_wrapper": {"id": 2147483658, "data": {"local_path": "", "filename": "075409_15357.099406.jpg", "width": 1920, "height": 1080, "id_view": 0, "id_intrinsic": 0, "id_pose": 0}}}}], "intrinsics": [{"key": 0, "value": {"polymorphic_id": 2147483649, "polymorphic_name": "pinhole_radial_k3", "ptr_wrapper": {"id": 2147483659, "data": {"width": 1920, "height": 1080, "focal_length": 1739.13, "principal_point": [960.0, 540.0], "disto_k3": [0.0, 0.0, 0.0]}}}}], "extrinsics": [{"key": 0, "value": {"rotation": [[0.9999998692456339, -0.000392518408042681, 0.0003277773856741792], [0.0003925728615811611, 0.9999999091516832, -0.00016608182837663936], [-0.0003277121657212907, 0.00016621048316694222, 0.9999999324894036]], "center": [0.0002394799359052313, -0.0005133757228232049, 0.00029463948811990904]}}, {"key": 1, "value": {"rotation": [[0.9999995041281466, 0.00012215540341155688, 0.000988342814206057], [-0.00012221177204303993, 0.9999999909091635, 5.697328881609999e-05], [-0.0009883358456261157, -5.709404769135306e-05, 0.999999509966143]], "center": [-9.44009802130856e-05, -0.010997238334576711, 0.0010792651579999424]}}, {"key": 2, "value": {"rotation": [[0.9999987266614052, -0.001065210524751454, 0.001188276948528151], [0.001065587945518063, 0.9999993820062262, -0.0003170323267512406], [-0.0011879385080092585, 0.00031829813665400843, 0.9999992437439128]], "center": [0.0007513561271751022, -0.021815659975013103, 0.0018015300931691187]}}, {"key": 3, "value": {"rotation": [[0.9999987214706336, -0.0015989512892278291, 2.0294655672249804e-05], [0.0015989674026251086, 0.999998385059749, -0.0008204761663599625], [-1.8982721473608828e-05, 0.0008205075678499185, 0.999999663203437]], "center": [0.0008417694660292573, -0.03179217161740531, 0.002880232522423626]}}, {"key": 4, "value": {"rotation": [[0.9999966452419506, -0.0019074182411903335, 0.001752501211932402], [0.001905991283826296, 0.9999978510353256, 0.000815550094603526], [-0.0017540530409962023, -0.000812207106595502, 0.9999981318070275]], "center": [0.000307871250335974, -0.0439137484459647, 0.0017463834525819424]}}, {"key": 5, "value": {"rotation": [[0.9999954264962069, -0.00266254144321541, 0.001434524218293374], [0.002661346642290259, 0.9999961107012285, 0.0008341561401735818], [-0.0014367396142933703, -0.0008303345589457425, 0.9999986231609524]], "center": [0.0006795669264152481, -0.05473845706699816, 0.0024298817575571802]}}, {"key": 6, "value": {"rotation": [[0.9999926333939638, -0.003204238504680645, 0.0021132944448749988], [0.0032007297074761044, 0.9999934971163627, 0.0016616420573497951], [-0.0021186049998282706, -0.001654865732377074, 0.9999963864596023]], "center": [-0.00041617645035913397, -0.06609340261927933, 0.0022347628412488435]}}, {"key": 7, "value": {"rotation": [[0.9999881402196282, -0.004624611533139074, 0.0015272158513940557], [0.004624351052139216, 0.9999892924852424, 0.00017404657712330847], [-0.0015280043965156577, -0.0001669821307399286, 0.9999988186590683]], "center": [0.0003834376404285028, -0.0758362447975342, 0.003965844111599413]}}, {"key": 8, "value": {"rotation": [[0.9999822623913536, -0.0058198552959371035, 0.0012665650415543315], [0.005820519696036864, 0.9999829246399028, -0.0005215161500119218], [-0.0012635082659725931, 0.0005288789663331129, 0.9999990619165104]], "center": [0.0003826015060132967, -0.08582916960114009, 0.004969775296966479]}}, {"key": 9, "value": {"rotation": [[0.9999761130952015, -0.006911076967058619, 0.00010126286713925835], [0.006911252615256547, 0.9999744034668985, -0.0018512153600170325], [-8.846638332524269e-05, 0.001851870993467191, 0.9999982813722845]], "center": [0.0010430698186442086, -0.09555644778228917, 0.006862270011780931]}}], "structure": [], "control_points": []}