{"sfm_data_version": "0.3", "root_path": "/mnt/ST8000/jialei/SFM_E/ex_sea_12/1-5/images", "views": [{"key": 9, "value": {"polymorphic_id": 1073741824, "ptr_wrapper": {"id": 2147483649, "data": {"local_path": "", "filename": "075418_15357.965820.jpg", "width": 1920, "height": 1080, "id_view": 9, "id_intrinsic": 0, "id_pose": 9}}}}, {"key": 8, "value": {"polymorphic_id": 1073741824, "ptr_wrapper": {"id": 2147483650, "data": {"local_path": "", "filename": "075417_15357.866211.jpg", "width": 1920, "height": 1080, "id_view": 8, "id_intrinsic": 0, "id_pose": 8}}}}, {"key": 7, "value": {"polymorphic_id": 1073741824, "ptr_wrapper": {"id": 2147483651, "data": {"local_path": "", "filename": "075416_15357.766602.jpg", "width": 1920, "height": 1080, "id_view": 7, "id_intrinsic": 0, "id_pose": 7}}}}, {"key": 6, "value": {"polymorphic_id": 1073741824, "ptr_wrapper": {"id": 2147483652, "data": {"local_path": "", "filename": "075415_15357.666016.jpg", "width": 1920, "height": 1080, "id_view": 6, "id_intrinsic": 0, "id_pose": 6}}}}, {"key": 5, "value": {"polymorphic_id": 1073741824, "ptr_wrapper": {"id": 2147483653, "data": {"local_path": "", "filename": "075414_15357.566406.jpg", "width": 1920, "height": 1080, "id_view": 5, "id_intrinsic": 0, "id_pose": 5}}}}, {"key": 4, "value": {"polymorphic_id": 1073741824, "ptr_wrapper": {"id": 2147483654, "data": {"local_path": "", "filename": "075413_15357.497820.jpg", "width": 1920, "height": 1080, "id_view": 4, "id_intrinsic": 0, "id_pose": 4}}}}, {"key": 3, "value": {"polymorphic_id": 1073741824, "ptr_wrapper": {"id": 2147483655, "data": {"local_path": "", "filename": "075412_15357.398211.jpg", "width": 1920, "height": 1080, "id_view": 3, "id_intrinsic": 0, "id_pose": 3}}}}, {"key": 2, "value": {"polymorphic_id": 1073741824, "ptr_wrapper": {"id": 2147483656, "data": {"local_path": "", "filename": "075411_15357.299602.jpg", "width": 1920, "height": 1080, "id_view": 2, "id_intrinsic": 0, "id_pose": 2}}}}, {"key": 1, "value": {"polymorphic_id": 1073741824, "ptr_wrapper": {"id": 2147483657, "data": {"local_path": "", "filename": "075410_15357.198016.jpg", "width": 1920, "height": 1080, "id_view": 1, "id_intrinsic": 0, "id_pose": 1}}}}, {"key": 0, "value": {"polymorphic_id": 1073741824, "ptr_wrapper": {"id": 2147483658, "data": {"local_path": "", "filename": "075409_15357.099406.jpg", "width": 1920, "height": 1080, "id_view": 0, "id_intrinsic": 0, "id_pose": 0}}}}], "intrinsics": [{"key": 0, "value": {"polymorphic_id": 2147483649, "polymorphic_name": "pinhole_radial_k3", "ptr_wrapper": {"id": 2147483659, "data": {"width": 1920, "height": 1080, "focal_length": 1739.13, "principal_point": [960.0, 540.0], "disto_k3": [0.0, 0.0, 0.0]}}}}], "extrinsics": [{"key": 0, "value": {"rotation": [[0.9999999860517216, 0.0001467344210077464, 7.978449681117021e-05], [-0.0001467275576809248, 0.9999999855355884, -8.602236356768542e-05], [-7.97971180988462e-05, 8.601065578346372e-05, 0.9999999931172936]], "center": [102655.28827448779, -59731.174787448486, 609.331632181465]}}, {"key": 1, "value": {"rotation": [[0.9999995072149952, 0.0006613550985946582, 0.0007403912480592125], [-0.000661456826009121, 0.9999997718309201, 0.00013716039934735168], [-0.0007403003673953747, -0.0001376500686016744, 0.9999997165038723]], "center": [102655.08638583194, -59737.62725801103, 609.8140659459476]}}, {"key": 2, "value": {"rotation": [[0.9999994196309956, -0.000526027071727281, 0.0009402303929099458], [0.0005262502555465351, 0.9999998334126828, -0.0002371397808652156], [-0.0009401054943349586, 0.00023763443972118402, 0.999999529865656]], "center": [102655.61061003026, -59744.28523922276, 610.2579230985723]}}, {"key": 3, "value": {"rotation": [[0.9999994125998233, -0.0010596742941420185, -0.0002277946419567288], [0.0010595052999027598, 0.9999991643938584, -0.0007407159408336068], [0.00022857936925190666, 0.0007404741561064804, 0.9999996997247032]], "center": [102655.66973089639, -59750.42533294279, 610.921307484914]}}, {"key": 4, "value": {"rotation": [[0.9999979323104093, -0.00136828093643249, 0.001504387644584353], [0.0013669351570974849, 0.9999986650212078, 0.0008952340916870339], [-0.0015056105679999824, -0.0008931758402595659, 0.9999984676856939]], "center": [102655.34499177734, -59757.88571097232, 610.2229604687687]}}, {"key": 5, "value": {"rotation": [[0.9999970419122527, -0.002123379237982326, 0.0011863504356776232], [0.002122295935379794, 0.9999973305457923, 0.0009136526981179092], [-0.0011882872999393072, -0.0009111322087455254, 0.999998878905067]], "center": [102655.57744978546, -59764.54771695505, 610.6430306287627]}}, {"key": 6, "value": {"rotation": [[0.9999947092637947, -0.002665132042490007, 0.0018650779110851797], [0.0026618855352958356, 0.9999949416213416, 0.0017410046314948145], [-0.0018697084840443644, -0.0017360307963848757, 0.9999967451883325]], "center": [102654.90681042554, -59771.53650243806, 610.5225512088103]}}, {"key": 7, "value": {"rotation": [[0.999990836689279, -0.004085460383123644, 0.001278886599068444], [0.004085139965991913, 0.9999916237620142, 0.0002530558615410221], [-0.0012799097365069625, -0.0002478291119537155, 0.9999991502055378]], "center": [102655.40243279075, -59777.53258041109, 611.5873472300134]}}, {"key": 8, "value": {"rotation": [[0.9999855387656376, -0.005280686280002354, 0.0010181414486274572], [0.005281139330317845, 0.9999859566474075, -0.0004428039561104978], [-0.001015788841732323, 0.000448174499466798, 0.9999993836561337]], "center": [102655.40538796227, -59783.68280225807, 612.2047265660765]}}, {"key": 9, "value": {"rotation": [[0.9999796889215621, -0.006371817854072199, -0.00014724663027890184], [0.006371546880952099, 0.9999781300917309, -0.0017727742637088002], [0.00015853920471336477, 0.0017718000679437026, 0.9999984177936684]], "center": [102655.81539216275, -59789.66935546, 613.3688869346532]}}], "structure": [], "control_points": []}