{"sfm_data_version": "0.3", "root_path": "/mnt/ST8000/jialei/SFM_E/ex_sea_12/1-3/images", "views": [{"key": 9, "value": {"polymorphic_id": 1073741824, "ptr_wrapper": {"id": 2147483649, "data": {"local_path": "", "filename": "051561_13000.366211.jpg", "width": 1920, "height": 1080, "id_view": 9, "id_intrinsic": 0, "id_pose": 9}}}}, {"key": 8, "value": {"polymorphic_id": 1073741824, "ptr_wrapper": {"id": 2147483650, "data": {"local_path": "", "filename": "051560_13000.298602.jpg", "width": 1920, "height": 1080, "id_view": 8, "id_intrinsic": 0, "id_pose": 8}}}}, {"key": 7, "value": {"polymorphic_id": 1073741824, "ptr_wrapper": {"id": 2147483651, "data": {"local_path": "", "filename": "051559_13000.166016.jpg", "width": 1920, "height": 1080, "id_view": 7, "id_intrinsic": 0, "id_pose": 7}}}}, {"key": 6, "value": {"polymorphic_id": 1073741824, "ptr_wrapper": {"id": 2147483652, "data": {"local_path": "", "filename": "051558_13000.098406.jpg", "width": 1920, "height": 1080, "id_view": 6, "id_intrinsic": 0, "id_pose": 6}}}}, {"key": 5, "value": {"polymorphic_id": 1073741824, "ptr_wrapper": {"id": 2147483653, "data": {"local_path": "", "filename": "051557_12999.965820.jpg", "width": 1920, "height": 1080, "id_view": 5, "id_intrinsic": 0, "id_pose": 5}}}}, {"key": 4, "value": {"polymorphic_id": 1073741824, "ptr_wrapper": {"id": 2147483654, "data": {"local_path": "", "filename": "051556_12999.898211.jpg", "width": 1920, "height": 1080, "id_view": 4, "id_intrinsic": 0, "id_pose": 4}}}}, {"key": 3, "value": {"polymorphic_id": 1073741824, "ptr_wrapper": {"id": 2147483655, "data": {"local_path": "", "filename": "051555_12999.766602.jpg", "width": 1920, "height": 1080, "id_view": 3, "id_intrinsic": 0, "id_pose": 3}}}}, {"key": 2, "value": {"polymorphic_id": 1073741824, "ptr_wrapper": {"id": 2147483656, "data": {"local_path": "", "filename": "051554_12999.698016.jpg", "width": 1920, "height": 1080, "id_view": 2, "id_intrinsic": 0, "id_pose": 2}}}}, {"key": 1, "value": {"polymorphic_id": 1073741824, "ptr_wrapper": {"id": 2147483657, "data": {"local_path": "", "filename": "051553_12999.598406.jpg", "width": 1920, "height": 1080, "id_view": 1, "id_intrinsic": 0, "id_pose": 1}}}}, {"key": 0, "value": {"polymorphic_id": 1073741824, "ptr_wrapper": {"id": 2147483658, "data": {"local_path": "", "filename": "051552_12999.465820.jpg", "width": 1920, "height": 1080, "id_view": 0, "id_intrinsic": 0, "id_pose": 0}}}}], "intrinsics": [{"key": 0, "value": {"polymorphic_id": 2147483649, "polymorphic_name": "pinhole_radial_k3", "ptr_wrapper": {"id": 2147483659, "data": {"width": 1920, "height": 1080, "focal_length": 1739.13, "principal_point": [960.0, 540.0], "disto_k3": [0.0, 0.0, 0.0]}}}}], "extrinsics": [{"key": 0, "value": {"rotation": [[0.9999999997809472, 4.4309418407269556e-07, 2.0926261280838114e-05], [-4.445223177905527e-07, 0.9999999976711398, 6.824604891686627e-05], [-2.092623099267533e-05, -6.82460582041067e-05, 0.9999999974522843]], "center": [102655.28827456181, -59731.17478760861, 609.3316321169095]}}, {"key": 1, "value": {"rotation": [[0.9999989407265267, 0.0013361130773108985, 0.0005773626835246328], [-0.0013374557831534136, 0.9999963876756222, 0.0023314904536160704], [-0.0005742454630186205, -0.0023322601809901097, 0.9999971153981378]], "center": [102655.56788073499, -59737.20738335973, 610.3691145767544]}}, {"key": 2, "value": {"rotation": [[0.9999999587330213, -0.00020669728745549966, 0.00019952490131453174], [0.00020664565837019095, 0.999999945174025, 0.00025874605234597436], [-0.0001995783724825369, -0.0002587048107136465, 0.9999999466201457]], "center": [102655.49780917638, -59743.521648845366, 611.0456137657052]}}, {"key": 3, "value": {"rotation": [[0.9999983120742296, -0.0018360691037877918, -6.85487915646296e-05], [0.001835922820666465, 0.9999961591138548, -0.0020763296788486956], [7.236081304917664e-05, 0.002076200323867645, 0.9999978420757356]], "center": [102655.69393478028, -59749.67285607921, 611.9740589469602]}}, {"key": 4, "value": {"rotation": [[0.9999943673627809, -0.003345025059571078, 0.0002757717562050281], [0.0033461898488757196, 0.9999849948492963, -0.004337405877826142], [-0.0002612588868534179, 0.004338304231443675, 0.9999905553854944]], "center": [102655.22796716528, -59755.680730071894, 612.367927906054]}}, {"key": 5, "value": {"rotation": [[0.999988783640351, -0.004678507833184059, 0.0007376706211393405], [0.004682497521483358, 0.9999738960554831, -0.005502856038503921], [-0.0007119062099453669, 0.005506248457346746, 0.9999845870899583]], "center": [102655.23078645897, -59762.37791579604, 612.8052619546972]}}, {"key": 6, "value": {"rotation": [[0.9999801126009638, -0.0062557415076936835, 0.0008000629677881643], [0.006261239509156618, 0.9999554422921457, -0.007064722933646406], [-0.0007558322383198003, 0.007069591820546174, 0.9999747244751334]], "center": [102655.18962786887, -59768.91221287087, 613.4551689155613]}}, {"key": 7, "value": {"rotation": [[0.9999714713584583, -0.007463117105433484, 0.0011654837065575541], [0.007472890707381312, 0.9999349266604111, -0.008619649013450933], [-0.0011010784146453605, 0.008628112638934485, 0.9999621709337885]], "center": [102654.56624528096, -59775.366241600794, 613.9416522624169]}}, {"key": 8, "value": {"rotation": [[0.9999637549611069, -0.008393618561184504, 0.0014268607263196518], [0.008407812066786521, 0.9999121109848282, -0.010250804949635373], [-0.0013406939742432618, 0.01026243018564378, 0.9999464410988985]], "center": [102654.4226731669, -59779.11585428055, 614.3219412701068]}}, {"key": 9, "value": {"rotation": [[0.9999533171463514, -0.009647700925667198, 0.0005342236020114002], [0.009653525627690285, 0.9998782689549061, -0.012257924567280792], [-0.0004158977802194745, 0.012262509473615226, 0.9999247261121441]], "center": [102654.22905120098, -59785.360080927065, 615.3782299040004]}}], "structure": [], "control_points": []}