{"sfm_data_version": "0.3", "root_path": "/mnt/ST8000/jialei/SFM_E/ex_sea_12/1-3/images", "views": [{"key": 9, "value": {"polymorphic_id": 1073741824, "ptr_wrapper": {"id": 2147483649, "data": {"local_path": "", "filename": "051561_13000.366211.jpg", "width": 1920, "height": 1080, "id_view": 9, "id_intrinsic": 0, "id_pose": 9}}}}, {"key": 8, "value": {"polymorphic_id": 1073741824, "ptr_wrapper": {"id": 2147483650, "data": {"local_path": "", "filename": "051560_13000.298602.jpg", "width": 1920, "height": 1080, "id_view": 8, "id_intrinsic": 0, "id_pose": 8}}}}, {"key": 7, "value": {"polymorphic_id": 1073741824, "ptr_wrapper": {"id": 2147483651, "data": {"local_path": "", "filename": "051559_13000.166016.jpg", "width": 1920, "height": 1080, "id_view": 7, "id_intrinsic": 0, "id_pose": 7}}}}, {"key": 6, "value": {"polymorphic_id": 1073741824, "ptr_wrapper": {"id": 2147483652, "data": {"local_path": "", "filename": "051558_13000.098406.jpg", "width": 1920, "height": 1080, "id_view": 6, "id_intrinsic": 0, "id_pose": 6}}}}, {"key": 5, "value": {"polymorphic_id": 1073741824, "ptr_wrapper": {"id": 2147483653, "data": {"local_path": "", "filename": "051557_12999.965820.jpg", "width": 1920, "height": 1080, "id_view": 5, "id_intrinsic": 0, "id_pose": 5}}}}, {"key": 4, "value": {"polymorphic_id": 1073741824, "ptr_wrapper": {"id": 2147483654, "data": {"local_path": "", "filename": "051556_12999.898211.jpg", "width": 1920, "height": 1080, "id_view": 4, "id_intrinsic": 0, "id_pose": 4}}}}, {"key": 3, "value": {"polymorphic_id": 1073741824, "ptr_wrapper": {"id": 2147483655, "data": {"local_path": "", "filename": "051555_12999.766602.jpg", "width": 1920, "height": 1080, "id_view": 3, "id_intrinsic": 0, "id_pose": 3}}}}, {"key": 2, "value": {"polymorphic_id": 1073741824, "ptr_wrapper": {"id": 2147483656, "data": {"local_path": "", "filename": "051554_12999.698016.jpg", "width": 1920, "height": 1080, "id_view": 2, "id_intrinsic": 0, "id_pose": 2}}}}, {"key": 1, "value": {"polymorphic_id": 1073741824, "ptr_wrapper": {"id": 2147483657, "data": {"local_path": "", "filename": "051553_12999.598406.jpg", "width": 1920, "height": 1080, "id_view": 1, "id_intrinsic": 0, "id_pose": 1}}}}, {"key": 0, "value": {"polymorphic_id": 1073741824, "ptr_wrapper": {"id": 2147483658, "data": {"local_path": "", "filename": "051552_12999.465820.jpg", "width": 1920, "height": 1080, "id_view": 0, "id_intrinsic": 0, "id_pose": 0}}}}], "intrinsics": [{"key": 0, "value": {"polymorphic_id": 2147483649, "polymorphic_name": "pinhole_radial_k3", "ptr_wrapper": {"id": 2147483659, "data": {"width": 1920, "height": 1080, "focal_length": 1739.13, "principal_point": [960.0, 540.0], "disto_k3": [0.0, 0.0, 0.0]}}}}], "extrinsics": [{"key": 0, "value": {"rotation": [[0.9999987798801444, -0.0012722003345097253, 0.0009065012583609195], [0.0012725225582185518, 0.9999991273407328, -0.0003549705786268053], [-0.0009060488736053367, 0.00035612368882044325, 0.9999995261255662]], "center": [-8.982155280242115e-05, -0.001437398023930059, 0.0015887695345880577]}}, {"key": 1, "value": {"rotation": [[0.9999989287054447, 6.370591444594116e-05, 0.0014623711975319316], [-6.649474352914299e-05, 0.9999981792909758, 0.0019070902397185232], [-0.0014622470420518425, -0.001907185436660858, 0.9999971122344795]], "center": [0.0003292941307157884, -0.010766709854289349, 0.0031975738202602026]}}, {"key": 2, "value": {"rotation": [[0.9999983170706804, -0.001479264690420563, 0.001085187441182185], [0.0014794438238441801, 0.9999988921272221, -0.00016428725081257115], [-0.0010849432146033517, 0.00016589244818634785, 0.9999993976887769]], "center": [0.000207570997145375, -0.02053117414304603, 0.004247820721393545]}}, {"key": 3, "value": {"rotation": [[0.9999948334335783, -0.0031087467001387208, 0.0008178019957397434], [0.0031107808336778664, 0.9999920416939478, -0.002497917407490569], [-0.0008100300949233889, 0.002500448504608513, 0.9999965457982947]], "center": [0.0004974992871171931, -0.03004382653309178, 0.005687961489432113]}}, {"key": 4, "value": {"rotation": [[0.99998866304846, -0.004617550167799906, 0.0011627574989278152], [0.00462303296757661, 0.9999779959226341, -0.0047576503374423245], [-0.0011407632244078844, 0.004762971866441908, 0.9999880063072083]], "center": [-0.0002354890339677715, -0.03933386098701295, 0.006300376275490622]}}, {"key": 5, "value": {"rotation": [[0.9999809729754952, -0.005950828631757957, 0.0016252155480844964], [0.005960356370051916, 0.9999647019330824, -0.005921911838631676], [-0.001589917898593278, 0.005931486026114799, 0.9999811446395366]], "center": [-0.00024491262326196365, -0.049690813934924166, 0.006981103274102059]}}, {"key": 6, "value": {"rotation": [[0.9999702388652549, -0.007528023376007332, 0.0016882676966683066], [0.007540455276120055, 0.9999435762293462, -0.007482372076782513], [-0.0016318449663369834, 0.007494879699959837, 0.9999705814974205]], "center": [-0.00032231849530061214, -0.05979563263801287, 0.007990408741535261]}}, {"key": 7, "value": {"rotation": [[0.9999597372003849, -0.008735231826233288, 0.0020541915878674825], [0.008753455066277213, 0.9999208587832952, -0.009036215716819921], [-0.001975095577527559, 0.009053833167239258, 0.999957062629411]], "center": [-0.0012997549883322877, -0.06977527723957562, 0.008746128669274928]}}, {"key": 8, "value": {"rotation": [[0.9999506049303645, -0.009665611710853169, 0.00231595545157204], [0.009689789888360964, 0.9998961611287239, -0.01066653326818413], [-0.002212616396500845, 0.010688447515747199, 0.9999404289348369]], "center": [-0.0015296925227844625, -0.07557354164530475, 0.009336505466185033]}}, {"key": 9, "value": {"rotation": [[0.9999393606626418, -0.010920058447497669, 0.0014238402617327334], [0.010937235242850389, 0.9998598820617457, -0.012672534423519745], [-0.0012852559395880806, 0.01268733884532054, 0.9999186864691519]], "center": [-0.0018428689146007652, -0.08522919808153043, 0.010973884020320646]}}], "structure": [], "control_points": []}