{"sfm_data_version": "0.3", "root_path": "/mnt/ST8000/jialei/SFM_E/ex_sea_12/1-2/images", "views": [{"key": 9, "value": {"polymorphic_id": 1073741824, "ptr_wrapper": {"id": 2147483649, "data": {"local_path": "", "filename": "038735_11734.566406.jpg", "width": 1920, "height": 1080, "id_view": 9, "id_intrinsic": 0, "id_pose": 9}}}}, {"key": 8, "value": {"polymorphic_id": 1073741824, "ptr_wrapper": {"id": 2147483650, "data": {"local_path": "", "filename": "038734_11734.465820.jpg", "width": 1920, "height": 1080, "id_view": 8, "id_intrinsic": 0, "id_pose": 8}}}}, {"key": 7, "value": {"polymorphic_id": 1073741824, "ptr_wrapper": {"id": 2147483651, "data": {"local_path": "", "filename": "038733_11734.399211.jpg", "width": 1920, "height": 1080, "id_view": 7, "id_intrinsic": 0, "id_pose": 7}}}}, {"key": 6, "value": {"polymorphic_id": 1073741824, "ptr_wrapper": {"id": 2147483652, "data": {"local_path": "", "filename": "038732_11734.299602.jpg", "width": 1920, "height": 1080, "id_view": 6, "id_intrinsic": 0, "id_pose": 6}}}}, {"key": 5, "value": {"polymorphic_id": 1073741824, "ptr_wrapper": {"id": 2147483653, "data": {"local_path": "", "filename": "038731_11734.198016.jpg", "width": 1920, "height": 1080, "id_view": 5, "id_intrinsic": 0, "id_pose": 5}}}}, {"key": 4, "value": {"polymorphic_id": 1073741824, "ptr_wrapper": {"id": 2147483654, "data": {"local_path": "", "filename": "038730_11734.100406.jpg", "width": 1920, "height": 1080, "id_view": 4, "id_intrinsic": 0, "id_pose": 4}}}}, {"key": 3, "value": {"polymorphic_id": 1073741824, "ptr_wrapper": {"id": 2147483655, "data": {"local_path": "", "filename": "038729_11733.998820.jpg", "width": 1920, "height": 1080, "id_view": 3, "id_intrinsic": 0, "id_pose": 3}}}}, {"key": 2, "value": {"polymorphic_id": 1073741824, "ptr_wrapper": {"id": 2147483656, "data": {"local_path": "", "filename": "038728_11733.899211.jpg", "width": 1920, "height": 1080, "id_view": 2, "id_intrinsic": 0, "id_pose": 2}}}}, {"key": 1, "value": {"polymorphic_id": 1073741824, "ptr_wrapper": {"id": 2147483657, "data": {"local_path": "", "filename": "038727_11733.798602.jpg", "width": 1920, "height": 1080, "id_view": 1, "id_intrinsic": 0, "id_pose": 1}}}}, {"key": 0, "value": {"polymorphic_id": 1073741824, "ptr_wrapper": {"id": 2147483658, "data": {"local_path": "", "filename": "038726_11733.699016.jpg", "width": 1920, "height": 1080, "id_view": 0, "id_intrinsic": 0, "id_pose": 0}}}}], "intrinsics": [{"key": 0, "value": {"polymorphic_id": 2147483649, "polymorphic_name": "pinhole_radial_k3", "ptr_wrapper": {"id": 2147483659, "data": {"width": 1920, "height": 1080, "focal_length": 1739.13, "principal_point": [960.0, 540.0], "disto_k3": [0.0, 0.0, 0.0]}}}}], "extrinsics": [{"key": 0, "value": {"rotation": [[0.9999999781548626, -5.969019977735361e-05, 0.0002003181337917732], [5.9639571294143004e-05, 0.9999999662836034, 0.0002527368468798839], [-0.00020033321295064884, -0.00025272489447119103, 0.9999999479983641]], "center": [102655.2882746896, -59731.174787591306, 609.3316319685049]}}, {"key": 1, "value": {"rotation": [[0.999998839201356, 0.0013579775348123006, 0.0006910086510454182], [-0.001358728847897046, 0.9999984850931166, 0.0010879647925201449], [-0.0006895301724847489, -0.0010889024230004098, 0.999999169419482]], "center": [102655.18122038669, -59737.49802363971, 610.4576751286653]}}, {"key": 2, "value": {"rotation": [[0.999999604180315, 0.0005141750589114563, 0.0007261289299780616], [-0.0005152582899719338, 0.9999987536388821, 0.001492390557836645], [-0.0007253606749562079, -0.001492764111069851, 0.9999986227526513]], "center": [102655.16107784856, -59744.40889386778, 610.9679207060215]}}, {"key": 3, "value": {"rotation": [[0.9999961580198378, 0.0025905176065038845, -0.0009864907980258757], [-0.002598794873643322, 0.9999606343292671, -0.008483870402976467], [0.000964474348503741, 0.008486401495343483, 0.9999635247242225]], "center": [102657.60999872406, -59745.34676634823, 617.4660722361618]}}, {"key": 4, "value": {"rotation": [[0.9999983312097757, 0.0016326404178163734, -0.0008197944440445336], [-0.0016395487927711452, 0.9999625454164379, -0.008498214167347352], [0.0008058892110561549, 0.008499544078601656, 0.9999635534823432]], "center": [102657.94780809141, -59751.962671714995, 618.0723654729118]}}, {"key": 5, "value": {"rotation": [[0.9999995846930818, 0.00016727109603811432, -0.000895898456870301], [-0.00017576606285932714, 0.999954949748296, -0.009490394100012355], [0.0008942706277963795, 0.009490547627130492, 0.9999545638606693]], "center": [102658.06349634656, -59758.02445206647, 619.142152948456]}}, {"key": 6, "value": {"rotation": [[0.9999990488238144, -0.0010996571378262847, -0.0008325296669225802], [0.001091775570652694, 0.9999551383484889, -0.009409001889546633], [0.0008428389943544654, 0.009408084004375879, 0.9999553877937736]], "center": [102658.41677190785, -59764.89613325542, 619.9108798592605]}}, {"key": 7, "value": {"rotation": [[0.9999956873632168, -0.0029021993130133807, -0.00044999346186367603], [0.0028977871302320085, 0.9999505439786089, -0.009513801902062403], [0.00047758215632173794, 0.009512456887227879, 0.99995464151093]], "center": [102658.21905443628, -59771.87658245528, 620.4552978327278]}}, {"key": 8, "value": {"rotation": [[0.9999943341350344, -0.0033611366227092507, 0.00018562982984634627], [0.0033627169456743903, 0.9999511436671293, -0.009295289857938448], [-0.00015437802149337044, 0.009295861412655747, 0.9999567806300547]], "center": [102657.46926600854, -59778.390868951734, 620.3900659678499]}}, {"key": 9, "value": {"rotation": [[0.9999885602877546, -0.004711346228145051, 0.0008261418421471082], [0.004718991930668877, 0.9999436363396016, -0.009510796974624229], [-0.000781286620315825, 0.009514586730530298, 0.999954430076973]], "center": [102657.49119837016, -59785.0961192945, 620.6631063776554]}}], "structure": [], "control_points": []}