{"sfm_data_version": "0.3", "root_path": "/mnt/ST8000/jialei/SFM_E/ex_sea_12/1-2/images", "views": [{"key": 9, "value": {"polymorphic_id": 1073741824, "ptr_wrapper": {"id": 2147483649, "data": {"local_path": "", "filename": "038735_11734.566406.jpg", "width": 1920, "height": 1080, "id_view": 9, "id_intrinsic": 0, "id_pose": 9}}}}, {"key": 8, "value": {"polymorphic_id": 1073741824, "ptr_wrapper": {"id": 2147483650, "data": {"local_path": "", "filename": "038734_11734.465820.jpg", "width": 1920, "height": 1080, "id_view": 8, "id_intrinsic": 0, "id_pose": 8}}}}, {"key": 7, "value": {"polymorphic_id": 1073741824, "ptr_wrapper": {"id": 2147483651, "data": {"local_path": "", "filename": "038733_11734.399211.jpg", "width": 1920, "height": 1080, "id_view": 7, "id_intrinsic": 0, "id_pose": 7}}}}, {"key": 6, "value": {"polymorphic_id": 1073741824, "ptr_wrapper": {"id": 2147483652, "data": {"local_path": "", "filename": "038732_11734.299602.jpg", "width": 1920, "height": 1080, "id_view": 6, "id_intrinsic": 0, "id_pose": 6}}}}, {"key": 5, "value": {"polymorphic_id": 1073741824, "ptr_wrapper": {"id": 2147483653, "data": {"local_path": "", "filename": "038731_11734.198016.jpg", "width": 1920, "height": 1080, "id_view": 5, "id_intrinsic": 0, "id_pose": 5}}}}, {"key": 4, "value": {"polymorphic_id": 1073741824, "ptr_wrapper": {"id": 2147483654, "data": {"local_path": "", "filename": "038730_11734.100406.jpg", "width": 1920, "height": 1080, "id_view": 4, "id_intrinsic": 0, "id_pose": 4}}}}, {"key": 3, "value": {"polymorphic_id": 1073741824, "ptr_wrapper": {"id": 2147483655, "data": {"local_path": "", "filename": "038729_11733.998820.jpg", "width": 1920, "height": 1080, "id_view": 3, "id_intrinsic": 0, "id_pose": 3}}}}, {"key": 2, "value": {"polymorphic_id": 1073741824, "ptr_wrapper": {"id": 2147483656, "data": {"local_path": "", "filename": "038728_11733.899211.jpg", "width": 1920, "height": 1080, "id_view": 2, "id_intrinsic": 0, "id_pose": 2}}}}, {"key": 1, "value": {"polymorphic_id": 1073741824, "ptr_wrapper": {"id": 2147483657, "data": {"local_path": "", "filename": "038727_11733.798602.jpg", "width": 1920, "height": 1080, "id_view": 1, "id_intrinsic": 0, "id_pose": 1}}}}, {"key": 0, "value": {"polymorphic_id": 1073741824, "ptr_wrapper": {"id": 2147483658, "data": {"local_path": "", "filename": "038726_11733.699016.jpg", "width": 1920, "height": 1080, "id_view": 0, "id_intrinsic": 0, "id_pose": 0}}}}], "intrinsics": [{"key": 0, "value": {"polymorphic_id": 2147483649, "polymorphic_name": "pinhole_radial_k3", "ptr_wrapper": {"id": 2147483659, "data": {"width": 1920, "height": 1080, "focal_length": 1739.13, "principal_point": [960.0, 540.0], "disto_k3": [0.0, 0.0, 0.0]}}}}], "extrinsics": [{"key": 0, "value": {"rotation": [[0.9999992357682966, -0.0012362239620757444, 1.4599256514383296e-05], [0.0012362216568101972, 0.9999992235735754, 0.00015687020614384175], [-1.4793171886906847e-05, -0.00015685203834158037, 0.9999999875893]], "center": [-0.00034774835756743393, -0.001223587906085214, 0.00069272855398472]}}, {"key": 1, "value": {"rotation": [[0.9999998559401646, 0.00018149105300739975, 0.000505154083245256], [-0.00018199228242054096, 0.9999994910484018, 0.000992361701427588], [-0.0005049737213761246, -0.000992453492612707, 0.9999993800186107]], "center": [-0.0005274327669489817, -0.01116495702629407, 0.0024641404315204666]}}, {"key": 2, "value": {"rotation": [[0.9999996346819224, -0.0006623083762469789, 0.0005403551024958994], [0.0006615531504836948, 0.9999988058842353, 0.0013966307789386378], [-0.0005412794575127753, -0.001396272795103737, 0.9999988787187867]], "center": [-0.0005717367028118975, -0.022030490010807948, 0.0032674243045378412]}}, {"key": 3, "value": {"rotation": [[0.9999983131454458, 0.0014138729895404787, -0.001172462977047634], [-0.0014238807647522945, 0.9999621838928765, -0.008579239346039874], [0.0011602886842799341, 0.00858089432159131, 0.9999625102886663]], "center": [0.0032787539333856645, -0.02350861727660854, 0.013483605574135577]}}, {"key": 4, "value": {"rotation": [[0.9999993903360045, 0.0004560098536805837, -0.0010056752124657639], [-0.0004646357814997838, 0.9999629650030795, -0.008593761448879137], [0.0010017191273864966, 0.00859422348226045, 0.9999625672401578]], "center": [0.0037978151862097624, -0.03391103813625596, 0.014437751937606767]}}, {"key": 5, "value": {"rotation": [[0.9999989056168735, -0.0010093672003050568, -0.0010816389926322824], [0.0009989525894662588, 0.9999535522331909, -0.00958621249224689], [0.0010912647613814121, 0.00958512149518511, 0.999953466210875]], "center": [0.0039688059740493435, -0.04344175285208538, 0.01612061105478559]}}, {"key": 6, "value": {"rotation": [[0.9999968909386053, -0.0022762878606070115, -0.0010181486624267321], [0.0022665086714017805, 0.9999522572874623, -0.009505055715298317], [0.0010397362961869607, 0.009502718520724335, 0.9999543076006777]], "center": [0.0045117583426646625, -0.05424632259037415, 0.01733017870080458]}}, {"key": 7, "value": {"rotation": [[0.9999914798155504, -0.004078788240396665, -0.0006354390577237913], [0.004072494068638789, 0.9999455280297306, -0.009610190705901214], [0.0006746023769455552, 0.009607521003510222, 0.9999536191503088]], "center": [0.004188142694641588, -0.0652209178040059, 0.01818725265365268]}}, {"key": 8, "value": {"rotation": [[0.999989704754912, -0.004537662849107224, 2.2846312507419982e-07], [0.004537464867498351, 0.9999456016011024, -0.0093917650729366], [4.238821276196323e-05, 0.009391669419056772, 0.9999558964018179]], "center": [0.00299721518483441, -0.07546165702552388, 0.01808589219752466]}}, {"key": 9, "value": {"rotation": [[0.9999824613735906, -0.005887803463962588, 0.0006408709588823374], [0.0058936900084863315, 0.9999364779389694, -0.009607523358923575], [-0.0005842630401254018, 0.009611131950927759, 0.9999536413150972]], "center": [0.0030193747506085038, -0.08600401671498094, 0.018516185646472307]}}], "structure": [], "control_points": []}