{"sfm_data_version": "0.3", "root_path": "/mnt/ST8000/jialei/SFM_E/ex_sea_12/6-3/images", "views": [{"key": 9, "value": {"polymorphic_id": 1073741824, "ptr_wrapper": {"id": 2147483649, "data": {"local_path": "", "filename": "087511_13303.979266.jpg", "width": 1920, "height": 1080, "id_view": 9, "id_intrinsic": 0, "id_pose": 9}}}}, {"key": 8, "value": {"polymorphic_id": 1073741824, "ptr_wrapper": {"id": 2147483650, "data": {"local_path": "", "filename": "087510_13303.879656.jpg", "width": 1920, "height": 1080, "id_view": 8, "id_intrinsic": 0, "id_pose": 8}}}}, {"key": 7, "value": {"polymorphic_id": 1073741824, "ptr_wrapper": {"id": 2147483651, "data": {"local_path": "", "filename": "087509_13303.781047.jpg", "width": 1920, "height": 1080, "id_view": 7, "id_intrinsic": 0, "id_pose": 7}}}}, {"key": 6, "value": {"polymorphic_id": 1073741824, "ptr_wrapper": {"id": 2147483652, "data": {"local_path": "", "filename": "087508_13303.679461.jpg", "width": 1920, "height": 1080, "id_view": 6, "id_intrinsic": 0, "id_pose": 6}}}}, {"key": 5, "value": {"polymorphic_id": 1073741824, "ptr_wrapper": {"id": 2147483653, "data": {"local_path": "", "filename": "087507_13303.580852.jpg", "width": 1920, "height": 1080, "id_view": 5, "id_intrinsic": 0, "id_pose": 5}}}}, {"key": 4, "value": {"polymorphic_id": 1073741824, "ptr_wrapper": {"id": 2147483654, "data": {"local_path": "", "filename": "087506_13303.479266.jpg", "width": 1920, "height": 1080, "id_view": 4, "id_intrinsic": 0, "id_pose": 4}}}}, {"key": 3, "value": {"polymorphic_id": 1073741824, "ptr_wrapper": {"id": 2147483655, "data": {"local_path": "", "filename": "087505_13303.379656.jpg", "width": 1920, "height": 1080, "id_view": 3, "id_intrinsic": 0, "id_pose": 3}}}}, {"key": 2, "value": {"polymorphic_id": 1073741824, "ptr_wrapper": {"id": 2147483656, "data": {"local_path": "", "filename": "087504_13303.248047.jpg", "width": 1920, "height": 1080, "id_view": 2, "id_intrinsic": 0, "id_pose": 2}}}}, {"key": 1, "value": {"polymorphic_id": 1073741824, "ptr_wrapper": {"id": 2147483657, "data": {"local_path": "", "filename": "087503_13303.179461.jpg", "width": 1920, "height": 1080, "id_view": 1, "id_intrinsic": 0, "id_pose": 1}}}}, {"key": 0, "value": {"polymorphic_id": 1073741824, "ptr_wrapper": {"id": 2147483658, "data": {"local_path": "", "filename": "087502_13303.047852.jpg", "width": 1920, "height": 1080, "id_view": 0, "id_intrinsic": 0, "id_pose": 0}}}}], "intrinsics": [{"key": 0, "value": {"polymorphic_id": 2147483649, "polymorphic_name": "pinhole_radial_k3", "ptr_wrapper": {"id": 2147483659, "data": {"width": 1920, "height": 1080, "focal_length": 1739.13, "principal_point": [960.0, 540.0], "disto_k3": [0.0, 0.0, 0.0]}}}}], "extrinsics": [{"key": 0, "value": {"rotation": [[0.9999999727217462, -7.583102178766144e-05, 0.00022092116904155306], [7.582975604119672e-05, 0.999999997108463, 5.737773823253297e-06], [-0.00022092160350400283, -5.721021268396008e-06, 0.9999999755804573]], "center": [0.00018948715850231808, -3.598670964013547e-05, 0.00014471153550511392]}}, {"key": 1, "value": {"rotation": [[0.9999999713407844, 7.266370707961164e-05, -0.0002281193022268804], [-7.273604510207041e-05, 0.9999999470741446, -0.0003171138214298244], [0.000228096247487634, 0.00031713040483745067, 0.9999999237002012]], "center": [-0.002020357267076881, -0.010992073024276568, 4.7988390416818776e-05]}}, {"key": 2, "value": {"rotation": [[0.9999999952889328, -9.10372191931264e-05, 3.368025295860626e-05], [9.100588362436179e-05, 0.9999995641352641, 0.0009292186022087321], [-3.376483175614593e-05, -0.000929215532729932, 0.9999995677091216]], "center": [-0.0031063170776647773, -0.023074126890362045, 0.0001669493151652659]}}, {"key": 3, "value": {"rotation": [[0.9999992966399643, -0.001186038991370638, 5.575659148489398e-06], [0.001186039683631463, 0.9999992887369951, -0.0001258386767465368], [-5.426405605518947e-06, 0.00012584520118967524, 0.9999999920667697]], "center": [-0.004031049162662347, -0.03314241539547212, 0.0008698839598902953]}}, {"key": 4, "value": {"rotation": [[0.9999982318066952, -0.00180888498957561, 0.0005141192252757078], [0.0018088140769801648, 0.999998354522473, 0.00013836177542136217], [-0.0005143686598428113, -0.00013743158467906984, 0.9999998582687106]], "center": [-0.005398607935810066, -0.04445853597955704, 0.0009505792980855583]}}, {"key": 5, "value": {"rotation": [[0.9999975432864645, -0.00205735783705916, 0.0008250453111590611], [0.0020558690070071124, 0.9999962642642606, 0.001801349535529326], [-0.0008287482495920796, -0.001799648925044955, 0.9999980372181165]], "center": [-0.006417070662171396, -0.05695705086879091, 0.0010836166900399797]}}, {"key": 6, "value": {"rotation": [[0.9999960134272108, -0.0024113739922870326, 0.0014691511679710942], [0.0024073956915073554, 0.9999934472911846, 0.0027036680042108294], [-0.00147566109576052, -0.002700120397649587, 0.9999952658758785]], "center": [-0.008300038409737075, -0.06863036009396105, 0.0009579992897377125]}}, {"key": 7, "value": {"rotation": [[0.9999953012994509, -0.002518157473842144, 0.0017482167934479169], [0.0025103275353614935, 0.9999868735433672, 0.004466653851167379], [-0.001759441583334438, -0.004462244266944113, 0.9999884963045411]], "center": [-0.00907575027265096, -0.08123542537573884, 0.0010019021300889915]}}, {"key": 8, "value": {"rotation": [[0.9999927546303753, -0.0025201003936674788, 0.0028530301013682206], [0.0025028745202040304, 0.9999787154498256, 0.0060253021876423745], [-0.0028681537423209777, -0.00601811775575483, 0.9999777777294796]], "center": [-0.01188062550431412, -0.0933670355180846, 0.00048512061502863166]}}, {"key": 9, "value": {"rotation": [[0.9999897052435012, -0.002948470215966235, 0.003449047752737618], [0.002921267526025452, 0.9999647983216176, 0.007865641337337862], [-0.003472117949680576, -0.00785548477127975, 0.9999631171978055]], "center": [-0.013018526021036576, -0.10624578125219741, 0.00016967204924638057]}}], "structure": [], "control_points": []}