{"sfm_data_version": "0.3", "root_path": "/mnt/ST8000/jialei/SFM_E/ex_sea_12/6-3/images", "views": [{"key": 9, "value": {"polymorphic_id": 1073741824, "ptr_wrapper": {"id": 2147483649, "data": {"local_path": "", "filename": "087511_13303.979266.jpg", "width": 1920, "height": 1080, "id_view": 9, "id_intrinsic": 0, "id_pose": 9}}}}, {"key": 8, "value": {"polymorphic_id": 1073741824, "ptr_wrapper": {"id": 2147483650, "data": {"local_path": "", "filename": "087510_13303.879656.jpg", "width": 1920, "height": 1080, "id_view": 8, "id_intrinsic": 0, "id_pose": 8}}}}, {"key": 7, "value": {"polymorphic_id": 1073741824, "ptr_wrapper": {"id": 2147483651, "data": {"local_path": "", "filename": "087509_13303.781047.jpg", "width": 1920, "height": 1080, "id_view": 7, "id_intrinsic": 0, "id_pose": 7}}}}, {"key": 6, "value": {"polymorphic_id": 1073741824, "ptr_wrapper": {"id": 2147483652, "data": {"local_path": "", "filename": "087508_13303.679461.jpg", "width": 1920, "height": 1080, "id_view": 6, "id_intrinsic": 0, "id_pose": 6}}}}, {"key": 5, "value": {"polymorphic_id": 1073741824, "ptr_wrapper": {"id": 2147483653, "data": {"local_path": "", "filename": "087507_13303.580852.jpg", "width": 1920, "height": 1080, "id_view": 5, "id_intrinsic": 0, "id_pose": 5}}}}, {"key": 4, "value": {"polymorphic_id": 1073741824, "ptr_wrapper": {"id": 2147483654, "data": {"local_path": "", "filename": "087506_13303.479266.jpg", "width": 1920, "height": 1080, "id_view": 4, "id_intrinsic": 0, "id_pose": 4}}}}, {"key": 3, "value": {"polymorphic_id": 1073741824, "ptr_wrapper": {"id": 2147483655, "data": {"local_path": "", "filename": "087505_13303.379656.jpg", "width": 1920, "height": 1080, "id_view": 3, "id_intrinsic": 0, "id_pose": 3}}}}, {"key": 2, "value": {"polymorphic_id": 1073741824, "ptr_wrapper": {"id": 2147483656, "data": {"local_path": "", "filename": "087504_13303.248047.jpg", "width": 1920, "height": 1080, "id_view": 2, "id_intrinsic": 0, "id_pose": 2}}}}, {"key": 1, "value": {"polymorphic_id": 1073741824, "ptr_wrapper": {"id": 2147483657, "data": {"local_path": "", "filename": "087503_13303.179461.jpg", "width": 1920, "height": 1080, "id_view": 1, "id_intrinsic": 0, "id_pose": 1}}}}, {"key": 0, "value": {"polymorphic_id": 1073741824, "ptr_wrapper": {"id": 2147483658, "data": {"local_path": "", "filename": "087502_13303.047852.jpg", "width": 1920, "height": 1080, "id_view": 0, "id_intrinsic": 0, "id_pose": 0}}}}], "intrinsics": [{"key": 0, "value": {"polymorphic_id": 2147483649, "polymorphic_name": "pinhole_radial_k3", "ptr_wrapper": {"id": 2147483659, "data": {"width": 1920, "height": 1080, "focal_length": 1739.13, "principal_point": [960.0, 540.0], "disto_k3": [0.0, 0.0, 0.0]}}}}], "extrinsics": [{"key": 0, "value": {"rotation": [[0.9999999779295059, 0.00020731426724770116, 3.408493092326909e-05], [-0.00020731203368053812, 0.9999999763644287, -6.551994064146447e-05], [-3.409851333613657e-05, 6.551287297905946e-05, 0.9999999972726774]], "center": [102655.28827440941, -59731.174787438664, 609.3316321631086]}}, {"key": 1, "value": {"rotation": [[0.999999850612925, 0.0003557769744053857, -0.00041496611040070844], [-0.00035593812771613653, 0.9999998612485741, -0.0003883437675971159], [0.0004148278890528978, 0.0003884914118439941, 0.9999998384961096]], "center": [102653.93234570618, -59737.90706799456, 609.2729345924309]}}, {"key": 2, "value": {"rotation": [[0.9999999698215957, 0.00019209472726809513, -0.00015315490228928204], [-0.00019196325833864983, 0.9999996135289586, 0.0008579580645950801], [0.00015331965231976633, -0.0008579286385891812, 0.9999996202256956]], "center": [102653.26720081318, -59745.33098660045, 609.3466828813515]}}, {"key": 3, "value": {"rotation": [[0.9999995759640575, -0.000902909199803212, -0.00018118135319122752], [0.0009028734492980537, 0.9999995729452869, -0.00019730377155881195], [0.00018135942320733915, 0.00019714010406165098, 0.9999999641222688]], "center": [102652.70083787551, -59751.51750730043, 609.7791431516698]}}, {"key": 4, "value": {"rotation": [[0.9999987824920984, -0.0015257192155980414, 0.0003274067754817899], [0.00152569742964571, 0.9999988338931868, 6.678038169396307e-05], [-0.0003275082818021385, -6.628077671250502e-05, 0.9999999441725904]], "center": [102651.86252879346, -59758.470854134626, 609.8293782133486]}}, {"key": 5, "value": {"rotation": [[0.9999982224128855, -0.001774170079506774, 0.0006383506858799736], [0.0017730636191046576, 0.9999969321487285, 0.0017297220973230745], [-0.0006414175487060128, -0.0017285871862139895, 0.9999983002834895]], "center": [102651.23893108872, -59766.1506519928, 609.9117861726405]}}, {"key": 6, "value": {"rotation": [[0.9999969131236638, -0.002128140730335943, 0.001282482037022373], [0.002124759653440891, 0.9999942790354611, 0.0026319750688332463], [-0.0012880759133334335, -0.00262924197816315, 0.999995713964346]], "center": [102650.08397097119, -59773.32356963296, 609.835328595086]}}, {"key": 7, "value": {"rotation": [[0.9999962833663731, -0.0022349045125769863, 0.0015615553976089569], [0.002228022716276164, 0.9999878601255937, 0.0043949421169253745], [-0.001571358716492245, -0.004391446601637117, 0.9999891229551096]], "center": [102649.60953816785, -59781.06879832109, 609.862945236575]}}, {"key": 8, "value": {"rotation": [[0.9999939436504056, -0.00223676938409532, 0.0026663692976853647], [0.002220863200414642, 0.9999798110483167, 0.005953592395983849], [-0.002679632279681219, -0.005947634697494994, 0.9999787223798069]], "center": [102647.88815317694, -59788.523493324996, 609.5462654541847]}}, {"key": 9, "value": {"rotation": [[0.9999911269024518, -0.0026650975575674774, 0.003262418025476507], [0.002639603937549635, 0.9999661435897614, 0.007793854327155615], [-0.0032830789538448694, -0.0077851736800598455, 0.9999643055946319]], "center": [102647.19118241302, -59796.43696183586, 609.3531346517838]}}], "structure": [], "control_points": []}