{"sfm_data_version": "0.3", "root_path": "/mnt/ST8000/jialei/SFM_E/ex_sea_12/1-5/images", "views": [{"key": 9, "value": {"polymorphic_id": 1073741824, "ptr_wrapper": {"id": 2147483649, "data": {"local_path": "", "filename": "075418_15357.965820.jpg", "width": 1920, "height": 1080, "id_view": 9, "id_intrinsic": 0, "id_pose": 9}}}}, {"key": 8, "value": {"polymorphic_id": 1073741824, "ptr_wrapper": {"id": 2147483650, "data": {"local_path": "", "filename": "075417_15357.866211.jpg", "width": 1920, "height": 1080, "id_view": 8, "id_intrinsic": 0, "id_pose": 8}}}}, {"key": 7, "value": {"polymorphic_id": 1073741824, "ptr_wrapper": {"id": 2147483651, "data": {"local_path": "", "filename": "075416_15357.766602.jpg", "width": 1920, "height": 1080, "id_view": 7, "id_intrinsic": 0, "id_pose": 7}}}}, {"key": 6, "value": {"polymorphic_id": 1073741824, "ptr_wrapper": {"id": 2147483652, "data": {"local_path": "", "filename": "075415_15357.666016.jpg", "width": 1920, "height": 1080, "id_view": 6, "id_intrinsic": 0, "id_pose": 6}}}}, {"key": 5, "value": {"polymorphic_id": 1073741824, "ptr_wrapper": {"id": 2147483653, "data": {"local_path": "", "filename": "075414_15357.566406.jpg", "width": 1920, "height": 1080, "id_view": 5, "id_intrinsic": 0, "id_pose": 5}}}}, {"key": 4, "value": {"polymorphic_id": 1073741824, "ptr_wrapper": {"id": 2147483654, "data": {"local_path": "", "filename": "075413_15357.497820.jpg", "width": 1920, "height": 1080, "id_view": 4, "id_intrinsic": 0, "id_pose": 4}}}}, {"key": 3, "value": {"polymorphic_id": 1073741824, "ptr_wrapper": {"id": 2147483655, "data": {"local_path": "", "filename": "075412_15357.398211.jpg", "width": 1920, "height": 1080, "id_view": 3, "id_intrinsic": 0, "id_pose": 3}}}}, {"key": 2, "value": {"polymorphic_id": 1073741824, "ptr_wrapper": {"id": 2147483656, "data": {"local_path": "", "filename": "075411_15357.299602.jpg", "width": 1920, "height": 1080, "id_view": 2, "id_intrinsic": 0, "id_pose": 2}}}}, {"key": 1, "value": {"polymorphic_id": 1073741824, "ptr_wrapper": {"id": 2147483657, "data": {"local_path": "", "filename": "075410_15357.198016.jpg", "width": 1920, "height": 1080, "id_view": 1, "id_intrinsic": 0, "id_pose": 1}}}}, {"key": 0, "value": {"polymorphic_id": 1073741824, "ptr_wrapper": {"id": 2147483658, "data": {"local_path": "", "filename": "075409_15357.099406.jpg", "width": 1920, "height": 1080, "id_view": 0, "id_intrinsic": 0, "id_pose": 0}}}}], "intrinsics": [{"key": 0, "value": {"polymorphic_id": 2147483649, "polymorphic_name": "pinhole_radial_k3", "ptr_wrapper": {"id": 2147483659, "data": {"width": 1920, "height": 1080, "focal_length": 1739.13, "principal_point": [960.0, 540.0], "disto_k3": [0.0, 0.0, 0.0]}}}}], "extrinsics": [{"key": 0, "value": {"rotation": [[0.9999999958866375, 8.664798427506336e-05, 2.681142092856545e-05], [-8.664770647943971e-05, 0.9999999961924013, -1.0362081032849078e-05], [-2.6812318679912798e-05, 1.0359757842095127e-05, 0.9999999995868877]], "center": [102655.28827445641, -59731.17478746785, 609.3316321617532]}}, {"key": 1, "value": {"rotation": [[0.999999613486317, 0.0005837959300740648, 0.0006574264440121313], [-0.0005839132696606827, 0.9999998136262176, 0.00017830542331145817], [-0.0006573222275046605, -0.00017868923441849918, 0.9999997679987968]], "center": [102655.0560029732, -59738.123557976585, 609.7610891642156]}}, {"key": 2, "value": {"rotation": [[0.9999994644126255, -0.0005753547890416486, 0.0008603146690457119], [0.000575484364666661, 0.9999998231026486, -0.0001503742598533061], [-0.0008602279983077977, 0.0001508692769554483, 0.9999996186230536]], "center": [102655.66813795386, -59745.26620570386, 610.1986546516738]}}, {"key": 3, "value": {"rotation": [[0.9999993903870572, -0.001071068309954526, -0.0002683993115956363], [0.001070912405961992, 0.9999992581769982, -0.0005803378948990981], [0.00026902069401912106, 0.0005800501089650249, 0.9999997955848479]], "center": [102655.69389065947, -59751.89826957822, 610.7643014211235]}}, {"key": 4, "value": {"rotation": [[0.9999979473687698, -0.001467387371707328, 0.0013971515843733326], [0.0014660035489249437, 0.9999984344052927, 0.0009909695043844743], [-0.0013986035331366687, -0.0009889192411084995, 0.9999985329723698]], "center": [102655.4466232135, -59759.807380982034, 610.2025710580857]}}, {"key": 5, "value": {"rotation": [[0.9999969424356306, -0.0022320096410360615, 0.0010645432605015694], [0.0022309634433663747, 0.9999970283074406, 0.0009829437434522976], [-0.0010667340369182477, -0.0009805657809405207, 0.999998950284071]], "center": [102655.72070831605, -59766.93364862512, 610.6146461068956]}}, {"key": 6, "value": {"rotation": [[0.9999945568732604, -0.0028162944412055044, 0.0017189268375016025], [0.002813283682012441, 0.9999945089206146, 0.0017514461294309122], [-0.0017238499867362443, -0.0017466007672651933, 0.9999969888589582]], "center": [102655.05408771461, -59774.381991559996, 610.548427166109]}}, {"key": 7, "value": {"rotation": [[0.9999907199967764, -0.004170908839787736, 0.0010786286571075688], [0.00417054365987584, 0.9999912452445939, 0.00034058735725977596], [-0.001080039772796617, -0.00033608572870079265, 0.9999993602800316]], "center": [102655.65824421369, -59780.8542488752, 611.5466688369886]}}, {"key": 8, "value": {"rotation": [[0.9999854601822307, -0.005332045269796654, 0.0008054299311412635], [0.005332297959444679, 0.9999857345530313, -0.00031191169671432187], [-0.0008037553140362516, 0.0003162019539533934, 0.9999996269967905]], "center": [102655.70958505373, -59787.48309838862, 612.1350309743892]}}, {"key": 9, "value": {"rotation": [[0.9999802105273409, -0.006287100791383435, -0.00022564869822902492], [0.006286819705997428, 0.9999794868277473, -0.0012254883515585208], [0.00023334883824331618, 0.0012240454871076524, 0.9999992236301815]], "center": [102656.09936565059, -59794.14656156743, 613.0524531109479]}}], "structure": [], "control_points": []}