{"sfm_data_version": "0.3", "root_path": "/mnt/ST8000/jialei/SFM_E/ex_sea_12/1-5/images", "views": [{"key": 9, "value": {"polymorphic_id": 1073741824, "ptr_wrapper": {"id": 2147483649, "data": {"local_path": "", "filename": "075418_15357.965820.jpg", "width": 1920, "height": 1080, "id_view": 9, "id_intrinsic": 0, "id_pose": 9}}}}, {"key": 8, "value": {"polymorphic_id": 1073741824, "ptr_wrapper": {"id": 2147483650, "data": {"local_path": "", "filename": "075417_15357.866211.jpg", "width": 1920, "height": 1080, "id_view": 8, "id_intrinsic": 0, "id_pose": 8}}}}, {"key": 7, "value": {"polymorphic_id": 1073741824, "ptr_wrapper": {"id": 2147483651, "data": {"local_path": "", "filename": "075416_15357.766602.jpg", "width": 1920, "height": 1080, "id_view": 7, "id_intrinsic": 0, "id_pose": 7}}}}, {"key": 6, "value": {"polymorphic_id": 1073741824, "ptr_wrapper": {"id": 2147483652, "data": {"local_path": "", "filename": "075415_15357.666016.jpg", "width": 1920, "height": 1080, "id_view": 6, "id_intrinsic": 0, "id_pose": 6}}}}, {"key": 5, "value": {"polymorphic_id": 1073741824, "ptr_wrapper": {"id": 2147483653, "data": {"local_path": "", "filename": "075414_15357.566406.jpg", "width": 1920, "height": 1080, "id_view": 5, "id_intrinsic": 0, "id_pose": 5}}}}, {"key": 4, "value": {"polymorphic_id": 1073741824, "ptr_wrapper": {"id": 2147483654, "data": {"local_path": "", "filename": "075413_15357.497820.jpg", "width": 1920, "height": 1080, "id_view": 4, "id_intrinsic": 0, "id_pose": 4}}}}, {"key": 3, "value": {"polymorphic_id": 1073741824, "ptr_wrapper": {"id": 2147483655, "data": {"local_path": "", "filename": "075412_15357.398211.jpg", "width": 1920, "height": 1080, "id_view": 3, "id_intrinsic": 0, "id_pose": 3}}}}, {"key": 2, "value": {"polymorphic_id": 1073741824, "ptr_wrapper": {"id": 2147483656, "data": {"local_path": "", "filename": "075411_15357.299602.jpg", "width": 1920, "height": 1080, "id_view": 2, "id_intrinsic": 0, "id_pose": 2}}}}, {"key": 1, "value": {"polymorphic_id": 1073741824, "ptr_wrapper": {"id": 2147483657, "data": {"local_path": "", "filename": "075410_15357.198016.jpg", "width": 1920, "height": 1080, "id_view": 1, "id_intrinsic": 0, "id_pose": 1}}}}, {"key": 0, "value": {"polymorphic_id": 1073741824, "ptr_wrapper": {"id": 2147483658, "data": {"local_path": "", "filename": "075409_15357.099406.jpg", "width": 1920, "height": 1080, "id_view": 0, "id_intrinsic": 0, "id_pose": 0}}}}], "intrinsics": [{"key": 0, "value": {"polymorphic_id": 2147483649, "polymorphic_name": "pinhole_radial_k3", "ptr_wrapper": {"id": 2147483659, "data": {"width": 1920, "height": 1080, "focal_length": 1739.13, "principal_point": [960.0, 540.0], "disto_k3": [0.0, 0.0, 0.0]}}}}], "extrinsics": [{"key": 0, "value": {"rotation": [[0.9999998653294366, -0.00042256024840784875, 0.00030130374195267876], [0.00042259890141251673, 0.999999902483136, -0.00012823372030085347], [-0.0003012495260977571, 0.00012836103366193618, 0.9999999463860826]], "center": [0.00022769005766009204, -0.0004895014699964332, 0.00025234531425883625]}}, {"key": 1, "value": {"rotation": [[0.9999995630311095, 7.466222896735599e-05, 0.0009318600441093089], [-7.47184499142075e-05, 0.9999999953906946, 6.0297296482688656e-05], [-0.0009318555378835258, -6.0366897272671735e-05, 0.9999995640004521]], "center": [-0.0001566321110671234, -0.011808641727017668, 0.0009531528032399948]}}, {"key": 2, "value": {"rotation": [[0.9999987679860329, -0.0010844643175886624, 0.0011348848225949946], [0.001084769198913845, 0.9999993757085126, -0.00026806411554393915], [-0.0011345934081279337, 0.0002692948733850881, 0.9999993200888037]], "center": [0.000834403349033252, -0.023444303171870264, 0.0016675836651729595]}}, {"key": 3, "value": {"rotation": [[0.9999987512885367, -0.00158031090736903, 6.229290771738538e-06], [0.001580314869916945, 0.999998507774952, -0.0006978916685764673], [-5.126395660224588e-06, 0.0006979006413519838, 0.9999997564541777]], "center": [0.000870599519266351, -0.03424772217801229, 0.0025902963031111744]}}, {"key": 4, "value": {"rotation": [[0.9999966493495536, -0.0019764326657867614, 0.0016718264216632364], [0.001974974293759554, 0.9999976682132772, 0.0008735242111954381], [-0.0016735489851059057, -0.0008702194701147436, 0.9999982209743515]], "center": [0.00046149568466197607, -0.04713141761963216, 0.0016766558629207693]}}, {"key": 5, "value": {"rotation": [[0.9999953463193254, -0.0027410935626039734, 0.001339307945870174], [0.0027399355467681223, 0.9999958716423883, 0.0008657085997568994], [-0.0013416754049978678, -0.0008620349535765622, 0.9999987284006147]], "center": [0.0009018793007489561, -0.05874012070606458, 0.0023494089728398147]}}, {"key": 6, "value": {"rotation": [[0.9999924836233142, -0.0033252998590359967, 0.001993759695539278], [0.003322043495289485, 0.9999931464055811, 0.001634371096730837], [-0.0019991808050964835, -0.0016277354557543016, 0.9999966768711757]], "center": [-0.00019018214993538106, -0.0708727899553955, 0.0022426713505290493]}}, {"key": 7, "value": {"rotation": [[0.9999881326435792, -0.004679987666046016, 0.0013536201288843997], [0.00467968878363533, 0.9999890251338969, 0.00022388534343334313], [-0.0013546530537305868, -0.00021754816557173297, 0.9999990587935068]], "center": [0.000788161979773578, -0.08141628374425453, 0.0038703009096157344]}}, {"key": 8, "value": {"rotation": [[0.99998235650578, -0.005841153493144773, 0.0010805568087135938], [0.00584161915599317, 0.9999828458777563, -0.0004282941275032964], [-0.0010780365409710432, 0.00043459877225130464, 0.9999993244803337]], "center": [0.0008660332460647329, -0.09221448347671926, 0.004830027279761495]}}, {"key": 9, "value": {"rotation": [[0.9999769034674959, -0.006796327865596435, 4.9589335551118984e-05], [0.006796388285466328, 0.9999760043092449, -0.001341607986664003], [-4.047013787627394e-05, 0.0013419140285508221, 0.9999990988140479]], "center": [0.0014950406214100155, -0.10306928570324056, 0.006325944182951592]}}], "structure": [], "control_points": []}