{"sfm_data_version": "0.3", "root_path": "/mnt/ST8000/jialei/SFM_E/ex_sea_12/1-5/images", "views": [{"key": 9, "value": {"polymorphic_id": 1073741824, "ptr_wrapper": {"id": 2147483649, "data": {"local_path": "", "filename": "075418_15357.965820.jpg", "width": 1920, "height": 1080, "id_view": 9, "id_intrinsic": 0, "id_pose": 9}}}}, {"key": 8, "value": {"polymorphic_id": 1073741824, "ptr_wrapper": {"id": 2147483650, "data": {"local_path": "", "filename": "075417_15357.866211.jpg", "width": 1920, "height": 1080, "id_view": 8, "id_intrinsic": 0, "id_pose": 8}}}}, {"key": 7, "value": {"polymorphic_id": 1073741824, "ptr_wrapper": {"id": 2147483651, "data": {"local_path": "", "filename": "075416_15357.766602.jpg", "width": 1920, "height": 1080, "id_view": 7, "id_intrinsic": 0, "id_pose": 7}}}}, {"key": 6, "value": {"polymorphic_id": 1073741824, "ptr_wrapper": {"id": 2147483652, "data": {"local_path": "", "filename": "075415_15357.666016.jpg", "width": 1920, "height": 1080, "id_view": 6, "id_intrinsic": 0, "id_pose": 6}}}}, {"key": 5, "value": {"polymorphic_id": 1073741824, "ptr_wrapper": {"id": 2147483653, "data": {"local_path": "", "filename": "075414_15357.566406.jpg", "width": 1920, "height": 1080, "id_view": 5, "id_intrinsic": 0, "id_pose": 5}}}}, {"key": 4, "value": {"polymorphic_id": 1073741824, "ptr_wrapper": {"id": 2147483654, "data": {"local_path": "", "filename": "075413_15357.497820.jpg", "width": 1920, "height": 1080, "id_view": 4, "id_intrinsic": 0, "id_pose": 4}}}}, {"key": 3, "value": {"polymorphic_id": 1073741824, "ptr_wrapper": {"id": 2147483655, "data": {"local_path": "", "filename": "075412_15357.398211.jpg", "width": 1920, "height": 1080, "id_view": 3, "id_intrinsic": 0, "id_pose": 3}}}}, {"key": 2, "value": {"polymorphic_id": 1073741824, "ptr_wrapper": {"id": 2147483656, "data": {"local_path": "", "filename": "075411_15357.299602.jpg", "width": 1920, "height": 1080, "id_view": 2, "id_intrinsic": 0, "id_pose": 2}}}}, {"key": 1, "value": {"polymorphic_id": 1073741824, "ptr_wrapper": {"id": 2147483657, "data": {"local_path": "", "filename": "075410_15357.198016.jpg", "width": 1920, "height": 1080, "id_view": 1, "id_intrinsic": 0, "id_pose": 1}}}}, {"key": 0, "value": {"polymorphic_id": 1073741824, "ptr_wrapper": {"id": 2147483658, "data": {"local_path": "", "filename": "075409_15357.099406.jpg", "width": 1920, "height": 1080, "id_view": 0, "id_intrinsic": 0, "id_pose": 0}}}}], "intrinsics": [{"key": 0, "value": {"polymorphic_id": 2147483649, "polymorphic_name": "pinhole_radial_k3", "ptr_wrapper": {"id": 2147483659, "data": {"width": 1920, "height": 1080, "focal_length": 1739.13, "principal_point": [960.0, 540.0], "disto_k3": [0.0, 0.0, 0.0]}}}}], "extrinsics": [{"key": 0, "value": {"rotation": [[0.9999998452279054, -0.0004693123037786566, 0.0002988145355884718], [0.0004693539242988247, 0.9999998801608634, -0.00013923057383522026], [-0.0002987491571574341, 0.00013937080206112592, 0.9999999456623588]], "center": [0.0002628235918214231, -0.0004754181901389774, 0.0001711948977283224]}}, {"key": 1, "value": {"rotation": [[0.9999995366603978, 1.2971554660109246e-05, 0.0009625542730587723], [-1.302987097550379e-05, 0.9999999980802208, 6.057871714775998e-05], [-0.0009625534854107399, -6.0591231037225047e-05, 0.9999995349096371]], "center": [2.595323007339824e-05, -0.0112611107154917, 0.000760809273389716]}}, {"key": 2, "value": {"rotation": [[0.9999986906725772, -0.0011129210824106126, 0.001174759462815981], [0.0011132454550664382, 0.9999993423917761, -0.0002755005848542639], [-0.0011744520798754056, 0.0002768080197665423, 0.9999992720195513]], "center": [0.0010541578048987301, -0.02232364155735335, 0.001487810303447442]}}, {"key": 3, "value": {"rotation": [[0.9999987521266072, -0.0015797069153202202, -1.647087342899956e-05], [0.0015796944874224173, 0.9999984865155215, -0.0007290624067479526], [1.762255342620069e-05, 0.0007290354780224352, 0.9999997340983237]], "center": [0.0012807098381030018, -0.03256550636308994, 0.0022037904576255336]}}, {"key": 4, "value": {"rotation": [[0.9999962789507271, -0.002104091553649659, 0.0017363419688962757], [0.002102509998245063, 0.9999973736880519, 0.0009121780014952622], [-0.0017382567147490252, -0.0009085239308859706, 0.9999980765220807]], "center": [0.0007016279657963628, -0.045041894955292434, 0.001632668459012795]}}, {"key": 5, "value": {"rotation": [[0.9999949183176754, -0.002862596188601956, 0.001403168516630515], [0.0028612929126334893, 0.9999954740984545, 0.0009299384258552985], [-0.0014058242042214863, -0.0009259188240717504, 0.9999985831653158]], "center": [0.0012154502603756792, -0.05615648328082941, 0.002234150486579295]}}, {"key": 6, "value": {"rotation": [[0.9999916255769206, -0.003511691774590429, 0.00210161768824779], [0.0035080640407373315, 0.9999923548163214, 0.001727366664856756], [-0.0021076676003032265, -0.0017199795897179758, 0.9999962996969032]], "center": [0.00012552433602204885, -0.06785465851762647, 0.0022606789381963348]}}, {"key": 7, "value": {"rotation": [[0.9999878188888561, -0.004726871186184664, 0.0014208316917442905], [0.004726410827415904, 0.9999887769307694, 0.00032718984558270897], [-0.0014223623299053688, -0.0003204704257550093, 0.99999893709149]], "center": [0.0013006292423277102, -0.0778006394068149, 0.0036520013556443935]}}, {"key": 8, "value": {"rotation": [[0.9999823589997527, -0.005829421752278228, 0.001139969878086313], [0.005829814535911884, 0.9999829481619941, -0.0003415372957144527], [-0.00113795947456377, 0.0003481770836207175, 0.9999992919102262]], "center": [0.0015166154190067896, -0.08805842385052713, 0.004522973349929291]}}, {"key": 9, "value": {"rotation": [[0.9999771829021025, -0.006754815673370554, -7.836066405498705e-05], [0.006754685729880396, 0.9999759786926401, -0.0015544318538323726], [8.885868237884276e-05, 0.0015538670845493259, 0.9999987887998761]], "center": [0.0024845213573501147, -0.09806995356679045, 0.005916602715022341]}}], "structure": [], "control_points": []}