{"sfm_data_version": "0.3", "root_path": "/mnt/ST8000/jialei/SFM_E/ex_sea_12/1-5/images", "views": [{"key": 9, "value": {"polymorphic_id": 1073741824, "ptr_wrapper": {"id": 2147483649, "data": {"local_path": "", "filename": "075418_15357.965820.jpg", "width": 1920, "height": 1080, "id_view": 9, "id_intrinsic": 0, "id_pose": 9}}}}, {"key": 8, "value": {"polymorphic_id": 1073741824, "ptr_wrapper": {"id": 2147483650, "data": {"local_path": "", "filename": "075417_15357.866211.jpg", "width": 1920, "height": 1080, "id_view": 8, "id_intrinsic": 0, "id_pose": 8}}}}, {"key": 7, "value": {"polymorphic_id": 1073741824, "ptr_wrapper": {"id": 2147483651, "data": {"local_path": "", "filename": "075416_15357.766602.jpg", "width": 1920, "height": 1080, "id_view": 7, "id_intrinsic": 0, "id_pose": 7}}}}, {"key": 6, "value": {"polymorphic_id": 1073741824, "ptr_wrapper": {"id": 2147483652, "data": {"local_path": "", "filename": "075415_15357.666016.jpg", "width": 1920, "height": 1080, "id_view": 6, "id_intrinsic": 0, "id_pose": 6}}}}, {"key": 5, "value": {"polymorphic_id": 1073741824, "ptr_wrapper": {"id": 2147483653, "data": {"local_path": "", "filename": "075414_15357.566406.jpg", "width": 1920, "height": 1080, "id_view": 5, "id_intrinsic": 0, "id_pose": 5}}}}, {"key": 4, "value": {"polymorphic_id": 1073741824, "ptr_wrapper": {"id": 2147483654, "data": {"local_path": "", "filename": "075413_15357.497820.jpg", "width": 1920, "height": 1080, "id_view": 4, "id_intrinsic": 0, "id_pose": 4}}}}, {"key": 3, "value": {"polymorphic_id": 1073741824, "ptr_wrapper": {"id": 2147483655, "data": {"local_path": "", "filename": "075412_15357.398211.jpg", "width": 1920, "height": 1080, "id_view": 3, "id_intrinsic": 0, "id_pose": 3}}}}, {"key": 2, "value": {"polymorphic_id": 1073741824, "ptr_wrapper": {"id": 2147483656, "data": {"local_path": "", "filename": "075411_15357.299602.jpg", "width": 1920, "height": 1080, "id_view": 2, "id_intrinsic": 0, "id_pose": 2}}}}, {"key": 1, "value": {"polymorphic_id": 1073741824, "ptr_wrapper": {"id": 2147483657, "data": {"local_path": "", "filename": "075410_15357.198016.jpg", "width": 1920, "height": 1080, "id_view": 1, "id_intrinsic": 0, "id_pose": 1}}}}, {"key": 0, "value": {"polymorphic_id": 1073741824, "ptr_wrapper": {"id": 2147483658, "data": {"local_path": "", "filename": "075409_15357.099406.jpg", "width": 1920, "height": 1080, "id_view": 0, "id_intrinsic": 0, "id_pose": 0}}}}], "intrinsics": [{"key": 0, "value": {"polymorphic_id": 2147483649, "polymorphic_name": "pinhole_radial_k3", "ptr_wrapper": {"id": 2147483659, "data": {"width": 1920, "height": 1080, "focal_length": 1739.13, "principal_point": [960.0, 540.0], "disto_k3": [0.0, 0.0, 0.0]}}}}], "extrinsics": [{"key": 0, "value": {"rotation": [[0.999999999738444, -6.851935253244959e-06, 2.1821161139191373e-05], [6.852642185148864e-06, 0.9999999994517473, -3.2396711791630885e-05], [-2.1820939147056232e-05, 3.2396861315766695e-05, 0.9999999992371451]], "center": [102655.28827440517, -59731.1747874508, 609.3316321583601]}}, {"key": 1, "value": {"rotation": [[0.9999996519837087, 0.0004753608150026047, 0.0006856125417543417], [-0.0004754757918292199, 0.9999998729255172, 0.00016754617591313649], [-0.0006855328097437487, -0.0001678721097705125, 0.9999997509318299]], "center": [102655.14618020278, -59737.78886974991, 609.6925268663413]}}, {"key": 2, "value": {"rotation": [[0.9999993854586403, -0.0006505547575949149, 0.0008976975266357276], [0.0006507065823039567, 0.9999997740361133, -0.0001688450957111946], [-0.0008975874808082019, 0.00016942912963837547, 0.9999995828151553]], "center": [102655.77995403718, -59744.57236439199, 610.1374364930659]}}, {"key": 3, "value": {"rotation": [[0.9999993328216596, -0.0011172132434957539, -0.0002935827033429824], [0.0011170303094084932, 0.9999991823456689, -0.0006225361690543525], [0.00029427796894641016, 0.0006222078129337754, 0.9999997631289296]], "center": [102655.9219058345, -59750.85283880981, 610.5757778953097]}}, {"key": 4, "value": {"rotation": [[0.9999975876707391, -0.0016417862296697354, 0.0014591746564647057], [0.0016403008704273271, 0.9999981359733096, 0.0010185592576250335], [-0.0014608441930875071, -0.0010161633150655997, 0.9999984166719272]], "center": [102655.57024382357, -59758.503706704716, 610.2248358001505]}}, {"key": 5, "value": {"rotation": [[0.9999964855313941, -0.0024002558136143304, 0.0011259204631214245], [0.002399089472562082, 0.9999965854177416, 0.00103610933824298], [-0.0011284035460360844, -0.0010334045129391975, 0.9999988293895903]], "center": [102655.88858284325, -59765.31926157201, 610.5928589012029]}}, {"key": 6, "value": {"rotation": [[0.9999936864388995, -0.0030494274686944703, 0.0018243010860957266], [0.0030460828309986795, 0.9999936800687806, 0.0018333580895828962], [-0.0018298802491566709, -0.0018277895423476512, 0.9999966553562386]], "center": [102655.22354309981, -59772.49309937416, 610.6085444058701]}}, {"key": 7, "value": {"rotation": [[0.9999902531538313, -0.0042645357716643234, 0.0011433861935583722], [0.004264043256613632, 0.99999081524861, 0.00043284353644585294], [-0.0011452215685851695, -0.00042796386939810804, 0.9999992526569641]], "center": [102655.94719499684, -59778.59190779304, 611.460875917163]}}, {"key": 8, "value": {"rotation": [[0.9999852253573804, -0.005367058732619331, 0.0008624079713001991], [0.005367264267876424, 0.9999855682401961, -0.00023618977900756916], [-0.0008611278808195266, 0.0002408150608767017, 0.9999996002333604]], "center": [102656.08269846626, -59784.8821575637, 611.994261800412]}}, {"key": 9, "value": {"rotation": [[0.9999801397520593, -0.006292324782093943, -0.00035602006736437127], [0.006291802587712437, 0.9999791560979575, -0.0014493411659476305], [0.00036513237185316295, 0.0014470723736916197, 0.9999988863293287]], "center": [102656.67931129428, -59791.02122059155, 612.8480388610836]}}], "structure": [], "control_points": []}