{"sfm_data_version": "0.3", "root_path": "/mnt/ST8000/jialei/SFM_E/ex_sea_12/1-2/images", "views": [{"key": 9, "value": {"polymorphic_id": 1073741824, "ptr_wrapper": {"id": 2147483649, "data": {"local_path": "", "filename": "038735_11734.566406.jpg", "width": 1920, "height": 1080, "id_view": 9, "id_intrinsic": 0, "id_pose": 9}}}}, {"key": 8, "value": {"polymorphic_id": 1073741824, "ptr_wrapper": {"id": 2147483650, "data": {"local_path": "", "filename": "038734_11734.465820.jpg", "width": 1920, "height": 1080, "id_view": 8, "id_intrinsic": 0, "id_pose": 8}}}}, {"key": 7, "value": {"polymorphic_id": 1073741824, "ptr_wrapper": {"id": 2147483651, "data": {"local_path": "", "filename": "038733_11734.399211.jpg", "width": 1920, "height": 1080, "id_view": 7, "id_intrinsic": 0, "id_pose": 7}}}}, {"key": 6, "value": {"polymorphic_id": 1073741824, "ptr_wrapper": {"id": 2147483652, "data": {"local_path": "", "filename": "038732_11734.299602.jpg", "width": 1920, "height": 1080, "id_view": 6, "id_intrinsic": 0, "id_pose": 6}}}}, {"key": 5, "value": {"polymorphic_id": 1073741824, "ptr_wrapper": {"id": 2147483653, "data": {"local_path": "", "filename": "038731_11734.198016.jpg", "width": 1920, "height": 1080, "id_view": 5, "id_intrinsic": 0, "id_pose": 5}}}}, {"key": 4, "value": {"polymorphic_id": 1073741824, "ptr_wrapper": {"id": 2147483654, "data": {"local_path": "", "filename": "038730_11734.100406.jpg", "width": 1920, "height": 1080, "id_view": 4, "id_intrinsic": 0, "id_pose": 4}}}}, {"key": 3, "value": {"polymorphic_id": 1073741824, "ptr_wrapper": {"id": 2147483655, "data": {"local_path": "", "filename": "038729_11733.998820.jpg", "width": 1920, "height": 1080, "id_view": 3, "id_intrinsic": 0, "id_pose": 3}}}}, {"key": 2, "value": {"polymorphic_id": 1073741824, "ptr_wrapper": {"id": 2147483656, "data": {"local_path": "", "filename": "038728_11733.899211.jpg", "width": 1920, "height": 1080, "id_view": 2, "id_intrinsic": 0, "id_pose": 2}}}}, {"key": 1, "value": {"polymorphic_id": 1073741824, "ptr_wrapper": {"id": 2147483657, "data": {"local_path": "", "filename": "038727_11733.798602.jpg", "width": 1920, "height": 1080, "id_view": 1, "id_intrinsic": 0, "id_pose": 1}}}}, {"key": 0, "value": {"polymorphic_id": 1073741824, "ptr_wrapper": {"id": 2147483658, "data": {"local_path": "", "filename": "038726_11733.699016.jpg", "width": 1920, "height": 1080, "id_view": 0, "id_intrinsic": 0, "id_pose": 0}}}}], "intrinsics": [{"key": 0, "value": {"polymorphic_id": 2147483649, "polymorphic_name": "pinhole_radial_k3", "ptr_wrapper": {"id": 2147483659, "data": {"width": 1920, "height": 1080, "focal_length": 1739.13, "principal_point": [960.0, 540.0], "disto_k3": [0.0, 0.0, 0.0]}}}}], "extrinsics": [{"key": 0, "value": {"rotation": [[0.9999999694718068, -0.0001536516057083374, 0.00019351374534375788], [0.00015360253299802028, 0.9999999560524668, 0.0002535770615629164], [-0.00019355269936198612, -0.0002535473296202121, 0.9999999491255507]], "center": [102655.2882746629, -59731.17478759097, 609.3316319642207]}}, {"key": 1, "value": {"rotation": [[0.9999989531190069, 0.0012684461867630424, 0.0006962795138597842], [-0.0012692256335181062, 0.9999985671673244, 0.0011201471283688886], [-0.000694857669854156, -0.0011210296915152372, 0.9999991302322463]], "center": [102655.19470325216, -59737.36710849593, 610.4723732423223]}}, {"key": 2, "value": {"rotation": [[0.9999996452263197, 0.0004239975170288001, 0.0007278553017578317], [-0.0004251109674016208, 0.9999987387360446, 0.0015302963716630291], [-0.0007272055418782789, -0.0015306052480255957, 0.9999985642088062]], "center": [102655.17588566597, -59744.16478918007, 610.9862269270272]}}, {"key": 3, "value": {"rotation": [[0.99999652429807, 0.0024791380891688642, -0.0008973662098992225], [-0.0024864716085345826, 0.9999627483416685, -0.008265554301834255], [0.0008768413310219768, 0.008267756848834601, 0.9999654370756862]], "center": [102657.57375822669, -59745.08361771583, 617.4093703416308]}}, {"key": 4, "value": {"rotation": [[0.9999985753603702, 0.001520288162453642, -0.0007334856052809406], [-0.001526312192968376, 0.9999645268505776, -0.008283442013412303], [0.000720866367399093, 0.00828454974051529, 0.9999654226958432]], "center": [102657.90432211083, -59751.58286139712, 618.0203705289293]}}, {"key": 5, "value": {"rotation": [[0.9999996655288094, 5.092655123248853e-05, -0.000816301878068763], [-5.852497248861408e-05, 0.9999566497298014, -0.009311027654280038], [0.0008157923126349455, 0.009311072314054519, 0.9999563182535846]], "center": [102658.02132889515, -59757.51560360006, 619.1044059554861]}}, {"key": 6, "value": {"rotation": [[0.9999989795941631, -0.0012163582710827798, -0.0007491883539047692], [0.0012093938333086662, 0.9999566960524862, -0.00922731739736337], [0.0007603796349278326, 0.009226401917979661, 0.9999571467470283]], "center": [102658.36544839962, -59764.2738589692, 619.871599532644]}}, {"key": 7, "value": {"rotation": [[0.9999953715424993, -0.0030204761866432627, -0.0003655368453885504], [0.003016930959325161, 0.9999518400450522, -0.009338935597858575], [0.00039372727373250787, 0.009337789573566468, 0.9999563243785765]], "center": [102658.16397184788, -59771.13707349522, 620.4193019805481]}}, {"key": 8, "value": {"rotation": [[0.9999939079938017, -0.0034800229532045905, 0.00027095300350437777], [0.003482349327094987, 0.9999523522108067, -0.009119569684962445], [-0.00023920378136571863, 0.009120457681496847, 0.9999583791504674]], "center": [102657.41825491107, -59777.53677560245, 620.3581494303494]}}, {"key": 9, "value": {"rotation": [[0.9999879176975356, -0.004828755175620703, 0.0009206423850220839], [0.00483714106017549, 0.9999447269308959, -0.009335156638237996], [-0.0008755143123597422, 0.009339497125134304, 0.9999560026661859]], "center": [102657.42588746997, -59784.12519946032, 620.6270970692203]}}], "structure": [], "control_points": []}