{"sfm_data_version": "0.3", "root_path": "/mnt/ST8000/jialei/SFM_E/ex_sea_12/1-2/images", "views": [{"key": 9, "value": {"polymorphic_id": 1073741824, "ptr_wrapper": {"id": 2147483649, "data": {"local_path": "", "filename": "038735_11734.566406.jpg", "width": 1920, "height": 1080, "id_view": 9, "id_intrinsic": 0, "id_pose": 9}}}}, {"key": 8, "value": {"polymorphic_id": 1073741824, "ptr_wrapper": {"id": 2147483650, "data": {"local_path": "", "filename": "038734_11734.465820.jpg", "width": 1920, "height": 1080, "id_view": 8, "id_intrinsic": 0, "id_pose": 8}}}}, {"key": 7, "value": {"polymorphic_id": 1073741824, "ptr_wrapper": {"id": 2147483651, "data": {"local_path": "", "filename": "038733_11734.399211.jpg", "width": 1920, "height": 1080, "id_view": 7, "id_intrinsic": 0, "id_pose": 7}}}}, {"key": 6, "value": {"polymorphic_id": 1073741824, "ptr_wrapper": {"id": 2147483652, "data": {"local_path": "", "filename": "038732_11734.299602.jpg", "width": 1920, "height": 1080, "id_view": 6, "id_intrinsic": 0, "id_pose": 6}}}}, {"key": 5, "value": {"polymorphic_id": 1073741824, "ptr_wrapper": {"id": 2147483653, "data": {"local_path": "", "filename": "038731_11734.198016.jpg", "width": 1920, "height": 1080, "id_view": 5, "id_intrinsic": 0, "id_pose": 5}}}}, {"key": 4, "value": {"polymorphic_id": 1073741824, "ptr_wrapper": {"id": 2147483654, "data": {"local_path": "", "filename": "038730_11734.100406.jpg", "width": 1920, "height": 1080, "id_view": 4, "id_intrinsic": 0, "id_pose": 4}}}}, {"key": 3, "value": {"polymorphic_id": 1073741824, "ptr_wrapper": {"id": 2147483655, "data": {"local_path": "", "filename": "038729_11733.998820.jpg", "width": 1920, "height": 1080, "id_view": 3, "id_intrinsic": 0, "id_pose": 3}}}}, {"key": 2, "value": {"polymorphic_id": 1073741824, "ptr_wrapper": {"id": 2147483656, "data": {"local_path": "", "filename": "038728_11733.899211.jpg", "width": 1920, "height": 1080, "id_view": 2, "id_intrinsic": 0, "id_pose": 2}}}}, {"key": 1, "value": {"polymorphic_id": 1073741824, "ptr_wrapper": {"id": 2147483657, "data": {"local_path": "", "filename": "038727_11733.798602.jpg", "width": 1920, "height": 1080, "id_view": 1, "id_intrinsic": 0, "id_pose": 1}}}}, {"key": 0, "value": {"polymorphic_id": 1073741824, "ptr_wrapper": {"id": 2147483658, "data": {"local_path": "", "filename": "038726_11733.699016.jpg", "width": 1920, "height": 1080, "id_view": 0, "id_intrinsic": 0, "id_pose": 0}}}}], "intrinsics": [{"key": 0, "value": {"polymorphic_id": 2147483649, "polymorphic_name": "pinhole_radial_k3", "ptr_wrapper": {"id": 2147483659, "data": {"width": 1920, "height": 1080, "focal_length": 1739.13, "principal_point": [960.0, 540.0], "disto_k3": [0.0, 0.0, 0.0]}}}}], "extrinsics": [{"key": 0, "value": {"rotation": [[0.9999991766298297, -0.0012832046852297866, 1.1198145286920488e-05], [0.0012832029081492455, 0.9999991643256537, 0.00015728410880918022], [-1.1399963634243844e-05, -0.00015726960981353946, 0.9999999875681552]], "center": [-0.0003589668558457473, -0.001253805432084779, 0.0007238928882414504]}}, {"key": 1, "value": {"rotation": [[0.99999985833841, 0.00013894163661513868, 0.0005138271902622969], [-0.00013946779963251924, 0.9999994658697724, 0.001024113715715039], [-0.000513684623775915, -0.0010241852329850821, 0.9999993435861424]], "center": [-0.0005164147148606792, -0.010968378533277699, 0.0025145241719816726]}}, {"key": 2, "value": {"rotation": [[0.9999996023553305, -0.0007055042391417007, 0.000545484142101885], [0.0007047213349557335, 0.9999987233487558, 0.0014341090260165162], [-0.0005464952157061194, -0.0014337240414378717, 0.9999988228884831]], "center": [-0.000557836171449932, -0.0216329058938703, 0.0033217233582271185]}}, {"key": 3, "value": {"rotation": [[0.9999985063181083, 0.0013494824206789074, -0.0010799346039644692], [-0.0013584657552733876, 0.9999641204534243, -0.00836136212595485], [0.0010686123451986251, 0.008362816690917084, 0.9999644600507807]], "center": [0.0032043104719919804, -0.023077704517138753, 0.013398222489734955]}}, {"key": 4, "value": {"rotation": [[0.9999995042042595, 0.000390646535474966, -0.0009159620731649367], [-0.00039830822271075413, 0.9999648126739153, -0.008379425074604109], [0.0009126564495341203, 0.008379785755346326, 0.9999644724933476]], "center": [0.0037115777753146065, -0.03327462925037305, 0.014357686431573417]}}, {"key": 5, "value": {"rotation": [[0.9999989195393941, -0.0010787233182297535, -0.0009986370949483245], [0.0010692816676259394, 0.9999551788783687, -0.009407277557559655], [0.0010087401845760584, 0.009406199569028637, 0.9999552519252584]], "center": [0.0038849422862384606, -0.04258234032930769, 0.01605925443769226]}}, {"key": 6, "value": {"rotation": [[0.9999968143823486, -0.0023460001045472628, -0.0009314014520401863], [0.00233721496779869, 0.9999538010368119, -0.00932379848701542], [0.0009532320544841456, 0.009321591899543664, 0.9999560986728908]], "center": [0.004413062223936221, -0.05318561972126634, 0.017263799995906]}}, {"key": 7, "value": {"rotation": [[0.9999912384769669, -0.004150075932110632, -0.0005475756205090077], [0.0041447250619836215, 0.9999468925676057, -0.009435745786628955], [0.00058670560166441, 0.009433393564727293, 0.9999553324335989]], "center": [0.004084967205963211, -0.0639526319834925, 0.01812416547662531]}}, {"key": 8, "value": {"rotation": [[0.9999893719667985, -0.004609559609659115, 8.89587199486127e-05], [0.0046101837245156934, 0.9999469000816219, -0.009216464787613001], [-4.647015241895932e-05, 0.009216776950762118, 0.9999575235294567]], "center": [0.0029036800505809757, -0.07399158346978359, 0.01802940520750666]}}, {"key": 9, "value": {"rotation": [[0.9999819767369121, -0.005958221790470122, 0.0007387790155032749], [0.0059649266261263675, 0.9999377237630204, -0.009432298021967775], [-0.0006825332835174706, 0.009436534783799435, 0.9999552419781548]], "center": [0.0029040560106332832, -0.08432789906015382, 0.018452340647804162]}}], "structure": [], "control_points": []}