{"sfm_data_version": "0.3", "root_path": "/mnt/ST8000/jialei/SFM_E/ex_sea_12/1-2/images", "views": [{"key": 9, "value": {"polymorphic_id": 1073741824, "ptr_wrapper": {"id": 2147483649, "data": {"local_path": "", "filename": "038735_11734.566406.jpg", "width": 1920, "height": 1080, "id_view": 9, "id_intrinsic": 0, "id_pose": 9}}}}, {"key": 8, "value": {"polymorphic_id": 1073741824, "ptr_wrapper": {"id": 2147483650, "data": {"local_path": "", "filename": "038734_11734.465820.jpg", "width": 1920, "height": 1080, "id_view": 8, "id_intrinsic": 0, "id_pose": 8}}}}, {"key": 7, "value": {"polymorphic_id": 1073741824, "ptr_wrapper": {"id": 2147483651, "data": {"local_path": "", "filename": "038733_11734.399211.jpg", "width": 1920, "height": 1080, "id_view": 7, "id_intrinsic": 0, "id_pose": 7}}}}, {"key": 6, "value": {"polymorphic_id": 1073741824, "ptr_wrapper": {"id": 2147483652, "data": {"local_path": "", "filename": "038732_11734.299602.jpg", "width": 1920, "height": 1080, "id_view": 6, "id_intrinsic": 0, "id_pose": 6}}}}, {"key": 5, "value": {"polymorphic_id": 1073741824, "ptr_wrapper": {"id": 2147483653, "data": {"local_path": "", "filename": "038731_11734.198016.jpg", "width": 1920, "height": 1080, "id_view": 5, "id_intrinsic": 0, "id_pose": 5}}}}, {"key": 4, "value": {"polymorphic_id": 1073741824, "ptr_wrapper": {"id": 2147483654, "data": {"local_path": "", "filename": "038730_11734.100406.jpg", "width": 1920, "height": 1080, "id_view": 4, "id_intrinsic": 0, "id_pose": 4}}}}, {"key": 3, "value": {"polymorphic_id": 1073741824, "ptr_wrapper": {"id": 2147483655, "data": {"local_path": "", "filename": "038729_11733.998820.jpg", "width": 1920, "height": 1080, "id_view": 3, "id_intrinsic": 0, "id_pose": 3}}}}, {"key": 2, "value": {"polymorphic_id": 1073741824, "ptr_wrapper": {"id": 2147483656, "data": {"local_path": "", "filename": "038728_11733.899211.jpg", "width": 1920, "height": 1080, "id_view": 2, "id_intrinsic": 0, "id_pose": 2}}}}, {"key": 1, "value": {"polymorphic_id": 1073741824, "ptr_wrapper": {"id": 2147483657, "data": {"local_path": "", "filename": "038727_11733.798602.jpg", "width": 1920, "height": 1080, "id_view": 1, "id_intrinsic": 0, "id_pose": 1}}}}, {"key": 0, "value": {"polymorphic_id": 1073741824, "ptr_wrapper": {"id": 2147483658, "data": {"local_path": "", "filename": "038726_11733.699016.jpg", "width": 1920, "height": 1080, "id_view": 0, "id_intrinsic": 0, "id_pose": 0}}}}], "intrinsics": [{"key": 0, "value": {"polymorphic_id": 2147483649, "polymorphic_name": "pinhole_radial_k3", "ptr_wrapper": {"id": 2147483659, "data": {"width": 1920, "height": 1080, "focal_length": 1739.13, "principal_point": [960.0, 540.0], "disto_k3": [0.0, 0.0, 0.0]}}}}], "extrinsics": [{"key": 0, "value": {"rotation": [[0.9999990238996935, -0.0013967863668431755, -3.4460203770273453e-05], [0.0013967902300443004, 0.9999990181781355, 0.00011233796451530159], [3.430325779918302e-05, -0.00011238598853813013, 0.999999993096338]], "center": [-0.00035473842868147845, -0.0011296387911591535, 0.0006478956508239025]}}, {"key": 1, "value": {"rotation": [[0.9999998607237459, -2.9556747341701395e-05, 0.0005269524527582243], [2.9009971594274388e-05, 0.9999994612761239, 0.0010375962044641377], [-0.0005269828368452137, -0.0010375807730759394, 0.9999993228573852]], "center": [-0.000258011726871693, -0.010612469623596403, 0.002338116627841895]}}, {"key": 2, "value": {"rotation": [[0.9999994254718761, -0.0009053685234039013, 0.0005739022166461396], [0.0009045363289020378, 0.9999985415864512, 0.0014486680091929556], [-0.0005752129580757612, -0.001448148061488232, 0.9999987859978854]], "center": [-0.00021235729683457982, -0.021166692799834897, 0.0031600906357771978]}}, {"key": 3, "value": {"rotation": [[0.9999939257647444, -0.002433818204809703, 0.0024949874870318907], [0.0024308157893340155, 0.9999963186971322, 0.001205705926904367], [-0.002497912771261835, -0.0011996337481852636, 0.9999961606479583]], "center": [-0.002031506491645534, -0.030824029138899464, 0.0022748673581944033]}}, {"key": 4, "value": {"rotation": [[0.9999906753156286, -0.003387997072024075, 0.002677827035701857], [0.003384807422294547, 0.9999935577816585, 0.0011947693898074455], [-0.0026818576597498044, -0.001185694320133914, 0.9999957008749947]], "center": [-0.0014394002603651131, -0.040886507944817, 0.003240631474334279]}}, {"key": 5, "value": {"rotation": [[0.9999852910820011, -0.004778297336862271, 0.0025662217764619182], [0.004778046620707562, 0.9999885796806877, 0.00010382047712035605], [-0.0025666885544990753, -9.155742274645783e-05, 0.9999967018581124]], "center": [-0.001060035194529533, -0.04998249696442108, 0.004898611254405908]}}, {"key": 6, "value": {"rotation": [[0.9999782106283334, -0.006045660825140806, 0.0026510853898079082], [0.0060451468681285625, 0.9999817075632795, 0.00020183699025666193], [-0.0026522571329811724, -0.00018580639181412994, 0.9999964654977964]], "center": [-0.00041769191082470644, -0.06045165223539482, 0.006095599847627112]}}, {"key": 7, "value": {"rotation": [[0.9999645371981639, -0.007840180462052747, 0.0030750473791519893], [0.00783992625611242, 0.9999692628204955, 9.471290077078363e-05], [-0.0030756954271027857, -7.060139729938229e-05, 0.9999952675453431]], "center": [-0.0006400025365357679, -0.07105441659812499, 0.007000294929327598]}}, {"key": 8, "value": {"rotation": [[0.9999583674428559, -0.008318406047879963, 0.0037506668527972483], [0.00831723332472151, 0.9999653573703138, 0.000328160148070383], [-0.0037532666891947467, -0.0002969513145862702, 0.9999929123794211]], "center": [-0.001827249952170565, -0.08102251834410788, 0.006991186226745396]}}, {"key": 9, "value": {"rotation": [[0.999943585555673, -0.0096488995440773, 0.004441220964138639], [0.009648509531798292, 0.9999534460822116, 0.00010923426475898868], [-0.0044420681983503955, -6.637693956333938e-05, 0.9999901317634207]], "center": [-0.0017751139698468936, -0.09124122613808196, 0.007501172617822727]}}], "structure": [], "control_points": []}