{"sfm_data_version": "0.3", "root_path": "/mnt/ST8000/jialei/SFM_E/ex_sea_12/1-2/images", "views": [{"key": 9, "value": {"polymorphic_id": 1073741824, "ptr_wrapper": {"id": 2147483649, "data": {"local_path": "", "filename": "038735_11734.566406.jpg", "width": 1920, "height": 1080, "id_view": 9, "id_intrinsic": 0, "id_pose": 9}}}}, {"key": 8, "value": {"polymorphic_id": 1073741824, "ptr_wrapper": {"id": 2147483650, "data": {"local_path": "", "filename": "038734_11734.465820.jpg", "width": 1920, "height": 1080, "id_view": 8, "id_intrinsic": 0, "id_pose": 8}}}}, {"key": 7, "value": {"polymorphic_id": 1073741824, "ptr_wrapper": {"id": 2147483651, "data": {"local_path": "", "filename": "038733_11734.399211.jpg", "width": 1920, "height": 1080, "id_view": 7, "id_intrinsic": 0, "id_pose": 7}}}}, {"key": 6, "value": {"polymorphic_id": 1073741824, "ptr_wrapper": {"id": 2147483652, "data": {"local_path": "", "filename": "038732_11734.299602.jpg", "width": 1920, "height": 1080, "id_view": 6, "id_intrinsic": 0, "id_pose": 6}}}}, {"key": 5, "value": {"polymorphic_id": 1073741824, "ptr_wrapper": {"id": 2147483653, "data": {"local_path": "", "filename": "038731_11734.198016.jpg", "width": 1920, "height": 1080, "id_view": 5, "id_intrinsic": 0, "id_pose": 5}}}}, {"key": 4, "value": {"polymorphic_id": 1073741824, "ptr_wrapper": {"id": 2147483654, "data": {"local_path": "", "filename": "038730_11734.100406.jpg", "width": 1920, "height": 1080, "id_view": 4, "id_intrinsic": 0, "id_pose": 4}}}}, {"key": 3, "value": {"polymorphic_id": 1073741824, "ptr_wrapper": {"id": 2147483655, "data": {"local_path": "", "filename": "038729_11733.998820.jpg", "width": 1920, "height": 1080, "id_view": 3, "id_intrinsic": 0, "id_pose": 3}}}}, {"key": 2, "value": {"polymorphic_id": 1073741824, "ptr_wrapper": {"id": 2147483656, "data": {"local_path": "", "filename": "038728_11733.899211.jpg", "width": 1920, "height": 1080, "id_view": 2, "id_intrinsic": 0, "id_pose": 2}}}}, {"key": 1, "value": {"polymorphic_id": 1073741824, "ptr_wrapper": {"id": 2147483657, "data": {"local_path": "", "filename": "038727_11733.798602.jpg", "width": 1920, "height": 1080, "id_view": 1, "id_intrinsic": 0, "id_pose": 1}}}}, {"key": 0, "value": {"polymorphic_id": 1073741824, "ptr_wrapper": {"id": 2147483658, "data": {"local_path": "", "filename": "038726_11733.699016.jpg", "width": 1920, "height": 1080, "id_view": 0, "id_intrinsic": 0, "id_pose": 0}}}}], "intrinsics": [{"key": 0, "value": {"polymorphic_id": 2147483649, "polymorphic_name": "pinhole_radial_k3", "ptr_wrapper": {"id": 2147483659, "data": {"width": 1920, "height": 1080, "focal_length": 1739.13, "principal_point": [960.0, 540.0], "disto_k3": [0.0, 0.0, 0.0]}}}}], "extrinsics": [{"key": 0, "value": {"rotation": [[0.9999999222617917, -0.0003808151119200104, 0.00010225586061260413], [0.00038079837349372505, 0.9999999141037991, 0.00016366121410257923], [-0.00010231817649277964, -0.00016362226251444824, 0.9999999813793726]], "center": [102655.28827443767, -59731.174787509655, 609.3316320438731]}}, {"key": 1, "value": {"rotation": [[0.9999992932467903, 0.0009863858660573276, 0.0006637385351315637], [-0.000987108132168991, 0.9999989201390962, 0.001088732371438301], [-0.0006626639081631678, -0.0010893867836788674, 0.9999991870561595]], "center": [102655.35553285127, -59737.18439655779, 610.4024884812131]}}, {"key": 2, "value": {"rotation": [[0.9999997413798553, 0.00011057169377775455, 0.0007106434567661691], [-0.0001116375086750578, 0.9999988688820619, 0.0014999238859234165], [-0.0007104768038200131, -0.0015000028324779393, 0.9999986226061579]], "center": [102655.39118996642, -59743.87299075532, 610.9230656640084]}}, {"key": 3, "value": {"rotation": [[0.9999955318642231, -0.0014179812806418216, 0.0026316498013242325], [0.0014146766297387311, 0.9999982091046193, 0.001257170468696473], [-0.0026334277325059407, -0.0012534419180165498, 0.9999957469618234]], "center": [102654.24462335784, -59749.994340188125, 610.361596404849]}}, {"key": 4, "value": {"rotation": [[0.9999932258396934, -0.0023721723309108717, 0.0028144401141231056], [0.0023686720618615563, 0.9999964179779509, 0.0012463642847877737], [-0.0028173866236071558, -0.001239689356048194, 0.9999952627402356]], "center": [102654.62625786882, -59756.37095084455, 610.973361984705]}}, {"key": 5, "value": {"rotation": [[0.9999892693820649, -0.0037624716244761386, 0.0027027630304135137], [0.0037620647573807704, 0.9999929113026877, 0.0001556057070634194], [-0.0027033293334018573, -0.00014543606777375594, 0.9999963354227179]], "center": [102654.87238826117, -59762.13522107403, 612.0238230236164]}}, {"key": 6, "value": {"rotation": [[0.9999834649400906, -0.005029846001590572, 0.002787560871205508], [0.005029157918565313, 0.9999873214989433, 0.0002537951913929183], [-0.0027888020798406514, -0.00023977191104532293, 0.9999960825385217]], "center": [102655.28610163459, -59768.76953263412, 612.782115254756]}}, {"key": 7, "value": {"rotation": [[0.9999715567366549, -0.006824400338821426, 0.0032114292278690153], [0.00682396365472321, 0.999976705696556, 0.0001469159703196664], [-0.003212357033259672, -0.00012499711521937393, 0.9999948325556545]], "center": [102655.15196358936, -59775.48906437437, 613.3550910291106]}}, {"key": 8, "value": {"rotation": [[0.9999657804694367, -0.007302666585303938, 0.003887023397620051], [0.007301242519827429, 0.9999732732088249, 0.0003804283051328216], [-0.0038896976510293868, -0.00035203518654855877, 0.9999923731326208]], "center": [102654.40598039592, -59781.8069788135, 613.3488925789843]}}, {"key": 9, "value": {"rotation": [[0.9999522559171619, -0.0086332098165652, 0.004577507448509863], [0.008632560063934976, 0.9999627256878396, 0.0001616839172066797], [-0.004578732676249497, -0.00012216058976398603, 0.9999895100869156]], "center": [102654.44555611709, -59788.282930342924, 613.6717631426031]}}], "structure": [], "control_points": []}