{"sfm_data_version": "0.3", "root_path": "/mnt/ST8000/jialei/SFM_E/ex_sea_12/6-1/images", "views": [{"key": 9, "value": {"polymorphic_id": 1073741824, "ptr_wrapper": {"id": 2147483649, "data": {"local_path": "", "filename": "104926_15025.847656.jpg", "width": 1920, "height": 1080, "id_view": 9, "id_intrinsic": 0, "id_pose": 9}}}}, {"key": 8, "value": {"polymorphic_id": 1073741824, "ptr_wrapper": {"id": 2147483650, "data": {"local_path": "", "filename": "104925_15025.748047.jpg", "width": 1920, "height": 1080, "id_view": 8, "id_intrinsic": 0, "id_pose": 8}}}}, {"key": 7, "value": {"polymorphic_id": 1073741824, "ptr_wrapper": {"id": 2147483651, "data": {"local_path": "", "filename": "104924_15025.647461.jpg", "width": 1920, "height": 1080, "id_view": 7, "id_intrinsic": 0, "id_pose": 7}}}}, {"key": 6, "value": {"polymorphic_id": 1073741824, "ptr_wrapper": {"id": 2147483652, "data": {"local_path": "", "filename": "104923_15025.547852.jpg", "width": 1920, "height": 1080, "id_view": 6, "id_intrinsic": 0, "id_pose": 6}}}}, {"key": 5, "value": {"polymorphic_id": 1073741824, "ptr_wrapper": {"id": 2147483653, "data": {"local_path": "", "filename": "104922_15025.447266.jpg", "width": 1920, "height": 1080, "id_view": 5, "id_intrinsic": 0, "id_pose": 5}}}}, {"key": 4, "value": {"polymorphic_id": 1073741824, "ptr_wrapper": {"id": 2147483654, "data": {"local_path": "", "filename": "104921_15025.347656.jpg", "width": 1920, "height": 1080, "id_view": 4, "id_intrinsic": 0, "id_pose": 4}}}}, {"key": 3, "value": {"polymorphic_id": 1073741824, "ptr_wrapper": {"id": 2147483655, "data": {"local_path": "", "filename": "104920_15025.280047.jpg", "width": 1920, "height": 1080, "id_view": 3, "id_intrinsic": 0, "id_pose": 3}}}}, {"key": 2, "value": {"polymorphic_id": 1073741824, "ptr_wrapper": {"id": 2147483656, "data": {"local_path": "", "filename": "104919_15025.248047.jpg", "width": 1920, "height": 1080, "id_view": 2, "id_intrinsic": 0, "id_pose": 2}}}}, {"key": 1, "value": {"polymorphic_id": 1073741824, "ptr_wrapper": {"id": 2147483657, "data": {"local_path": "", "filename": "104918_15025.147461.jpg", "width": 1920, "height": 1080, "id_view": 1, "id_intrinsic": 0, "id_pose": 1}}}}, {"key": 0, "value": {"polymorphic_id": 1073741824, "ptr_wrapper": {"id": 2147483658, "data": {"local_path": "", "filename": "104917_15025.047852.jpg", "width": 1920, "height": 1080, "id_view": 0, "id_intrinsic": 0, "id_pose": 0}}}}], "intrinsics": [{"key": 0, "value": {"polymorphic_id": 2147483649, "polymorphic_name": "pinhole_radial_k3", "ptr_wrapper": {"id": 2147483659, "data": {"width": 1920, "height": 1080, "focal_length": 1739.13, "principal_point": [960.0, 540.0], "disto_k3": [0.0, 0.0, 0.0]}}}}], "extrinsics": [{"key": 0, "value": {"rotation": [[0.9999999800522622, 7.399850195981806e-05, 0.00018552546146911918], [-7.40013097217337e-05, 0.9999999971474857, 1.5127286662800786e-05], [-0.00018552434154335307, -1.5141015488181463e-05, 0.999999982675734]], "center": [102655.28827476736, -59731.1747877709, 609.331632239963]}}, {"key": 1, "value": {"rotation": [[0.9999993366420605, 0.0010006871988084201, -0.0005703863331045317], [-0.0010001696203728277, 0.9999990885223086, 0.0009069814123459967], [0.0005712934178989988, -0.0009064103276104274, 0.9999994260219096]], "center": [102655.65863048847, -59737.29129805527, 609.4656455207275]}}, {"key": 2, "value": {"rotation": [[0.9999994403812297, 0.0008849228770912401, 0.0005797833468429236], [-0.0008865130689249885, 0.9999958306198476, 0.0027482426202372857], [-0.0005773489467393291, -0.002748755067783282, 0.999996055499106]], "center": [102656.07814851974, -59744.828515203204, 609.209341797461]}}, {"key": 3, "value": {"rotation": [[0.9999988783064181, 0.000565960368672897, 0.0013867497130440683], [-0.000570039760021378, 0.9999955067005446, 0.002943065305576635], [-0.0013850778236369928, -0.00294385250683282, 0.9999947076319157]], "center": [102656.20538236653, -59751.357453640296, 609.1597194176971]}}, {"key": 4, "value": {"rotation": [[0.999995805056164, -0.000559695796170282, 0.0028419378405600128], [0.0005531821722541139, 0.999997219821001, 0.0022922346635747344], [-0.002843212893569183, -0.002290652938431048, 0.9999933345025643]], "center": [102656.78092589622, -59757.496960822835, 609.0617370058656]}}, {"key": 5, "value": {"rotation": [[0.9999933538851185, -0.0006206282423420319, 0.003592632207264125], [0.0006105902100225826, 0.9999959090124405, 0.0027944834902542104], [-0.003594351845227295, -0.0027922712917419824, 0.999989641874278]], "center": [102656.82002051103, -59764.118240149124, 608.8814743130697]}}, {"key": 6, "value": {"rotation": [[0.9999886213525797, -0.0011972680239236363, 0.004617760782639379], [0.0011831996210853548, 0.9999946545024163, 0.0030481150321181325], [-0.004621385509071502, -0.00304261661588367, 0.9999846925228937]], "center": [102656.87908317025, -59770.48262212313, 608.8085389740659]}}, {"key": 7, "value": {"rotation": [[0.9999850089357839, -0.0011561932845587804, 0.005352113674842955], [0.0011364008669650706, 0.9999925106692023, 0.0036996214096105084], [-0.005356351068522405, -0.0036934838017283035, 0.9999788336163112]], "center": [102656.9160207828, -59777.21665979759, 608.5768426790315]}}, {"key": 8, "value": {"rotation": [[0.999978747137722, -0.0018979826545007404, 0.006237221714412366], [0.001868616398622901, 0.9999871587697002, 0.004710686622634547], [-0.006246082422312444, -0.004698931532283234, 0.9999694527818487]], "center": [102657.8444791243, -59784.14445957745, 608.5985360858699]}}, {"key": 9, "value": {"rotation": [[0.999973166937394, -0.0023113057152026654, 0.0069514941623570045], [0.00227737135233548, 0.9999854723697428, 0.004885553109485131], [-0.006962685180443966, -0.0048695908814715355, 0.9999639033983808]], "center": [102658.33999266381, -59790.79531037865, 608.5824403279673]}}], "structure": [], "control_points": []}