{"sfm_data_version": "0.3", "root_path": "/mnt/ST8000/jialei/SFM_E/ex_sea_12/6-1/images", "views": [{"key": 9, "value": {"polymorphic_id": 1073741824, "ptr_wrapper": {"id": 2147483649, "data": {"local_path": "", "filename": "104926_15025.847656.jpg", "width": 1920, "height": 1080, "id_view": 9, "id_intrinsic": 0, "id_pose": 9}}}}, {"key": 8, "value": {"polymorphic_id": 1073741824, "ptr_wrapper": {"id": 2147483650, "data": {"local_path": "", "filename": "104925_15025.748047.jpg", "width": 1920, "height": 1080, "id_view": 8, "id_intrinsic": 0, "id_pose": 8}}}}, {"key": 7, "value": {"polymorphic_id": 1073741824, "ptr_wrapper": {"id": 2147483651, "data": {"local_path": "", "filename": "104924_15025.647461.jpg", "width": 1920, "height": 1080, "id_view": 7, "id_intrinsic": 0, "id_pose": 7}}}}, {"key": 6, "value": {"polymorphic_id": 1073741824, "ptr_wrapper": {"id": 2147483652, "data": {"local_path": "", "filename": "104923_15025.547852.jpg", "width": 1920, "height": 1080, "id_view": 6, "id_intrinsic": 0, "id_pose": 6}}}}, {"key": 5, "value": {"polymorphic_id": 1073741824, "ptr_wrapper": {"id": 2147483653, "data": {"local_path": "", "filename": "104922_15025.447266.jpg", "width": 1920, "height": 1080, "id_view": 5, "id_intrinsic": 0, "id_pose": 5}}}}, {"key": 4, "value": {"polymorphic_id": 1073741824, "ptr_wrapper": {"id": 2147483654, "data": {"local_path": "", "filename": "104921_15025.347656.jpg", "width": 1920, "height": 1080, "id_view": 4, "id_intrinsic": 0, "id_pose": 4}}}}, {"key": 3, "value": {"polymorphic_id": 1073741824, "ptr_wrapper": {"id": 2147483655, "data": {"local_path": "", "filename": "104920_15025.280047.jpg", "width": 1920, "height": 1080, "id_view": 3, "id_intrinsic": 0, "id_pose": 3}}}}, {"key": 2, "value": {"polymorphic_id": 1073741824, "ptr_wrapper": {"id": 2147483656, "data": {"local_path": "", "filename": "104919_15025.248047.jpg", "width": 1920, "height": 1080, "id_view": 2, "id_intrinsic": 0, "id_pose": 2}}}}, {"key": 1, "value": {"polymorphic_id": 1073741824, "ptr_wrapper": {"id": 2147483657, "data": {"local_path": "", "filename": "104918_15025.147461.jpg", "width": 1920, "height": 1080, "id_view": 1, "id_intrinsic": 0, "id_pose": 1}}}}, {"key": 0, "value": {"polymorphic_id": 1073741824, "ptr_wrapper": {"id": 2147483658, "data": {"local_path": "", "filename": "104917_15025.047852.jpg", "width": 1920, "height": 1080, "id_view": 0, "id_intrinsic": 0, "id_pose": 0}}}}], "intrinsics": [{"key": 0, "value": {"polymorphic_id": 2147483649, "polymorphic_name": "pinhole_radial_k3", "ptr_wrapper": {"id": 2147483659, "data": {"width": 1920, "height": 1080, "focal_length": 1739.13, "principal_point": [960.0, 540.0], "disto_k3": [0.0, 0.0, 0.0]}}}}], "extrinsics": [{"key": 0, "value": {"rotation": [[0.9999989901610564, -0.0008217957763443249, 0.0011594518400647074], [0.0008225703252057561, 0.9999994387694986, -0.0006677115754036566], [-0.0011589024667924839, 0.0006686646317996522, 0.9999991049159407]], "center": [0.0005030039444223842, -0.0015132539956597827, 0.0014342210053760072]}}, {"key": 1, "value": {"rotation": [[0.9999999133856847, 0.00010437613737251543, 0.00040290724130163583], [-0.00010446608845351606, 0.9999999696252633, 0.0002232404730782266], [-0.00040288392808515326, -0.00022328254388590712, 0.9999998939147174]], "center": [0.0010562049315680105, -0.010790495921539788, 0.0016443592463247852]}}, {"key": 2, "value": {"rotation": [[0.9999987937974592, -1.0601902424834145e-05, 0.001553155248690238], [7.39522376261906e-06, 0.9999978686563412, 0.0020646133017198413], [-0.0015531738272114444, -0.0020645993254474544, 0.9999966625347746]], "center": [0.0016826143853739116, -0.022222987673952102, 0.001264049705102527]}}, {"key": 3, "value": {"rotation": [[0.9999971602731269, -0.00032901203069114526, 0.002360338273598581], [0.0003236783315933312, 0.9999973943906051, 0.002259744308143495], [-0.00236107560654269, -0.0022589739007324726, 0.9999946611651964]], "center": [0.0018667841080929842, -0.03212561716197259, 0.0011957367098876703]}}, {"key": 4, "value": {"rotation": [[0.9999916613488735, -0.001453669903343292, 0.0038162909390700725], [0.0014475343118678275, 0.9999976562582731, 0.0016100069492656405], [-0.003818622413316108, -0.0016044693119010376, 0.9999914218637537]], "center": [0.0027315034675144184, -0.04143825772459091, 0.0010543353041116842]}}, {"key": 5, "value": {"rotation": [[0.999988424849359, -0.0015140869104937487, 0.004567023989997717], [0.0015044522528205216, 0.9999966373745776, 0.002112312229741706], [-0.004570206857104695, -0.0021054169098790525, 0.9999873401343237]], "center": [0.0027820602266876377, -0.05148095582351145, 0.0007878462983643145]}}, {"key": 6, "value": {"rotation": [[0.9999821774896395, -0.0020900212676031003, 0.005592540941303342], [0.002076813161702363, 0.9999950432450307, 0.0023665021571508517], [-0.005597459260286545, -0.0023548453175074396, 0.9999815614066896]], "center": [0.002863093296415788, -0.061133934964702936, 0.0006839035575773609]}}, {"key": 7, "value": {"rotation": [[0.9999778871098512, -0.0020484412852852804, 0.00632686175114634], [0.0020293783731012895, 0.99999338673662, 0.00301796395659235], [-0.006333002031909422, -0.0030050576242796295, 0.9999754310551533]], "center": [0.002910301139908528, -0.07134770343140313, 0.0003395190752904961]}}, {"key": 8, "value": {"rotation": [[0.9999700987061406, -0.002789619479340546, 0.007212469534879569], [0.0027606043299349776, 0.9999880700372357, 0.004029745269612558], [-0.007223624946287463, -0.004009714000387666, 0.999965870135712]], "center": [0.004309035695905402, -0.08185629852209501, 0.00038096696565097525]}}, {"key": 9, "value": {"rotation": [[0.9999634526832986, -0.0032024489733431054, 0.007927018245814314], [0.003169187204846185, 0.999986136971795, 0.004205010902125466], [-0.007940374686183204, -0.004179735015463206, 0.9999597393220613]], "center": [0.005051557798163778, -0.09194429749474861, 0.0003641738892079648]}}], "structure": [], "control_points": []}