{"sfm_data_version": "0.3", "root_path": "/mnt/ST8000/jialei/SFM_E/ex_sea_12/6-1/images", "views": [{"key": 9, "value": {"polymorphic_id": 1073741824, "ptr_wrapper": {"id": 2147483649, "data": {"local_path": "", "filename": "104926_15025.847656.jpg", "width": 1920, "height": 1080, "id_view": 9, "id_intrinsic": 0, "id_pose": 9}}}}, {"key": 8, "value": {"polymorphic_id": 1073741824, "ptr_wrapper": {"id": 2147483650, "data": {"local_path": "", "filename": "104925_15025.748047.jpg", "width": 1920, "height": 1080, "id_view": 8, "id_intrinsic": 0, "id_pose": 8}}}}, {"key": 7, "value": {"polymorphic_id": 1073741824, "ptr_wrapper": {"id": 2147483651, "data": {"local_path": "", "filename": "104924_15025.647461.jpg", "width": 1920, "height": 1080, "id_view": 7, "id_intrinsic": 0, "id_pose": 7}}}}, {"key": 6, "value": {"polymorphic_id": 1073741824, "ptr_wrapper": {"id": 2147483652, "data": {"local_path": "", "filename": "104923_15025.547852.jpg", "width": 1920, "height": 1080, "id_view": 6, "id_intrinsic": 0, "id_pose": 6}}}}, {"key": 5, "value": {"polymorphic_id": 1073741824, "ptr_wrapper": {"id": 2147483653, "data": {"local_path": "", "filename": "104922_15025.447266.jpg", "width": 1920, "height": 1080, "id_view": 5, "id_intrinsic": 0, "id_pose": 5}}}}, {"key": 4, "value": {"polymorphic_id": 1073741824, "ptr_wrapper": {"id": 2147483654, "data": {"local_path": "", "filename": "104921_15025.347656.jpg", "width": 1920, "height": 1080, "id_view": 4, "id_intrinsic": 0, "id_pose": 4}}}}, {"key": 3, "value": {"polymorphic_id": 1073741824, "ptr_wrapper": {"id": 2147483655, "data": {"local_path": "", "filename": "104920_15025.280047.jpg", "width": 1920, "height": 1080, "id_view": 3, "id_intrinsic": 0, "id_pose": 3}}}}, {"key": 2, "value": {"polymorphic_id": 1073741824, "ptr_wrapper": {"id": 2147483656, "data": {"local_path": "", "filename": "104919_15025.248047.jpg", "width": 1920, "height": 1080, "id_view": 2, "id_intrinsic": 0, "id_pose": 2}}}}, {"key": 1, "value": {"polymorphic_id": 1073741824, "ptr_wrapper": {"id": 2147483657, "data": {"local_path": "", "filename": "104918_15025.147461.jpg", "width": 1920, "height": 1080, "id_view": 1, "id_intrinsic": 0, "id_pose": 1}}}}, {"key": 0, "value": {"polymorphic_id": 1073741824, "ptr_wrapper": {"id": 2147483658, "data": {"local_path": "", "filename": "104917_15025.047852.jpg", "width": 1920, "height": 1080, "id_view": 0, "id_intrinsic": 0, "id_pose": 0}}}}], "intrinsics": [{"key": 0, "value": {"polymorphic_id": 2147483649, "polymorphic_name": "pinhole_radial_k3", "ptr_wrapper": {"id": 2147483659, "data": {"width": 1920, "height": 1080, "focal_length": 1739.13, "principal_point": [960.0, 540.0], "disto_k3": [0.0, 0.0, 0.0]}}}}], "extrinsics": [{"key": 0, "value": {"rotation": [[0.9999989967645504, -0.0007832828611137915, 0.00118022788142907], [0.0007840281855566771, 0.9999994934565276, -0.0006311786533352662], [-0.0011797328921708773, 0.0006321033520388957, 0.9999991043374267]], "center": [0.0003830838841121495, -0.001575474650313323, 0.001526138711962598]}}, {"key": 1, "value": {"rotation": [[0.9999998789188466, 0.00019487628348840527, 0.0004518689261836405], [-0.00019498676824771373, 0.9999999511060539, 0.0002444750501096046], [-0.00045182126170082126, -0.0002445631289698592, 0.9999998680232031]], "center": [0.0009526104099030164, -0.011049238656857198, 0.0016926588659512138]}}, {"key": 2, "value": {"rotation": [[0.9999987604610633, 0.00017696552772185296, 0.001564531731561282], [-0.0001801717287137503, 0.9999978837455603, 0.0020494005339930406], [-0.0015641657473670556, -0.0020496798780679387, 0.999996676093432]], "center": [0.0016687348199679816, -0.022560558816186158, 0.001147970761187926]}}, {"key": 3, "value": {"rotation": [[0.9999972493042636, -0.0001346657919125457, 0.00234163383793375], [0.00012943661147149738, 0.9999974981595985, 0.002233141443703174], [-0.0023419287073005884, -0.00223283220786119, 0.9999947649014276]], "center": [0.0018954530820208375, -0.03259589500286346, 0.001001616006065074]}}, {"key": 4, "value": {"rotation": [[0.9999921577433731, -0.0013067070336197741, 0.0037385784037512497], [0.0013007927543255905, 0.9999978995119719, 0.0015839538676962117], [-0.0037406403145719153, -0.0015790783302243368, 0.9999917570268586]], "center": [0.002843365962105839, -0.04207390152625315, 0.0007446387277873024]}}, {"key": 5, "value": {"rotation": [[0.9999891221403981, -0.0013423324059434096, 0.004466961449066475], [0.001333090286636327, 0.999996966228001, 0.0020713293031736856], [-0.004469728309770959, -0.002065351908625744, 0.9999878778516919]], "center": [0.0029457925981191337, -0.052232679281429835, 0.0003958869308663431]}}, {"key": 6, "value": {"rotation": [[0.9999833073966012, -0.0019062240996879191, 0.005454469528329006], [0.0018936061802500668, 0.9999955216047474, 0.002317547428627503], [-0.0054588628658192055, -0.002307180125518516, 0.9999824387138408]], "center": [0.0030772001358079985, -0.062012836250707214, 0.00018888934983702114]}}, {"key": 7, "value": {"rotation": [[0.9999793081561928, -0.0018309054597446777, 0.006166931543202519], [0.0018127144874231981, 0.999993993780719, 0.002954059693910636], [-0.006172303107281377, -0.0029428196828174846, 0.9999766209700435]], "center": [0.0031742114866405626, -0.07234264972446895, -0.00023746144890742331]}}, {"key": 8, "value": {"rotation": [[0.9999722490577337, -0.0025212836645369147, 0.007010295507294705], [0.002493671566584263, 0.9999891102265823, 0.003944747186736703], [-0.007020164993407636, -0.003927156341705305, 0.9999676468399029]], "center": [0.0046383388715322766, -0.08297738720512747, -0.00031532578028291834]}}, {"key": 9, "value": {"rotation": [[0.9999660936530078, -0.0029280420806329552, 0.007696630036400444], [0.0028964354258437974, 0.9999873406897481, 0.004114501436465982], [-0.007708580035719665, -0.004092069136855488, 0.9999619156567973]], "center": [0.005427376731765626, -0.09323045586630849, -0.000404349595877718]}}], "structure": [], "control_points": []}