{"sfm_data_version": "0.3", "root_path": "/mnt/ST8000/jialei/SFM_E/ex_sea_12/6-1/images", "views": [{"key": 9, "value": {"polymorphic_id": 1073741824, "ptr_wrapper": {"id": 2147483649, "data": {"local_path": "", "filename": "104926_15025.847656.jpg", "width": 1920, "height": 1080, "id_view": 9, "id_intrinsic": 0, "id_pose": 9}}}}, {"key": 8, "value": {"polymorphic_id": 1073741824, "ptr_wrapper": {"id": 2147483650, "data": {"local_path": "", "filename": "104925_15025.748047.jpg", "width": 1920, "height": 1080, "id_view": 8, "id_intrinsic": 0, "id_pose": 8}}}}, {"key": 7, "value": {"polymorphic_id": 1073741824, "ptr_wrapper": {"id": 2147483651, "data": {"local_path": "", "filename": "104924_15025.647461.jpg", "width": 1920, "height": 1080, "id_view": 7, "id_intrinsic": 0, "id_pose": 7}}}}, {"key": 6, "value": {"polymorphic_id": 1073741824, "ptr_wrapper": {"id": 2147483652, "data": {"local_path": "", "filename": "104923_15025.547852.jpg", "width": 1920, "height": 1080, "id_view": 6, "id_intrinsic": 0, "id_pose": 6}}}}, {"key": 5, "value": {"polymorphic_id": 1073741824, "ptr_wrapper": {"id": 2147483653, "data": {"local_path": "", "filename": "104922_15025.447266.jpg", "width": 1920, "height": 1080, "id_view": 5, "id_intrinsic": 0, "id_pose": 5}}}}, {"key": 4, "value": {"polymorphic_id": 1073741824, "ptr_wrapper": {"id": 2147483654, "data": {"local_path": "", "filename": "104921_15025.347656.jpg", "width": 1920, "height": 1080, "id_view": 4, "id_intrinsic": 0, "id_pose": 4}}}}, {"key": 3, "value": {"polymorphic_id": 1073741824, "ptr_wrapper": {"id": 2147483655, "data": {"local_path": "", "filename": "104920_15025.280047.jpg", "width": 1920, "height": 1080, "id_view": 3, "id_intrinsic": 0, "id_pose": 3}}}}, {"key": 2, "value": {"polymorphic_id": 1073741824, "ptr_wrapper": {"id": 2147483656, "data": {"local_path": "", "filename": "104919_15025.248047.jpg", "width": 1920, "height": 1080, "id_view": 2, "id_intrinsic": 0, "id_pose": 2}}}}, {"key": 1, "value": {"polymorphic_id": 1073741824, "ptr_wrapper": {"id": 2147483657, "data": {"local_path": "", "filename": "104918_15025.147461.jpg", "width": 1920, "height": 1080, "id_view": 1, "id_intrinsic": 0, "id_pose": 1}}}}, {"key": 0, "value": {"polymorphic_id": 1073741824, "ptr_wrapper": {"id": 2147483658, "data": {"local_path": "", "filename": "104917_15025.047852.jpg", "width": 1920, "height": 1080, "id_view": 0, "id_intrinsic": 0, "id_pose": 0}}}}], "intrinsics": [{"key": 0, "value": {"polymorphic_id": 2147483649, "polymorphic_name": "pinhole_radial_k3", "ptr_wrapper": {"id": 2147483659, "data": {"width": 1920, "height": 1080, "focal_length": 1739.13, "principal_point": [960.0, 540.0], "disto_k3": [0.0, 0.0, 0.0]}}}}], "extrinsics": [{"key": 0, "value": {"rotation": [[0.9999999628153574, 0.00015093882831895307, 0.0002271271761739069], [-0.00015095889356058439, 0.9999999847046919, 8.832909065831973e-05], [-0.00022711384041047624, -8.836337424104685e-05, 0.9999999703056083]], "center": [102655.28827494163, -59731.174787982156, 609.3316322643717]}}, {"key": 1, "value": {"rotation": [[0.9999992367127686, 0.001129622072139604, -0.0005005275765014505], [-0.0011291387214242975, 0.9999988969917415, 0.0009649150469760529], [0.0005016170137501924, -0.0009643491454009464, 0.9999994092053741]], "center": [102655.67440945293, -59737.49760915269, 609.4378568809394]}}, {"key": 2, "value": {"rotation": [[0.9999991955922639, 0.0011109098736600113, 0.0006121226005658744], [-0.0011126012912905444, 0.9999955450877535, 0.0027698236429697346], [-0.0006090428491801456, -0.0027705024632979493, 0.9999959766833608]], "center": [102656.15920634408, -59745.179928271275, 609.0683254025215]}}, {"key": 3, "value": {"rotation": [[0.9999987163616029, 0.0007987183387358998, 0.0013890011384082948], [-0.000802817723054245, 0.9999953168313114, 0.0029532692306509004], [-0.001386635803187926, -0.002954380554452337, 0.9999946744241635]], "center": [102656.31669073828, -59751.8776246127, 608.965675165998]}}, {"key": 4, "value": {"rotation": [[0.9999960515240548, -0.00037433175964067685, 0.0027851053900892044], [0.00036791818953496927, 0.9999972804867168, 0.0023029666469570544], [-0.002785959889515453, -0.0023019328628157876, 0.9999934697449723]], "center": [102656.95510571277, -59758.20283789386, 608.7890012969601]}}, {"key": 5, "value": {"rotation": [[0.9999937435132308, -0.00041048391806928624, 0.003513465148222704], [0.00040068113600710576, 0.9999960268036406, 0.002790310298127765], [-0.0035145965660395967, -0.0027888850613813376, 0.9999899348148921]], "center": [102657.02958208733, -59764.982903526325, 608.5512844056]}}, {"key": 6, "value": {"rotation": [[0.999989396968737, -0.0009750910341494139, 0.0045005719165871465], [0.0009614325775760795, 0.9999949291831975, 0.0030359932955851122], [-0.004503509464853742, -0.003031634108394889, 0.9999852636899869]], "center": [102657.12325531138, -59771.5103153676, 608.4083424497445]}}, {"key": 7, "value": {"rotation": [[0.9999860064808168, -0.0009002887055760605, 0.0052130914814525866], [0.000881149113914182, 0.9999928678368689, 0.003672581058885889], [-0.0052163606840813625, -0.0036679361556127047, 0.9999796677060847]], "center": [102657.19417464595, -59778.40450189548, 608.1187546966746]}}, {"key": 8, "value": {"rotation": [[0.9999803963703568, -0.0015912797161813875, 0.006055964320246049], [0.0015630544822829843, 0.9999879083646968, 0.004662615691324651], [-0.006063310619507991, -0.004653058484958102, 0.9999707922289863]], "center": [102658.17796315317, -59785.501518677156, 608.0607423512998]}}, {"key": 9, "value": {"rotation": [[0.9999752752607431, -0.001998537329159172, 0.0067420112536427795], [0.001965981447532984, 0.9999863933268758, 0.004831984898154636], [-0.006751576419492302, -0.0048186107595441785, 0.9999655980113512]], "center": [102658.71093003084, -59792.34421330175, 607.9958944725944]}}], "structure": [], "control_points": []}