{"sfm_data_version": "0.3", "root_path": "/mnt/ST8000/jialei/SFM_E/ex_sea_12/6-5/images", "views": [{"key": 9, "value": {"polymorphic_id": 1073741824, "ptr_wrapper": {"id": 2147483649, "data": {"local_path": "", "filename": "128880_17395.546875.jpg", "width": 1920, "height": 1080, "id_view": 9, "id_intrinsic": 0, "id_pose": 9}}}}, {"key": 8, "value": {"polymorphic_id": 1073741824, "ptr_wrapper": {"id": 2147483650, "data": {"local_path": "", "filename": "128879_17395.479266.jpg", "width": 1920, "height": 1080, "id_view": 8, "id_intrinsic": 0, "id_pose": 8}}}}, {"key": 7, "value": {"polymorphic_id": 1073741824, "ptr_wrapper": {"id": 2147483651, "data": {"local_path": "", "filename": "128878_17395.379656.jpg", "width": 1920, "height": 1080, "id_view": 7, "id_intrinsic": 0, "id_pose": 7}}}}, {"key": 6, "value": {"polymorphic_id": 1073741824, "ptr_wrapper": {"id": 2147483652, "data": {"local_path": "", "filename": "128877_17395.280047.jpg", "width": 1920, "height": 1080, "id_view": 6, "id_intrinsic": 0, "id_pose": 6}}}}, {"key": 5, "value": {"polymorphic_id": 1073741824, "ptr_wrapper": {"id": 2147483653, "data": {"local_path": "", "filename": "128876_17395.180437.jpg", "width": 1920, "height": 1080, "id_view": 5, "id_intrinsic": 0, "id_pose": 5}}}}, {"key": 4, "value": {"polymorphic_id": 1073741824, "ptr_wrapper": {"id": 2147483654, "data": {"local_path": "", "filename": "128875_17395.078875.jpg", "width": 1920, "height": 1080, "id_view": 4, "id_intrinsic": 0, "id_pose": 4}}}}, {"key": 3, "value": {"polymorphic_id": 1073741824, "ptr_wrapper": {"id": 2147483655, "data": {"local_path": "", "filename": "128874_17394.979266.jpg", "width": 1920, "height": 1080, "id_view": 3, "id_intrinsic": 0, "id_pose": 3}}}}, {"key": 2, "value": {"polymorphic_id": 1073741824, "ptr_wrapper": {"id": 2147483656, "data": {"local_path": "", "filename": "128873_17394.879656.jpg", "width": 1920, "height": 1080, "id_view": 2, "id_intrinsic": 0, "id_pose": 2}}}}, {"key": 1, "value": {"polymorphic_id": 1073741824, "ptr_wrapper": {"id": 2147483657, "data": {"local_path": "", "filename": "128872_17394.780047.jpg", "width": 1920, "height": 1080, "id_view": 1, "id_intrinsic": 0, "id_pose": 1}}}}, {"key": 0, "value": {"polymorphic_id": 1073741824, "ptr_wrapper": {"id": 2147483658, "data": {"local_path": "", "filename": "128871_17394.680437.jpg", "width": 1920, "height": 1080, "id_view": 0, "id_intrinsic": 0, "id_pose": 0}}}}], "intrinsics": [{"key": 0, "value": {"polymorphic_id": 2147483649, "polymorphic_name": "pinhole_radial_k3", "ptr_wrapper": {"id": 2147483659, "data": {"width": 1920, "height": 1080, "focal_length": 1739.13, "principal_point": [960.0, 540.0], "disto_k3": [0.0, 0.0, 0.0]}}}}], "extrinsics": [{"key": 0, "value": {"rotation": [[0.999999999913218, 6.531529927885113e-06, 1.1441265798947423e-05], [-6.531657344518495e-06, 0.999999999916657, 1.1136583394421108e-05], [-1.144119305906602e-05, -1.1136658123882388e-05, 0.999999999872537]], "center": [102655.28827441431, -59731.17478746818, 609.3316321520253]}}, {"key": 1, "value": {"rotation": [[0.9999984736574902, 0.000686975563308205, -0.0016064704369995186], [-0.0006882580622008692, 0.9999994448146442, -0.0007979168146438802], [0.0016059213957574316, 0.0007990212629794353, 0.999998391289452]], "center": [102655.20445044895, -59738.55915236788, 609.308964097229]}}, {"key": 2, "value": {"rotation": [[0.9999994299257453, 8.500263753654519e-05, -0.0010643884328429547], [-8.545379240557895e-05, 0.999999906535136, -0.00042382469113405477], [0.0010643523071434285, 0.0004239154055506569, 0.9999993437247322]], "center": [102655.6421345512, -59745.4869236071, 609.6048480513408]}}, {"key": 3, "value": {"rotation": [[0.9999998478651182, -0.0001696462224160055, -0.0005248713168350065], [0.00016977735489243073, 0.9999999543870755, 0.00024980291588208223], [0.000524828914773034, -0.0002498919891422346, 0.9999998310542877]], "center": [102655.8720412362, -59750.344671284234, 609.7011584403143]}}, {"key": 4, "value": {"rotation": [[0.9999995020932497, -0.0008582615782231564, -0.0005091171922447383], [0.0008588397358509764, 0.9999989854048358, 0.0011364785997352044], [0.0005081412797802353, -0.0011369152839497741, 0.9999992246077379]], "center": [102657.27266139374, -59757.70273518671, 610.4945493715262]}}, {"key": 5, "value": {"rotation": [[0.9999983929459235, -0.0014334350506032946, 0.0010767402309822612], [0.0014304224142791724, 0.9999950751080859, 0.002793501618191019], [-0.0010807392312864761, -0.0027919569355221493, 0.9999955184795503]], "center": [102657.25636142044, -59765.409285949696, 610.49236986979]}}, {"key": 6, "value": {"rotation": [[0.9999968165328461, -0.001850654641860218, -0.0017152263898502949], [0.001850679308049217, 0.9999982874097443, 1.279366119121891e-05], [0.0017151997757217923, -1.596795445138361e-05, 0.999998528916295]], "center": [102658.91630838178, -59770.70490264561, 612.8147829413489]}}, {"key": 7, "value": {"rotation": [[0.9999961162569063, -0.0022614625864011673, -0.0016288824614697965], [0.0022640438191571495, 0.9999961816177306, 0.0015845679360618203], [0.0016252928006708408, -0.0015882496432761042, 0.9999974179398581]], "center": [102660.06050316882, -59778.42411854987, 613.4928634572201]}}, {"key": 8, "value": {"rotation": [[0.9999959177453532, -0.002649154285179081, -0.0010707353552685604], [0.002651685044458587, 0.9999936779382728, 0.0023691031871939036], [0.0010644524661531348, -0.002371932768839559, 0.9999966204322331]], "center": [102659.97183109215, -59785.5102589519, 613.6620808335273]}}, {"key": 9, "value": {"rotation": [[0.9999935610809262, -0.0032113829356391847, -0.0016015043952410579], [0.00321533674566801, 0.9999917744477307, 0.002472376688855148], [0.0015935514736738342, -0.0024775101453520963, 0.9999956612591782]], "center": [102660.97659025874, -59792.312013680945, 614.5349494537771]}}], "structure": [], "control_points": []}