{"sfm_data_version": "0.3", "root_path": "/mnt/ST8000/jialei/SFM_E/ex_sea_12/6-5/images", "views": [{"key": 9, "value": {"polymorphic_id": 1073741824, "ptr_wrapper": {"id": 2147483649, "data": {"local_path": "", "filename": "128880_17395.546875.jpg", "width": 1920, "height": 1080, "id_view": 9, "id_intrinsic": 0, "id_pose": 9}}}}, {"key": 8, "value": {"polymorphic_id": 1073741824, "ptr_wrapper": {"id": 2147483650, "data": {"local_path": "", "filename": "128879_17395.479266.jpg", "width": 1920, "height": 1080, "id_view": 8, "id_intrinsic": 0, "id_pose": 8}}}}, {"key": 7, "value": {"polymorphic_id": 1073741824, "ptr_wrapper": {"id": 2147483651, "data": {"local_path": "", "filename": "128878_17395.379656.jpg", "width": 1920, "height": 1080, "id_view": 7, "id_intrinsic": 0, "id_pose": 7}}}}, {"key": 6, "value": {"polymorphic_id": 1073741824, "ptr_wrapper": {"id": 2147483652, "data": {"local_path": "", "filename": "128877_17395.280047.jpg", "width": 1920, "height": 1080, "id_view": 6, "id_intrinsic": 0, "id_pose": 6}}}}, {"key": 5, "value": {"polymorphic_id": 1073741824, "ptr_wrapper": {"id": 2147483653, "data": {"local_path": "", "filename": "128876_17395.180437.jpg", "width": 1920, "height": 1080, "id_view": 5, "id_intrinsic": 0, "id_pose": 5}}}}, {"key": 4, "value": {"polymorphic_id": 1073741824, "ptr_wrapper": {"id": 2147483654, "data": {"local_path": "", "filename": "128875_17395.078875.jpg", "width": 1920, "height": 1080, "id_view": 4, "id_intrinsic": 0, "id_pose": 4}}}}, {"key": 3, "value": {"polymorphic_id": 1073741824, "ptr_wrapper": {"id": 2147483655, "data": {"local_path": "", "filename": "128874_17394.979266.jpg", "width": 1920, "height": 1080, "id_view": 3, "id_intrinsic": 0, "id_pose": 3}}}}, {"key": 2, "value": {"polymorphic_id": 1073741824, "ptr_wrapper": {"id": 2147483656, "data": {"local_path": "", "filename": "128873_17394.879656.jpg", "width": 1920, "height": 1080, "id_view": 2, "id_intrinsic": 0, "id_pose": 2}}}}, {"key": 1, "value": {"polymorphic_id": 1073741824, "ptr_wrapper": {"id": 2147483657, "data": {"local_path": "", "filename": "128872_17394.780047.jpg", "width": 1920, "height": 1080, "id_view": 1, "id_intrinsic": 0, "id_pose": 1}}}}, {"key": 0, "value": {"polymorphic_id": 1073741824, "ptr_wrapper": {"id": 2147483658, "data": {"local_path": "", "filename": "128871_17394.680437.jpg", "width": 1920, "height": 1080, "id_view": 0, "id_intrinsic": 0, "id_pose": 0}}}}], "intrinsics": [{"key": 0, "value": {"polymorphic_id": 2147483649, "polymorphic_name": "pinhole_radial_k3", "ptr_wrapper": {"id": 2147483659, "data": {"width": 1920, "height": 1080, "focal_length": 1739.13, "principal_point": [960.0, 540.0], "disto_k3": [0.0, 0.0, 0.0]}}}}], "extrinsics": [{"key": 0, "value": {"rotation": [[0.9999999236728424, -0.00030725986862453563, 0.0002413414229189413], [0.0003072952502200577, 0.99999994204189, -0.00014658050949850076], [-0.00024129637062313703, 0.00014665466138340455, 0.9999999601342351]], "center": [8.098870015988315e-05, -0.0003825534920918126, 0.00032676883657086105]}}, {"key": 1, "value": {"rotation": [[0.9999989828403468, 0.00037292931510082405, -0.0013766778845211462], [-0.000374245314978453, 0.999999473202326, -0.0009557905182553682], [0.0013763207169870933, 0.0009563047613123219, 0.9999985956102576]], "center": [-5.757428365030466e-05, -0.012261376320007606, 0.000292146347737293]}}, {"key": 2, "value": {"rotation": [[0.999999625593226, -0.00022895833972248834, -0.000834500741069401], [0.00022847306840558695, 0.9999998047940528, -0.0005815598966873405], [0.0008346337311583019, 0.0005813690180024777, 0.999999482698166]], "center": [0.0006428994523959081, -0.02340588209919771, 0.0007700396214770553]}}, {"key": 3, "value": {"rotation": [[0.999999839607334, -0.000483522185934117, -0.0002949433878492906], [0.00048354937697057336, 0.9999998788463601, 9.212635454558255e-05], [0.00029489880697948484, -9.226895946065228e-05, 0.9999999522605653]], "center": [0.0010102508555598659, -0.0312203900276359, 0.0009262868244429624]}}, {"key": 4, "value": {"rotation": [[0.9999992741065896, -0.0011721349049579912, -0.000279080737986959], [0.0011724075978006203, 0.9999988335476304, 0.000978960573021996], [0.0002779329385943382, -0.0009792870587785807, 0.9999994818749349]], "center": [0.003259350574995744, -0.04305744594005727, 0.0022049600608921287]}}, {"key": 5, "value": {"rotation": [[0.9999976199409647, -0.0017470577649768239, 0.0013068670824364136], [0.001743608136286013, 0.9999950053502605, 0.0026361155513300407], [-0.0013114660012364286, -0.002633830613141437, 0.9999956714872467]], "center": [0.003229239838211568, -0.05545458197597308, 0.0022034031998475635]}}, {"key": 6, "value": {"rotation": [[0.9999965543304327, -0.002164717373902906, -0.0014850339902729782], [0.0021645051567792755, 0.9999976470163712, -0.0001444961866702951], [0.0014853432894180482, 0.00014128132505422786, 0.9999988868968306]], "center": [0.005895981494800569, -0.06397362476801201, 0.005941310767444608]}}, {"key": 7, "value": {"rotation": [[0.9999957052846102, -0.0025755114493504006, -0.0013986254354247597], [0.0025775077007892336, 0.9999956595202061, 0.0014273733922225615], [0.0013949431482051396, -0.0014309722298904185, 0.999998003224052]], "center": [0.007732442831775689, -0.07639154771622311, 0.007034486681312898]}}, {"key": 8, "value": {"rotation": [[0.9999952568129412, -0.0029631149931591523, -0.0008404172515282726], [0.0029649677842850074, 0.9999931579917561, 0.002211998126911553], [0.000833857096571808, -0.00221447944506678, 0.9999972003776462]], "center": [0.007586160539729143, -0.08779058052140644, 0.007308463263543987]}}, {"key": 9, "value": {"rotation": [[0.9999928457029321, -0.003525426618276095, -0.0013710981404489167], [0.003528595107888701, 0.9999910939265497, 0.002315401508964834], [0.0013629231512364399, -0.0023202229940853976, 0.999996379496317]], "center": [0.00919870990377172, -0.0987325096248439, 0.008714700753627366]}}], "structure": [], "control_points": []}