{"sfm_data_version": "0.3", "root_path": "/mnt/ST8000/jialei/SFM_E/ex_sea_12/1-2/images", "views": [{"key": 9, "value": {"polymorphic_id": 1073741824, "ptr_wrapper": {"id": 2147483649, "data": {"local_path": "", "filename": "038735_11734.566406.jpg", "width": 1920, "height": 1080, "id_view": 9, "id_intrinsic": 0, "id_pose": 9}}}}, {"key": 8, "value": {"polymorphic_id": 1073741824, "ptr_wrapper": {"id": 2147483650, "data": {"local_path": "", "filename": "038734_11734.465820.jpg", "width": 1920, "height": 1080, "id_view": 8, "id_intrinsic": 0, "id_pose": 8}}}}, {"key": 7, "value": {"polymorphic_id": 1073741824, "ptr_wrapper": {"id": 2147483651, "data": {"local_path": "", "filename": "038733_11734.399211.jpg", "width": 1920, "height": 1080, "id_view": 7, "id_intrinsic": 0, "id_pose": 7}}}}, {"key": 6, "value": {"polymorphic_id": 1073741824, "ptr_wrapper": {"id": 2147483652, "data": {"local_path": "", "filename": "038732_11734.299602.jpg", "width": 1920, "height": 1080, "id_view": 6, "id_intrinsic": 0, "id_pose": 6}}}}, {"key": 5, "value": {"polymorphic_id": 1073741824, "ptr_wrapper": {"id": 2147483653, "data": {"local_path": "", "filename": "038731_11734.198016.jpg", "width": 1920, "height": 1080, "id_view": 5, "id_intrinsic": 0, "id_pose": 5}}}}, {"key": 4, "value": {"polymorphic_id": 1073741824, "ptr_wrapper": {"id": 2147483654, "data": {"local_path": "", "filename": "038730_11734.100406.jpg", "width": 1920, "height": 1080, "id_view": 4, "id_intrinsic": 0, "id_pose": 4}}}}, {"key": 3, "value": {"polymorphic_id": 1073741824, "ptr_wrapper": {"id": 2147483655, "data": {"local_path": "", "filename": "038729_11733.998820.jpg", "width": 1920, "height": 1080, "id_view": 3, "id_intrinsic": 0, "id_pose": 3}}}}, {"key": 2, "value": {"polymorphic_id": 1073741824, "ptr_wrapper": {"id": 2147483656, "data": {"local_path": "", "filename": "038728_11733.899211.jpg", "width": 1920, "height": 1080, "id_view": 2, "id_intrinsic": 0, "id_pose": 2}}}}, {"key": 1, "value": {"polymorphic_id": 1073741824, "ptr_wrapper": {"id": 2147483657, "data": {"local_path": "", "filename": "038727_11733.798602.jpg", "width": 1920, "height": 1080, "id_view": 1, "id_intrinsic": 0, "id_pose": 1}}}}, {"key": 0, "value": {"polymorphic_id": 1073741824, "ptr_wrapper": {"id": 2147483658, "data": {"local_path": "", "filename": "038726_11733.699016.jpg", "width": 1920, "height": 1080, "id_view": 0, "id_intrinsic": 0, "id_pose": 0}}}}], "intrinsics": [{"key": 0, "value": {"polymorphic_id": 2147483649, "polymorphic_name": "pinhole_radial_k3", "ptr_wrapper": {"id": 2147483659, "data": {"width": 1920, "height": 1080, "focal_length": 1739.13, "principal_point": [960.0, 540.0], "disto_k3": [0.0, 0.0, 0.0]}}}}], "extrinsics": [{"key": 0, "value": {"rotation": [[0.9999992320188198, -0.0012378487891670953, -6.0763031139526885e-05], [0.0012378527953731306, 0.9999992316859994, 6.593836523855546e-05], [6.0681362728874854e-05, -6.601353028707804e-05, 0.999999995979993]], "center": [-0.0003044795015087173, -0.0009303330261498505, 0.000447757446297417]}}, {"key": 1, "value": {"rotation": [[0.9999998752824549, 7.735189078672884e-05, 0.0004934083092625594], [-7.780310107620158e-05, 0.9999995787972401, 0.000914522837290796], [-0.0004933373613669918, -0.000914561111930307, 0.9999994600979645]], "center": [-0.00010999888774741601, -0.010967172690151598, 0.0020008699130755294]}}, {"key": 2, "value": {"rotation": [[0.999999506979406, -0.0008186500803756565, 0.0005620079989644485], [0.0008179148887980944, 0.9999988112029518, 0.0013071372987456212], [-0.0005630774189056918, -0.001306676979590036, 0.9999989877690335]], "center": [-5.881124384590566e-06, -0.022051689759933834, 0.002826413210481724]}}, {"key": 3, "value": {"rotation": [[0.9999940235712219, -0.002376600999926794, 0.0025108941686400417], [0.002373906114094844, 0.9999966036998141, 0.0010757130651203933], [-0.0025134421816359136, -0.0010697460091790962, 0.9999962691189782]], "center": [-0.0017479473383856347, -0.03230762384063651, 0.002141866266564357]}}, {"key": 4, "value": {"rotation": [[0.999990776878924, -0.003326213072081531, 0.0027170689511674846], [0.003323289327820438, 0.9999938947930369, 0.0010798725370726903], [-0.0027206442490481965, -0.0010708329710291571, 0.9999957256966747]], "center": [-0.0010527238180066969, -0.04290352775036185, 0.0031037784561740917]}}, {"key": 5, "value": {"rotation": [[0.9999857582478104, -0.004652519484110682, 0.0026148353679703103], [0.0046523239237013705, 0.9999891746127723, 8.086640225968428e-05], [-0.0026151832938770864, -6.870018944145736e-05, 0.9999965780424572]], "center": [-0.0005389996060751201, -0.052558577095786145, 0.004658729413809711]}}, {"key": 6, "value": {"rotation": [[0.999978831483817, -0.005919596365510663, 0.002700918941630349], [0.005919131862380125, 0.9999824655959072, 0.0001799408960022957], [-0.0027019367601002287, -0.00016394999155540675, 0.9999963363223615]], "center": [0.00024363030024703838, -0.0635465821256257, 0.005866017213864147]}}, {"key": 7, "value": {"rotation": [[0.9999653568820103, -0.007704117843313252, 0.0031514447623685296], [0.007703848342444131, 0.9999703201524426, 9.764700835324133e-05], [-0.0031521035120278353, -7.336537304748968e-05, 0.9999950294181328]], "center": [0.0001228378053745096, -0.0746689103713901, 0.006799128137174341]}}, {"key": 8, "value": {"rotation": [[0.9999590005746226, -0.008195345781646437, 0.0038514253622815827], [0.008194114431768694, 0.9999663714377099, 0.00033538392757948303], [-0.0038540444316400523, -0.00030381115688718035, 0.9999925269922273]], "center": [-0.0010945336200627114, -0.08520417264849446, 0.006846524789897012]}}, {"key": 9, "value": {"rotation": [[0.9999444247912226, -0.009515126707805478, 0.004539789938473892], [0.009514709858632996, 0.999954727692402, 0.00011341040513564672], [-0.004540663526082256, -7.020931824491141e-05, 0.9999896886695357]], "center": [-0.0009244473144570879, -0.09596763681641836, 0.0074426267296446354]}}], "structure": [], "control_points": []}