{"sfm_data_version": "0.3", "root_path": "/mnt/ST8000/jialei/SFM_E/ex_sea_12/1-2/images", "views": [{"key": 9, "value": {"polymorphic_id": 1073741824, "ptr_wrapper": {"id": 2147483649, "data": {"local_path": "", "filename": "038735_11734.566406.jpg", "width": 1920, "height": 1080, "id_view": 9, "id_intrinsic": 0, "id_pose": 9}}}}, {"key": 8, "value": {"polymorphic_id": 1073741824, "ptr_wrapper": {"id": 2147483650, "data": {"local_path": "", "filename": "038734_11734.465820.jpg", "width": 1920, "height": 1080, "id_view": 8, "id_intrinsic": 0, "id_pose": 8}}}}, {"key": 7, "value": {"polymorphic_id": 1073741824, "ptr_wrapper": {"id": 2147483651, "data": {"local_path": "", "filename": "038733_11734.399211.jpg", "width": 1920, "height": 1080, "id_view": 7, "id_intrinsic": 0, "id_pose": 7}}}}, {"key": 6, "value": {"polymorphic_id": 1073741824, "ptr_wrapper": {"id": 2147483652, "data": {"local_path": "", "filename": "038732_11734.299602.jpg", "width": 1920, "height": 1080, "id_view": 6, "id_intrinsic": 0, "id_pose": 6}}}}, {"key": 5, "value": {"polymorphic_id": 1073741824, "ptr_wrapper": {"id": 2147483653, "data": {"local_path": "", "filename": "038731_11734.198016.jpg", "width": 1920, "height": 1080, "id_view": 5, "id_intrinsic": 0, "id_pose": 5}}}}, {"key": 4, "value": {"polymorphic_id": 1073741824, "ptr_wrapper": {"id": 2147483654, "data": {"local_path": "", "filename": "038730_11734.100406.jpg", "width": 1920, "height": 1080, "id_view": 4, "id_intrinsic": 0, "id_pose": 4}}}}, {"key": 3, "value": {"polymorphic_id": 1073741824, "ptr_wrapper": {"id": 2147483655, "data": {"local_path": "", "filename": "038729_11733.998820.jpg", "width": 1920, "height": 1080, "id_view": 3, "id_intrinsic": 0, "id_pose": 3}}}}, {"key": 2, "value": {"polymorphic_id": 1073741824, "ptr_wrapper": {"id": 2147483656, "data": {"local_path": "", "filename": "038728_11733.899211.jpg", "width": 1920, "height": 1080, "id_view": 2, "id_intrinsic": 0, "id_pose": 2}}}}, {"key": 1, "value": {"polymorphic_id": 1073741824, "ptr_wrapper": {"id": 2147483657, "data": {"local_path": "", "filename": "038727_11733.798602.jpg", "width": 1920, "height": 1080, "id_view": 1, "id_intrinsic": 0, "id_pose": 1}}}}, {"key": 0, "value": {"polymorphic_id": 1073741824, "ptr_wrapper": {"id": 2147483658, "data": {"local_path": "", "filename": "038726_11733.699016.jpg", "width": 1920, "height": 1080, "id_view": 0, "id_intrinsic": 0, "id_pose": 0}}}}], "intrinsics": [{"key": 0, "value": {"polymorphic_id": 2147483649, "polymorphic_name": "pinhole_radial_k3", "ptr_wrapper": {"id": 2147483659, "data": {"width": 1920, "height": 1080, "focal_length": 1739.13, "principal_point": [960.0, 540.0], "disto_k3": [0.0, 0.0, 0.0]}}}}], "extrinsics": [{"key": 0, "value": {"rotation": [[0.9999999967837544, -6.294277461316202e-05, 4.970612092468989e-05], [6.293925630743292e-05, 0.9999999955143828, 7.078053475881188e-05], [-4.971057582497358e-05, -7.077740606487938e-05, 0.9999999962597086]], "center": [102655.28827442219, -59731.17478747587, 609.3316321121471]}}, {"key": 1, "value": {"rotation": [[0.9999990335903759, 0.0012522550738070092, 0.0006038837175772592], [-0.0012528098745334846, 0.9999987927505922, 0.0009192196560909925], [-0.0006027318910607276, -0.000919975319232723, 0.9999993951796567]], "center": [102655.41763890343, -59737.47451177973, 610.3064648912123]}}, {"key": 2, "value": {"rotation": [[0.9999997104277698, 0.0003562529566617586, 0.00067247915010437], [-0.0003571349784063539, 0.9999990756426913, 0.00131193306603343], [-0.0006720111484596551, -0.0013121728519608015, 0.999998913301121]], "center": [102655.49110804337, -59744.43190035225, 610.8246117676416]}}, {"key": 3, "value": {"rotation": [[0.9999958421773517, -0.0012017127533442663, 0.0026213573712696838], [0.0011988833223655012, 0.9999986974031302, 0.0010806807216615089], [-0.002622652624503301, -0.001077533526748361, 0.999995980299276]], "center": [102654.40526922375, -59750.870565850055, 610.394788085228]}}, {"key": 4, "value": {"rotation": [[0.9999936884165003, -0.002151328981520899, 0.002827527325532932], [0.0021482685982484122, 0.9999971039139253, 0.0010849450640104065], [-0.0028298532105299865, -0.0010788639281249061, 0.9999954139812003]], "center": [102654.84939027177, -59757.52082915799, 610.9985726561282]}}, {"key": 5, "value": {"rotation": [[0.9999902393683231, -0.003477639880212344, 0.0027252869476962383], [0.0034774181741509353, 0.9999939500577426, 8.608573827255798e-05], [-0.0027255698350641586, -7.660793565966747e-05, 0.9999962826932404]], "center": [102655.17885396682, -59763.5806781931, 611.9745826735551]}}, {"key": 6, "value": {"rotation": [[0.9999847917961523, -0.004744724441586155, 0.002811363793464312], [0.004744222168506435, 0.9999887289464165, 0.0001853001505252032], [-0.0028122113045856286, -0.00017195959801004685, 0.9999960309408611]], "center": [102655.67810987218, -59770.476989454415, 612.7323881366007]}}, {"key": 7, "value": {"rotation": [[0.9999733640799043, -0.0065292626974647145, 0.00326187972591473], [0.006528960766583542, 0.9999786807829315, 0.0001032033728920602], [-0.0032624840271257235, -8.190393921941716e-05, 0.9999946747306797]], "center": [102655.61042912357, -59777.458277306316, 613.318036750673]}}, {"key": 8, "value": {"rotation": [[0.9999675075972636, -0.007020501149365425, 0.003961857307900458], [0.007019204891235224, 0.9999753069378715, 0.00034099443426073464], [-0.0039641534293295205, -0.0003131742663382206, 0.999992093673479]], "center": [102654.85408280448, -59784.071885123354, 613.3476708852396]}}, {"key": 9, "value": {"rotation": [[0.9999544063996713, -0.008340301618157157, 0.004650214059498153], [0.008339837600167167, 0.9999652158490754, 0.00011916675124570742], [-0.004651046192398766, -8.037928794218336e-05, 0.9999891805957135]], "center": [102654.96873782702, -59790.82770780056, 613.7218088176338]}}], "structure": [], "control_points": []}