{"sfm_data_version": "0.3", "root_path": "/mnt/ST8000/jialei/SFM_E/ex_sea_12/1-2/images", "views": [{"key": 9, "value": {"polymorphic_id": 1073741824, "ptr_wrapper": {"id": 2147483649, "data": {"local_path": "", "filename": "038735_11734.566406.jpg", "width": 1920, "height": 1080, "id_view": 9, "id_intrinsic": 0, "id_pose": 9}}}}, {"key": 8, "value": {"polymorphic_id": 1073741824, "ptr_wrapper": {"id": 2147483650, "data": {"local_path": "", "filename": "038734_11734.465820.jpg", "width": 1920, "height": 1080, "id_view": 8, "id_intrinsic": 0, "id_pose": 8}}}}, {"key": 7, "value": {"polymorphic_id": 1073741824, "ptr_wrapper": {"id": 2147483651, "data": {"local_path": "", "filename": "038733_11734.399211.jpg", "width": 1920, "height": 1080, "id_view": 7, "id_intrinsic": 0, "id_pose": 7}}}}, {"key": 6, "value": {"polymorphic_id": 1073741824, "ptr_wrapper": {"id": 2147483652, "data": {"local_path": "", "filename": "038732_11734.299602.jpg", "width": 1920, "height": 1080, "id_view": 6, "id_intrinsic": 0, "id_pose": 6}}}}, {"key": 5, "value": {"polymorphic_id": 1073741824, "ptr_wrapper": {"id": 2147483653, "data": {"local_path": "", "filename": "038731_11734.198016.jpg", "width": 1920, "height": 1080, "id_view": 5, "id_intrinsic": 0, "id_pose": 5}}}}, {"key": 4, "value": {"polymorphic_id": 1073741824, "ptr_wrapper": {"id": 2147483654, "data": {"local_path": "", "filename": "038730_11734.100406.jpg", "width": 1920, "height": 1080, "id_view": 4, "id_intrinsic": 0, "id_pose": 4}}}}, {"key": 3, "value": {"polymorphic_id": 1073741824, "ptr_wrapper": {"id": 2147483655, "data": {"local_path": "", "filename": "038729_11733.998820.jpg", "width": 1920, "height": 1080, "id_view": 3, "id_intrinsic": 0, "id_pose": 3}}}}, {"key": 2, "value": {"polymorphic_id": 1073741824, "ptr_wrapper": {"id": 2147483656, "data": {"local_path": "", "filename": "038728_11733.899211.jpg", "width": 1920, "height": 1080, "id_view": 2, "id_intrinsic": 0, "id_pose": 2}}}}, {"key": 1, "value": {"polymorphic_id": 1073741824, "ptr_wrapper": {"id": 2147483657, "data": {"local_path": "", "filename": "038727_11733.798602.jpg", "width": 1920, "height": 1080, "id_view": 1, "id_intrinsic": 0, "id_pose": 1}}}}, {"key": 0, "value": {"polymorphic_id": 1073741824, "ptr_wrapper": {"id": 2147483658, "data": {"local_path": "", "filename": "038726_11733.699016.jpg", "width": 1920, "height": 1080, "id_view": 0, "id_intrinsic": 0, "id_pose": 0}}}}], "intrinsics": [{"key": 0, "value": {"polymorphic_id": 2147483649, "polymorphic_name": "pinhole_radial_k3", "ptr_wrapper": {"id": 2147483659, "data": {"width": 1920, "height": 1080, "focal_length": 1739.13, "principal_point": [960.0, 540.0], "disto_k3": [0.0, 0.0, 0.0]}}}}], "extrinsics": [{"key": 0, "value": {"rotation": [[0.9999999834518192, -0.0001777087302302697, 3.8935446858135156e-05], [0.00017770627956472412, 0.9999999822297575, 6.293618108423906e-05], [-3.89466304750688e-05, -6.292926096935543e-05, 0.999999997261534]], "center": [102655.2882744068, -59731.17478747045, 609.3316321161112]}}, {"key": 1, "value": {"rotation": [[0.9999991624264118, 0.0011410323189243506, 0.0006108941989241553], [-0.0011416122604043974, 0.9999988972748602, 0.000949826568631813], [-0.0006098097424635794, -0.0009505231773894665, 0.9999993623186803]], "center": [102655.43244257398, -59737.33305518616, 610.3213709525187]}}, {"key": 2, "value": {"rotation": [[0.9999997419321144, 0.0002444925580626233, 0.0006755435547185032], [-0.0002454029474179357, 0.9999990614903538, 0.001347885679514087], [-0.0006752133726965954, -0.0013480511120475375, 0.9999988634219042]], "center": [102655.50553447541, -59744.17137564559, 610.8425581947378]}}, {"key": 3, "value": {"rotation": [[0.9999956624941564, -0.0013047367968522035, 0.002640578490592684], [0.001301780487471744, 0.9999985243867783, 0.0011209780677200987], [-0.002642037175453587, -0.001117535751916486, 0.9999958853682381]], "center": [102654.36257328029, -59750.48745587351, 610.4137290721646]}}, {"key": 4, "value": {"rotation": [[0.9999934203468764, -0.0022549123006044202, 0.0028415899550615813], [0.0022517325520658316, 0.9999968357328737, 0.001121706179729042], [-0.0028441103125742455, -0.0011153002986900116, 0.9999953335599988]], "center": [102654.79843818958, -59757.01554411635, 611.0221976757371]}}, {"key": 5, "value": {"rotation": [[0.9999898629086408, -0.0035842073790480675, 0.0027253508806472284], [0.0035840142694412943, 0.9999935745321409, 7.573735881640118e-05], [-0.002725604827393113, -6.596889461437203e-05, 0.9999962833563081]], "center": [102655.13132909055, -59762.933280174715, 612.0145050097079]}}, {"key": 6, "value": {"rotation": [[0.9999842649078838, -0.004851845955343536, 0.002815941665851684], [0.004851364909448361, 0.9999882162827334, 0.00017763499650111454], [-0.0028167703412305903, -0.00016397104081328936, 0.9999960194512488]], "center": [102655.61756751598, -59769.7114149139, 612.7711227569691]}}, {"key": 7, "value": {"rotation": [[0.9999726322671038, -0.006637572809429486, 0.0032676205409629703], [0.006637318950198054, 0.9999779688373346, 8.85274632483596e-05], [-0.003268136158966288, -6.683680071380759e-05, 0.9999946573951725]], "center": [102655.54344512639, -59776.5704327771, 613.3588961536332]}}, {"key": 8, "value": {"rotation": [[0.9999667136225463, -0.007128736688021129, 0.003968974698585776], [0.0071274913533965235, 0.9999745453753696, 0.0003278236256008545], [-0.003971210638131688, -0.00029952388069393065, 0.9999920698543125]], "center": [102654.79104652646, -59783.06327342698, 613.3907172095928]}}, {"key": 9, "value": {"rotation": [[0.9999534199599812, -0.008447811895167521, 0.004668231412631343], [0.008447407201446697, 0.9999643143583713, 0.00010640190140198746], [-0.0046689636870464474, -6.696249354408498e-05, 0.9999890980876309]], "center": [102654.88778882133, -59789.69682814045, 613.7600922046354]}}], "structure": [], "control_points": []}