{"sfm_data_version": "0.3", "root_path": "/mnt/ST8000/jialei/SFM_E/ex_sea_12/1-2/images", "views": [{"key": 9, "value": {"polymorphic_id": 1073741824, "ptr_wrapper": {"id": 2147483649, "data": {"local_path": "", "filename": "038735_11734.566406.jpg", "width": 1920, "height": 1080, "id_view": 9, "id_intrinsic": 0, "id_pose": 9}}}}, {"key": 8, "value": {"polymorphic_id": 1073741824, "ptr_wrapper": {"id": 2147483650, "data": {"local_path": "", "filename": "038734_11734.465820.jpg", "width": 1920, "height": 1080, "id_view": 8, "id_intrinsic": 0, "id_pose": 8}}}}, {"key": 7, "value": {"polymorphic_id": 1073741824, "ptr_wrapper": {"id": 2147483651, "data": {"local_path": "", "filename": "038733_11734.399211.jpg", "width": 1920, "height": 1080, "id_view": 7, "id_intrinsic": 0, "id_pose": 7}}}}, {"key": 6, "value": {"polymorphic_id": 1073741824, "ptr_wrapper": {"id": 2147483652, "data": {"local_path": "", "filename": "038732_11734.299602.jpg", "width": 1920, "height": 1080, "id_view": 6, "id_intrinsic": 0, "id_pose": 6}}}}, {"key": 5, "value": {"polymorphic_id": 1073741824, "ptr_wrapper": {"id": 2147483653, "data": {"local_path": "", "filename": "038731_11734.198016.jpg", "width": 1920, "height": 1080, "id_view": 5, "id_intrinsic": 0, "id_pose": 5}}}}, {"key": 4, "value": {"polymorphic_id": 1073741824, "ptr_wrapper": {"id": 2147483654, "data": {"local_path": "", "filename": "038730_11734.100406.jpg", "width": 1920, "height": 1080, "id_view": 4, "id_intrinsic": 0, "id_pose": 4}}}}, {"key": 3, "value": {"polymorphic_id": 1073741824, "ptr_wrapper": {"id": 2147483655, "data": {"local_path": "", "filename": "038729_11733.998820.jpg", "width": 1920, "height": 1080, "id_view": 3, "id_intrinsic": 0, "id_pose": 3}}}}, {"key": 2, "value": {"polymorphic_id": 1073741824, "ptr_wrapper": {"id": 2147483656, "data": {"local_path": "", "filename": "038728_11733.899211.jpg", "width": 1920, "height": 1080, "id_view": 2, "id_intrinsic": 0, "id_pose": 2}}}}, {"key": 1, "value": {"polymorphic_id": 1073741824, "ptr_wrapper": {"id": 2147483657, "data": {"local_path": "", "filename": "038727_11733.798602.jpg", "width": 1920, "height": 1080, "id_view": 1, "id_intrinsic": 0, "id_pose": 1}}}}, {"key": 0, "value": {"polymorphic_id": 1073741824, "ptr_wrapper": {"id": 2147483658, "data": {"local_path": "", "filename": "038726_11733.699016.jpg", "width": 1920, "height": 1080, "id_view": 0, "id_intrinsic": 0, "id_pose": 0}}}}], "intrinsics": [{"key": 0, "value": {"polymorphic_id": 2147483649, "polymorphic_name": "pinhole_radial_k3", "ptr_wrapper": {"id": 2147483659, "data": {"width": 1920, "height": 1080, "focal_length": 1739.13, "principal_point": [960.0, 540.0], "disto_k3": [0.0, 0.0, 0.0]}}}}], "extrinsics": [{"key": 0, "value": {"rotation": [[0.9999991589993271, -0.001295231439483972, -6.615252480269833e-05], [0.0012952355420476286, 0.9999991592593731, 6.201159213491453e-05], [6.60721498218358e-05, -6.209722308444633e-05, 0.999999995889203]], "center": [-0.0003167836215129703, -0.000964478917857385, 0.0004722030863116017]}}, {"key": 1, "value": {"rotation": [[0.9999998718042206, 2.3510154700002002e-05, 0.0005058051157191871], [-2.3990176782034147e-05, 0.9999995493730844, 0.0009490406204915522], [-0.0005057825756979821, -0.0009490526331826942, 0.9999994217413756]], "center": [-9.830549643037675e-05, -0.010757623713808184, 0.002046073548933866]}}, {"key": 2, "value": {"rotation": [[0.999999456199893, -0.0008730296429726157, 0.0005704552224450959], [0.0008722605868174731, 0.999998712367932, 0.001347005548062381], [-0.0005716304636813619, -0.0013465072299535597, 0.9999989300778739]], "center": [5.8601923094270784e-06, -0.02163206404365923, 0.0028748647104002755]}}, {"key": 3, "value": {"rotation": [[0.9999938519691242, -0.0024222519222575917, 0.002535491979636793], [0.0024194186013200988, 0.9999964460729093, 0.0011199353473875873], [-0.002538195734231191, -0.001113794045531461, 0.9999961585052408]], "center": [-0.0018229749070132924, -0.03167387705346978, 0.002193139446884213]}}, {"key": 4, "value": {"rotation": [[0.9999905691045958, -0.003372424168549146, 0.0027365045393958434], [0.0033693682568986926, 0.9999936958274762, 0.0011205636322322622], [-0.002740266303874864, -0.0011113327727839295, 0.9999956279304684]], "center": [-0.0011413609512190208, -0.04205563005220044, 0.003160664622017105]}}, {"key": 5, "value": {"rotation": [[0.9999855139356117, -0.004701714533075148, 0.00262026704369468], [0.004701535570634251, 0.999988944948772, 7.44548130501312e-05], [-0.002620588141784891, -6.213445578239651e-05, 0.9999965643226483]], "center": [-0.0006223476777767988, -0.05146661629153432, 0.004738587632972621]}}, {"key": 6, "value": {"rotation": [[0.9999785088434973, -0.0059693459904976666, 0.002710859565053608], [0.005968890132636292, 0.9999821704897304, 0.00017621927151215862], [-0.0027118631455570388, -0.00016003466144738063, 0.9999963100867857]], "center": [0.00013895074827679024, -0.06224608306936822, 0.0059416919655208515]}}, {"key": 7, "value": {"rotation": [[0.9999649280861242, -0.007755058373644114, 0.0031625412778377568], [0.007754822232340648, 0.999969927135987, 8.69240654569104e-05], [-0.003163120272365706, -6.23960714515096e-05, 0.9999949953759133]], "center": [8.990319836913661e-06, -0.07315317475647981, 0.00687639326165929]}}, {"key": 8, "value": {"rotation": [[0.9999585342631357, -0.008246214778317938, 0.003863896498519014], [0.00824501564837174, 0.9999659560859682, 0.00032616871828605753], [-0.0038664546136637588, -0.00029429730636587137, 0.9999924819306473]], "center": [-0.0011990084884750903, -0.08347676603513977, 0.006927130288772472]}}, {"key": 9, "value": {"rotation": [[0.9999438399965973, -0.009565273754477008, 0.0045631558006777925], [0.009564895962540022, 0.9999542498646271, 0.00010460829708460015], [-0.004563947642680791, -6.095631178794226e-05, 0.9999895832788676]], "center": [-0.0010568953792389046, -0.09402562967876978, 0.007514504909593874]}}], "structure": [], "control_points": []}