{"sfm_data_version": "0.3", "root_path": "/mnt/ST8000/jialei/SFM_E/ex_sea_12/6-5/images", "views": [{"key": 9, "value": {"polymorphic_id": 1073741824, "ptr_wrapper": {"id": 2147483649, "data": {"local_path": "", "filename": "128880_17395.546875.jpg", "width": 1920, "height": 1080, "id_view": 9, "id_intrinsic": 0, "id_pose": 9}}}}, {"key": 8, "value": {"polymorphic_id": 1073741824, "ptr_wrapper": {"id": 2147483650, "data": {"local_path": "", "filename": "128879_17395.479266.jpg", "width": 1920, "height": 1080, "id_view": 8, "id_intrinsic": 0, "id_pose": 8}}}}, {"key": 7, "value": {"polymorphic_id": 1073741824, "ptr_wrapper": {"id": 2147483651, "data": {"local_path": "", "filename": "128878_17395.379656.jpg", "width": 1920, "height": 1080, "id_view": 7, "id_intrinsic": 0, "id_pose": 7}}}}, {"key": 6, "value": {"polymorphic_id": 1073741824, "ptr_wrapper": {"id": 2147483652, "data": {"local_path": "", "filename": "128877_17395.280047.jpg", "width": 1920, "height": 1080, "id_view": 6, "id_intrinsic": 0, "id_pose": 6}}}}, {"key": 5, "value": {"polymorphic_id": 1073741824, "ptr_wrapper": {"id": 2147483653, "data": {"local_path": "", "filename": "128876_17395.180437.jpg", "width": 1920, "height": 1080, "id_view": 5, "id_intrinsic": 0, "id_pose": 5}}}}, {"key": 4, "value": {"polymorphic_id": 1073741824, "ptr_wrapper": {"id": 2147483654, "data": {"local_path": "", "filename": "128875_17395.078875.jpg", "width": 1920, "height": 1080, "id_view": 4, "id_intrinsic": 0, "id_pose": 4}}}}, {"key": 3, "value": {"polymorphic_id": 1073741824, "ptr_wrapper": {"id": 2147483655, "data": {"local_path": "", "filename": "128874_17394.979266.jpg", "width": 1920, "height": 1080, "id_view": 3, "id_intrinsic": 0, "id_pose": 3}}}}, {"key": 2, "value": {"polymorphic_id": 1073741824, "ptr_wrapper": {"id": 2147483656, "data": {"local_path": "", "filename": "128873_17394.879656.jpg", "width": 1920, "height": 1080, "id_view": 2, "id_intrinsic": 0, "id_pose": 2}}}}, {"key": 1, "value": {"polymorphic_id": 1073741824, "ptr_wrapper": {"id": 2147483657, "data": {"local_path": "", "filename": "128872_17394.780047.jpg", "width": 1920, "height": 1080, "id_view": 1, "id_intrinsic": 0, "id_pose": 1}}}}, {"key": 0, "value": {"polymorphic_id": 1073741824, "ptr_wrapper": {"id": 2147483658, "data": {"local_path": "", "filename": "128871_17394.680437.jpg", "width": 1920, "height": 1080, "id_view": 0, "id_intrinsic": 0, "id_pose": 0}}}}], "intrinsics": [{"key": 0, "value": {"polymorphic_id": 2147483649, "polymorphic_name": "pinhole_radial_k3", "ptr_wrapper": {"id": 2147483659, "data": {"width": 1920, "height": 1080, "focal_length": 1739.13, "principal_point": [960.0, 540.0], "disto_k3": [0.0, 0.0, 0.0]}}}}], "extrinsics": [{"key": 0, "value": {"rotation": [[0.9999999240277458, -0.0003105276115382821, 0.00023562068033868073], [0.0003105634654880947, 0.9999999402008457, -0.00015214676770094576], [-0.0002355734204764154, 0.00015221993131699378, 0.9999999606671273]], "center": [9.685630016178057e-05, -0.000369420179550873, 0.0003006483056115412]}}, {"key": 1, "value": {"rotation": [[0.9999989324961039, 0.0003930992461487464, -0.0014072951485852093], [-0.00039444804910822724, 0.9999994630480231, -0.0009582872231425452], [0.0014069176909502887, 0.0009588413049930754, 0.999998550601931]], "center": [-5.498255881442002e-05, -0.012215117860864924, 0.0003646315839166474]}}, {"key": 2, "value": {"rotation": [[0.9999996108084618, -0.00021890411655780555, -0.0008546718156142701], [0.00021840313242471083, 0.9999998043226695, -0.0005862206873196443], [0.000854799974496049, 0.0005860337961657558, 0.9999994629405525]], "center": [0.0006264748380339721, -0.023316161267906168, 0.0008742624340541078]}}, {"key": 3, "value": {"rotation": [[0.9999998318751866, -0.0004925260939126569, -0.00030605170344845704], [0.0004925518410651597, 0.9999998751635337, 8.405712899300647e-05], [0.0003060102649126307, -8.420786119096727e-05, 0.9999999496333757]], "center": [0.0009913680012754145, -0.031103917782869202, 0.0010705030062936076]}}, {"key": 4, "value": {"rotation": [[0.9999992309666924, -0.0012077574664291978, -0.00028175862974024396], [0.001208029918376207, 0.9999988010333059, 0.0009688114716422109], [0.00028058820263259453, -0.0009691510994484756, 0.9999994910080738]], "center": [0.0032584062512754468, -0.04289188103106932, 0.002368021976859005]}}, {"key": 5, "value": {"rotation": [[0.9999974449873021, -0.0018295777277541464, 0.0013276536464242189], [0.0018260938275279288, 0.999994898937093, 0.002620587935293177], [-0.0013324414432994618, -0.0026181568195289763, 0.999995684918024]], "center": [0.0032110100994958706, -0.055261381714854695, 0.0024773138351374766]}}, {"key": 6, "value": {"rotation": [[0.9999964111910149, -0.0021776629682165737, -0.001560573319805276], [0.0021775101372863326, 0.999997624259414, -9.96249480489928e-05], [0.0015607865618480104, 9.622642629013516e-05, 0.9999987773421438]], "center": [0.006059503313478875, -0.06370896754245124, 0.0059386736041870825]}}, {"key": 7, "value": {"rotation": [[0.9999954596536204, -0.00263489613019679, -0.001462188266472018], [0.0026370458355421096, 0.9999954422076827, 0.001470222133783341], [0.001458307719510768, -0.001474071315944574, 0.9999978502238641]], "center": [0.007914047425857893, -0.07607568503576843, 0.0070640354086294556]}}, {"key": 8, "value": {"rotation": [[0.9999949664723868, -0.0030446116618647818, -0.0008929556073476685], [0.0030466170834780606, 0.9999928207405901, 0.0022531292960240585], [0.0008860892928573819, -0.002255838448643794, 0.9999970630150158]], "center": [0.0077691178932166585, -0.08743637673923167, 0.007378076371880113]}}, {"key": 9, "value": {"rotation": [[0.9999924555877601, -0.0036115672557111254, -0.0014301571652661], [0.003614934034382494, 0.9999906846176577, 0.002358586406118225], [0.0014216256493712, -0.0023637385357814576, 0.9999961958530873]], "center": [0.009427664840287626, -0.09832448899836624, 0.008751535682562707]}}], "structure": [], "control_points": []}