{"sfm_data_version": "0.3", "root_path": "/mnt/ST8000/jialei/SFM_E/ex_sea_12/6-5/images", "views": [{"key": 9, "value": {"polymorphic_id": 1073741824, "ptr_wrapper": {"id": 2147483649, "data": {"local_path": "", "filename": "128880_17395.546875.jpg", "width": 1920, "height": 1080, "id_view": 9, "id_intrinsic": 0, "id_pose": 9}}}}, {"key": 8, "value": {"polymorphic_id": 1073741824, "ptr_wrapper": {"id": 2147483650, "data": {"local_path": "", "filename": "128879_17395.479266.jpg", "width": 1920, "height": 1080, "id_view": 8, "id_intrinsic": 0, "id_pose": 8}}}}, {"key": 7, "value": {"polymorphic_id": 1073741824, "ptr_wrapper": {"id": 2147483651, "data": {"local_path": "", "filename": "128878_17395.379656.jpg", "width": 1920, "height": 1080, "id_view": 7, "id_intrinsic": 0, "id_pose": 7}}}}, {"key": 6, "value": {"polymorphic_id": 1073741824, "ptr_wrapper": {"id": 2147483652, "data": {"local_path": "", "filename": "128877_17395.280047.jpg", "width": 1920, "height": 1080, "id_view": 6, "id_intrinsic": 0, "id_pose": 6}}}}, {"key": 5, "value": {"polymorphic_id": 1073741824, "ptr_wrapper": {"id": 2147483653, "data": {"local_path": "", "filename": "128876_17395.180437.jpg", "width": 1920, "height": 1080, "id_view": 5, "id_intrinsic": 0, "id_pose": 5}}}}, {"key": 4, "value": {"polymorphic_id": 1073741824, "ptr_wrapper": {"id": 2147483654, "data": {"local_path": "", "filename": "128875_17395.078875.jpg", "width": 1920, "height": 1080, "id_view": 4, "id_intrinsic": 0, "id_pose": 4}}}}, {"key": 3, "value": {"polymorphic_id": 1073741824, "ptr_wrapper": {"id": 2147483655, "data": {"local_path": "", "filename": "128874_17394.979266.jpg", "width": 1920, "height": 1080, "id_view": 3, "id_intrinsic": 0, "id_pose": 3}}}}, {"key": 2, "value": {"polymorphic_id": 1073741824, "ptr_wrapper": {"id": 2147483656, "data": {"local_path": "", "filename": "128873_17394.879656.jpg", "width": 1920, "height": 1080, "id_view": 2, "id_intrinsic": 0, "id_pose": 2}}}}, {"key": 1, "value": {"polymorphic_id": 1073741824, "ptr_wrapper": {"id": 2147483657, "data": {"local_path": "", "filename": "128872_17394.780047.jpg", "width": 1920, "height": 1080, "id_view": 1, "id_intrinsic": 0, "id_pose": 1}}}}, {"key": 0, "value": {"polymorphic_id": 1073741824, "ptr_wrapper": {"id": 2147483658, "data": {"local_path": "", "filename": "128871_17394.680437.jpg", "width": 1920, "height": 1080, "id_view": 0, "id_intrinsic": 0, "id_pose": 0}}}}], "intrinsics": [{"key": 0, "value": {"polymorphic_id": 2147483649, "polymorphic_name": "pinhole_radial_k3", "ptr_wrapper": {"id": 2147483659, "data": {"width": 1920, "height": 1080, "focal_length": 1739.13, "principal_point": [960.0, 540.0], "disto_k3": [0.0, 0.0, 0.0]}}}}], "extrinsics": [{"key": 0, "value": {"rotation": [[0.9999999999999998, -1.7444534739773934e-13, 1.1134329851309585e-13], [1.744449235620987e-13, 1.0, -1.8713596698405312e-13], [-1.1134317682376845e-13, 1.871360095029732e-13, 0.9999999999999999]], "center": [102655.28827440471, -59731.174787457734, 609.331632151954]}}, {"key": 1, "value": {"rotation": [[0.9999984028679205, 0.0007038764718354575, -0.001642808424581629], [-0.0007052012560539065, 0.9999994265480514, -0.000805974414579195], [0.001642240176082645, 0.0008071316378961148, 0.9999983257914601]], "center": [102655.19628817916, -59738.530037869925, 609.3702631654866]}}, {"key": 2, "value": {"rotation": [[0.9999994014336548, 9.178927653146123e-05, -0.0010902784322490376], [-9.22625604855947e-05, 0.9999999015431433, -0.0004340522128909451], [0.0010902384835650943, 0.00043415254496171376, 0.9999993114455713]], "center": [102655.6216327851, -59745.422799937805, 609.6855535852698]}}, {"key": 3, "value": {"rotation": [[0.999999836733786, -0.0001819160865824383, -0.0005417000444580228], [0.00018204403664413526, 0.9999999555439731, 0.00023616100569216194], [0.0005416570588902569, -0.00023625958039780165, 0.9999998253945053]], "center": [102655.84973205275, -59750.258311686994, 609.8066135839947]}}, {"key": 4, "value": {"rotation": [[0.9999994636483777, -0.00089715129906161, -0.0005175157026175232], [0.0008977308595658429, 0.9999989690026473, 0.0011207466024195387], [0.0005165096897899551, -0.0011212105911218527, 0.9999992380519849]], "center": [102657.25984114491, -59757.57736380031, 610.6108216224301]}}, {"key": 5, "value": {"rotation": [[0.9999982499722987, -0.001519216944737597, 0.001091802277536051], [0.0015161851261644218, 0.9999950075422875, 0.0027723768076954912], [-0.0010960086685827472, -0.0027707165815854026, 0.9999955609374586]], "center": [102657.23281297169, -59765.257837426834, 610.6775207957561]}}, {"key": 6, "value": {"rotation": [[0.999996643740166, -0.0018668630510474207, -0.0017964773170675832], [0.0018669596245271694, 0.9999982558731096, 5.208166185342296e-05], [0.0017963769544530953, -5.5435437671225834e-05, 0.9999983849770703]], "center": [102659.00363081912, -59770.50287906268, 612.825528725163]}}, {"key": 7, "value": {"rotation": [[0.9999958573679184, -0.002324111450166067, -0.0016981616434476002], [0.0023268658538955697, 0.9999959776893487, 0.001621820095391179], [0.001694385522260188, -0.0016257647711298063, 0.9999972429695043]], "center": [102660.15770099999, -59778.181353783126, 613.5228467939926]}}, {"key": 8, "value": {"rotation": [[0.9999956255376942, -0.0027339137174065393, -0.0011289912574024299], [0.002736622353871506, 0.999993364303485, 0.002404630343698609], [0.0011224097138772015, -0.002407709447446229, 0.9999964715595998]], "center": [102660.06994797282, -59785.23547720963, 613.7167881311781]}}, {"key": 9, "value": {"rotation": [[0.999993164132828, -0.0033007883236579076, -0.0016662785046349501], [0.003304964772800787, 0.9999913886342037, 0.002509953244116383], [0.0016579793313401564, -0.0025154430781689943, 0.9999954618150304]], "center": [102661.10207105607, -59791.99591953787, 614.5683230028011]}}], "structure": [], "control_points": []}