{"sfm_data_version": "0.3", "root_path": "/mnt/ST8000/jialei/SFM_E/ex_sea_12/1-5/images", "views": [{"key": 9, "value": {"polymorphic_id": 1073741824, "ptr_wrapper": {"id": 2147483649, "data": {"local_path": "", "filename": "075418_15357.965820.jpg", "width": 1920, "height": 1080, "id_view": 9, "id_intrinsic": 0, "id_pose": 9}}}}, {"key": 8, "value": {"polymorphic_id": 1073741824, "ptr_wrapper": {"id": 2147483650, "data": {"local_path": "", "filename": "075417_15357.866211.jpg", "width": 1920, "height": 1080, "id_view": 8, "id_intrinsic": 0, "id_pose": 8}}}}, {"key": 7, "value": {"polymorphic_id": 1073741824, "ptr_wrapper": {"id": 2147483651, "data": {"local_path": "", "filename": "075416_15357.766602.jpg", "width": 1920, "height": 1080, "id_view": 7, "id_intrinsic": 0, "id_pose": 7}}}}, {"key": 6, "value": {"polymorphic_id": 1073741824, "ptr_wrapper": {"id": 2147483652, "data": {"local_path": "", "filename": "075415_15357.666016.jpg", "width": 1920, "height": 1080, "id_view": 6, "id_intrinsic": 0, "id_pose": 6}}}}, {"key": 5, "value": {"polymorphic_id": 1073741824, "ptr_wrapper": {"id": 2147483653, "data": {"local_path": "", "filename": "075414_15357.566406.jpg", "width": 1920, "height": 1080, "id_view": 5, "id_intrinsic": 0, "id_pose": 5}}}}, {"key": 4, "value": {"polymorphic_id": 1073741824, "ptr_wrapper": {"id": 2147483654, "data": {"local_path": "", "filename": "075413_15357.497820.jpg", "width": 1920, "height": 1080, "id_view": 4, "id_intrinsic": 0, "id_pose": 4}}}}, {"key": 3, "value": {"polymorphic_id": 1073741824, "ptr_wrapper": {"id": 2147483655, "data": {"local_path": "", "filename": "075412_15357.398211.jpg", "width": 1920, "height": 1080, "id_view": 3, "id_intrinsic": 0, "id_pose": 3}}}}, {"key": 2, "value": {"polymorphic_id": 1073741824, "ptr_wrapper": {"id": 2147483656, "data": {"local_path": "", "filename": "075411_15357.299602.jpg", "width": 1920, "height": 1080, "id_view": 2, "id_intrinsic": 0, "id_pose": 2}}}}, {"key": 1, "value": {"polymorphic_id": 1073741824, "ptr_wrapper": {"id": 2147483657, "data": {"local_path": "", "filename": "075410_15357.198016.jpg", "width": 1920, "height": 1080, "id_view": 1, "id_intrinsic": 0, "id_pose": 1}}}}, {"key": 0, "value": {"polymorphic_id": 1073741824, "ptr_wrapper": {"id": 2147483658, "data": {"local_path": "", "filename": "075409_15357.099406.jpg", "width": 1920, "height": 1080, "id_view": 0, "id_intrinsic": 0, "id_pose": 0}}}}], "intrinsics": [{"key": 0, "value": {"polymorphic_id": 2147483649, "polymorphic_name": "pinhole_radial_k3", "ptr_wrapper": {"id": 2147483659, "data": {"width": 1920, "height": 1080, "focal_length": 1739.13, "principal_point": [960.0, 540.0], "disto_k3": [0.0, 0.0, 0.0]}}}}], "extrinsics": [{"key": 0, "value": {"rotation": [[0.9999999984746529, 3.5914752457927566e-05, 4.196218343827369e-05], [-3.591335756117985e-05, 0.9999999988025989, -3.324203865490741e-05], [-4.196337726761757e-05, 3.324053160130385e-05, 0.9999999985670712]], "center": [102655.28827443857, -59731.174787460164, 609.3316321640181]}}, {"key": 1, "value": {"rotation": [[0.9999996167714426, 0.0005295662079813765, 0.0006971489075297036], [-0.0005296841518165568, 0.9999998454357394, 0.0001690065003628549], [-0.0006970592996438912, -0.00016937570432253908, 0.999999742710069]], "center": [102655.110696529, -59737.826727075044, 609.7401391219294]}}, {"key": 2, "value": {"rotation": [[0.9999993971066051, -0.000618818606349047, 0.0009071107754372661], [0.0006189742592771259, 0.999999793759922, -0.00017132127850385818], [-0.0009070045715598788, 0.00017188265343571918, 0.9999995738994398]], "center": [102655.70967269923, -59744.66568158832, 610.1802607231705]}}, {"key": 3, "value": {"rotation": [[0.9999993504781145, -0.0011086719487178817, -0.0002643669030555664], [0.0011085051115703015, 0.9999991869086632, -0.0006303954557708008], [0.0002650655898595213, 0.0006301019942518168, 0.9999997663558278]], "center": [102655.80577639521, -59750.99304237752, 610.7070980206364]}}, {"key": 4, "value": {"rotation": [[0.9999977394596049, -0.001546016502289104, 0.0014597632187943724], [0.0015445661029942848, 0.9999983129490361, 0.000994190442386941], [-0.001461297790929795, -0.0009919334941931094, 0.9999984403371386]], "center": [102655.48241910724, -59758.659888772796, 610.2148847058505]}}, {"key": 5, "value": {"rotation": [[0.999996705663849, -0.0023057838211760907, 0.0011278397137847705], [0.0023046540777963568, 0.9999968423139192, 0.0010019639579124159], [-0.0011301464647045774, -0.0009993613767108104, 0.9999988620222561]], "center": [102655.77055971828, -59765.50736297792, 610.6085753524856]}}, {"key": 6, "value": {"rotation": [[0.9999941226789473, -0.0029116265208269463, 0.0018102592540370159], [0.0029083677118524323, 0.9999941502802503, 0.0018002229121944445], [-0.0018154902413022773, -0.0017949474321418528, 0.9999967410741394]], "center": [102655.10170583558, -59772.700172449324, 610.5686887228381]}}, {"key": 7, "value": {"rotation": [[0.9999904587343394, -0.004211021275033775, 0.0011617831589204612], [0.004210587314358934, 0.9999910648533454, 0.0003757232242201602], [-0.0011633549567082707, -0.00037082784991405516, 0.9999992545456973]], "center": [102655.74294573817, -59778.85958750236, 611.5110653498688]}}, {"key": 8, "value": {"rotation": [[0.9999852883505089, -0.005351232030103416, 0.0008873546702155842], [0.0053514964232468844, 0.9999856368761444, -0.00029585037540043335], [-0.0008857587610255613, 0.0003005946982972256, 0.9999995625370266]], "center": [102655.82583583267, -59785.19377058702, 612.079330418845]}}, {"key": 9, "value": {"rotation": [[0.9999799518461796, -0.0063262250357897605, -0.0002734639095440104], [0.006325819064468558, 0.9999789248684721, -0.0014607642038636417], [0.00028269926933406116, 0.0014590050350257711, 0.9999988956921055]], "center": [102656.32867059918, -59791.41985898705, 613.0280903153039]}}], "structure": [], "control_points": []}