{"sfm_data_version": "0.3", "root_path": "/mnt/ST8000/jialei/SFM_E/ex_sea_12/1-5/images", "views": [{"key": 9, "value": {"polymorphic_id": 1073741824, "ptr_wrapper": {"id": 2147483649, "data": {"local_path": "", "filename": "075418_15357.965820.jpg", "width": 1920, "height": 1080, "id_view": 9, "id_intrinsic": 0, "id_pose": 9}}}}, {"key": 8, "value": {"polymorphic_id": 1073741824, "ptr_wrapper": {"id": 2147483650, "data": {"local_path": "", "filename": "075417_15357.866211.jpg", "width": 1920, "height": 1080, "id_view": 8, "id_intrinsic": 0, "id_pose": 8}}}}, {"key": 7, "value": {"polymorphic_id": 1073741824, "ptr_wrapper": {"id": 2147483651, "data": {"local_path": "", "filename": "075416_15357.766602.jpg", "width": 1920, "height": 1080, "id_view": 7, "id_intrinsic": 0, "id_pose": 7}}}}, {"key": 6, "value": {"polymorphic_id": 1073741824, "ptr_wrapper": {"id": 2147483652, "data": {"local_path": "", "filename": "075415_15357.666016.jpg", "width": 1920, "height": 1080, "id_view": 6, "id_intrinsic": 0, "id_pose": 6}}}}, {"key": 5, "value": {"polymorphic_id": 1073741824, "ptr_wrapper": {"id": 2147483653, "data": {"local_path": "", "filename": "075414_15357.566406.jpg", "width": 1920, "height": 1080, "id_view": 5, "id_intrinsic": 0, "id_pose": 5}}}}, {"key": 4, "value": {"polymorphic_id": 1073741824, "ptr_wrapper": {"id": 2147483654, "data": {"local_path": "", "filename": "075413_15357.497820.jpg", "width": 1920, "height": 1080, "id_view": 4, "id_intrinsic": 0, "id_pose": 4}}}}, {"key": 3, "value": {"polymorphic_id": 1073741824, "ptr_wrapper": {"id": 2147483655, "data": {"local_path": "", "filename": "075412_15357.398211.jpg", "width": 1920, "height": 1080, "id_view": 3, "id_intrinsic": 0, "id_pose": 3}}}}, {"key": 2, "value": {"polymorphic_id": 1073741824, "ptr_wrapper": {"id": 2147483656, "data": {"local_path": "", "filename": "075411_15357.299602.jpg", "width": 1920, "height": 1080, "id_view": 2, "id_intrinsic": 0, "id_pose": 2}}}}, {"key": 1, "value": {"polymorphic_id": 1073741824, "ptr_wrapper": {"id": 2147483657, "data": {"local_path": "", "filename": "075410_15357.198016.jpg", "width": 1920, "height": 1080, "id_view": 1, "id_intrinsic": 0, "id_pose": 1}}}}, {"key": 0, "value": {"polymorphic_id": 1073741824, "ptr_wrapper": {"id": 2147483658, "data": {"local_path": "", "filename": "075409_15357.099406.jpg", "width": 1920, "height": 1080, "id_view": 0, "id_intrinsic": 0, "id_pose": 0}}}}], "intrinsics": [{"key": 0, "value": {"polymorphic_id": 2147483649, "polymorphic_name": "pinhole_radial_k3", "ptr_wrapper": {"id": 2147483659, "data": {"width": 1920, "height": 1080, "focal_length": 1739.13, "principal_point": [960.0, 540.0], "disto_k3": [0.0, 0.0, 0.0]}}}}], "extrinsics": [{"key": 0, "value": {"rotation": [[0.999999851976788, -0.00044792724885076046, 0.000308881177644597], [0.00044797040561700505, 0.99999988990815, -0.00013966461046527844], [-0.0003088185840545548, 0.00013980295941814293, 0.9999999425431056]], "center": [0.0002460796858411601, -0.0004909594789838876, 0.00023651333409733757]}}, {"key": 1, "value": {"rotation": [[0.9999995342886469, 4.579413576089421e-05, 0.0009640152418748239], [-4.5854361791092085e-05, 0.999999996998554, 6.245213783080636e-05], [-0.0009640123790397062, -6.249631304980471e-05, 0.9999995333870632]], "center": [-4.867025994229303e-05, -0.011328768603947409, 0.0009031707624894957]}}, {"key": 2, "value": {"rotation": [[0.9999987029164745, -0.0011025680615607315, 0.0011740992455389599], [0.0011028946726395754, 0.9999993532891815, -0.0002775690183460665], [-0.0011737924475017664, 0.0002788635661189722, 0.999999272222936]], "center": [0.0009216598628966862, -0.022471888213971992, 0.0016217081501144893]}}, {"key": 3, "value": {"rotation": [[0.9999987318940288, -0.0015925461329741924, 2.673729722722726e-06], [0.0015925476702737557, 0.9999984606694833, -0.0007365124451282668], [-1.5007955605968733e-06, 0.0007365157691945381, 0.9999997287710978]], "center": [0.0010730243924459827, -0.0327810555465834, 0.002481224228406005]}}, {"key": 4, "value": {"rotation": [[0.9999964491348755, -0.002029706160892292, 0.0017268498895134292], [0.0020281746168867884, 0.9999975488102318, 0.0008881898735865813], [-0.0017286484211351157, -0.0008846843666309901, 0.9999981145523262]], "center": [0.0005403473030567923, -0.045272495981808124, 0.0016804485554467606]}}, {"key": 5, "value": {"rotation": [[0.9999951362878085, -0.002789508250171754, 0.001395006971373856], [0.0027882596895088675, 0.9999957112376201, 0.0008961664301100667], [-0.0013975008521707587, -0.0008922724297095355, 0.9999986254196948]], "center": [0.0010042458443699064, -0.05642925976296045, 0.002323202174546888]}}, {"key": 6, "value": {"rotation": [[0.999992078033045, -0.0033952769192696674, 0.0020774902635257364], [0.003391758896380764, 0.9999928121477797, 0.0016945867828472663], [-0.002083228922224246, -0.0016875270123032338, 0.9999964061984621]], "center": [-9.11725568467621e-05, -0.06814799989730229, 0.002259170993202301]}}, {"key": 7, "value": {"rotation": [[0.9999879584041639, -0.0046947388312392705, 0.0014291514896689562], [0.00469435696518739, 0.9999889448776694, 0.00027043507414016663], [-0.0014304053122682896, -0.0002637228704204153, 0.9999989421948853]], "center": [0.0009483353039871159, -0.07818389048322852, 0.003795934242053276]}}, {"key": 8, "value": {"rotation": [[0.9999823095388596, -0.0058349761828948915, 0.0011548429654331472], [0.005835442497140333, 0.9999828933254109, -0.0004008333854721447], [-0.0011524843566527525, 0.00040756531426276596, 0.9999992528348817]], "center": [0.0010781474919121035, -0.08850415578889387, 0.0047229441224930875]}}, {"key": 9, "value": {"rotation": [[0.9999768110498756, -0.006810090162954192, -5.873238917697272e-06], [0.006810072623898068, 0.9999755857835948, -0.0015654863826510411], [1.6534198941961593e-05, 0.0015654100834818793, 0.9999987746081942]], "center": [0.0018920962236775476, -0.09864856719024058, 0.006270059014923515]}}], "structure": [], "control_points": []}