{"sfm_data_version": "0.3", "root_path": "/mnt/ST8000/jialei/SFM_E/ex_sea_12/1-5/images", "views": [{"key": 9, "value": {"polymorphic_id": 1073741824, "ptr_wrapper": {"id": 2147483649, "data": {"local_path": "", "filename": "075418_15357.965820.jpg", "width": 1920, "height": 1080, "id_view": 9, "id_intrinsic": 0, "id_pose": 9}}}}, {"key": 8, "value": {"polymorphic_id": 1073741824, "ptr_wrapper": {"id": 2147483650, "data": {"local_path": "", "filename": "075417_15357.866211.jpg", "width": 1920, "height": 1080, "id_view": 8, "id_intrinsic": 0, "id_pose": 8}}}}, {"key": 7, "value": {"polymorphic_id": 1073741824, "ptr_wrapper": {"id": 2147483651, "data": {"local_path": "", "filename": "075416_15357.766602.jpg", "width": 1920, "height": 1080, "id_view": 7, "id_intrinsic": 0, "id_pose": 7}}}}, {"key": 6, "value": {"polymorphic_id": 1073741824, "ptr_wrapper": {"id": 2147483652, "data": {"local_path": "", "filename": "075415_15357.666016.jpg", "width": 1920, "height": 1080, "id_view": 6, "id_intrinsic": 0, "id_pose": 6}}}}, {"key": 5, "value": {"polymorphic_id": 1073741824, "ptr_wrapper": {"id": 2147483653, "data": {"local_path": "", "filename": "075414_15357.566406.jpg", "width": 1920, "height": 1080, "id_view": 5, "id_intrinsic": 0, "id_pose": 5}}}}, {"key": 4, "value": {"polymorphic_id": 1073741824, "ptr_wrapper": {"id": 2147483654, "data": {"local_path": "", "filename": "075413_15357.497820.jpg", "width": 1920, "height": 1080, "id_view": 4, "id_intrinsic": 0, "id_pose": 4}}}}, {"key": 3, "value": {"polymorphic_id": 1073741824, "ptr_wrapper": {"id": 2147483655, "data": {"local_path": "", "filename": "075412_15357.398211.jpg", "width": 1920, "height": 1080, "id_view": 3, "id_intrinsic": 0, "id_pose": 3}}}}, {"key": 2, "value": {"polymorphic_id": 1073741824, "ptr_wrapper": {"id": 2147483656, "data": {"local_path": "", "filename": "075411_15357.299602.jpg", "width": 1920, "height": 1080, "id_view": 2, "id_intrinsic": 0, "id_pose": 2}}}}, {"key": 1, "value": {"polymorphic_id": 1073741824, "ptr_wrapper": {"id": 2147483657, "data": {"local_path": "", "filename": "075410_15357.198016.jpg", "width": 1920, "height": 1080, "id_view": 1, "id_intrinsic": 0, "id_pose": 1}}}}, {"key": 0, "value": {"polymorphic_id": 1073741824, "ptr_wrapper": {"id": 2147483658, "data": {"local_path": "", "filename": "075409_15357.099406.jpg", "width": 1920, "height": 1080, "id_view": 0, "id_intrinsic": 0, "id_pose": 0}}}}], "intrinsics": [{"key": 0, "value": {"polymorphic_id": 2147483649, "polymorphic_name": "pinhole_radial_k3", "ptr_wrapper": {"id": 2147483659, "data": {"width": 1920, "height": 1080, "focal_length": 1739.13, "principal_point": [960.0, 540.0], "disto_k3": [0.0, 0.0, 0.0]}}}}], "extrinsics": [{"key": 0, "value": {"rotation": [[0.9999999768395447, 0.00020953480492321024, 4.9153595509909446e-05], [-0.00020953196785605707, 0.9999999763825824, -5.7716456108956194e-05], [-4.916568795540037e-05, 5.770615552262238e-05, 0.9999999971263676]], "center": [102655.28827450321, -59731.17478745888, 609.3316321777364]}}, {"key": 1, "value": {"rotation": [[0.999999507235154, 0.0007266308856447395, 0.0006764148177458467], [-0.0007267287754849621, 0.9999997254947758, 0.0001444841172278839], [-0.0006763096454443618, -0.0001449756161433665, 0.9999997607936386]], "center": [102655.01188757662, -59738.04409761532, 609.833891397795]}}, {"key": 2, "value": {"rotation": [[0.9999995088794278, -0.0004689350294757124, 0.0008731213213806992], [0.0004691113448800116, 0.9999998696171365, -0.00020174304627322047], [-0.0008730266031592667, 0.0002021525383104143, 0.9999995984793703]], "center": [102655.5557832578, -59745.1297559673, 610.2696842674518]}}, {"key": 3, "value": {"rotation": [[0.9999994653100843, -0.0010061298486933514, -0.00023891896853961772], [0.0010059717812460226, 0.9999992756847905, -0.0006607954828552924], [0.00023958364154619947, 0.0006605547837942505, 0.9999997531334981]], "center": [102655.51870837325, -59751.69805003879, 610.9698057193335]}}, {"key": 4, "value": {"rotation": [[0.9999981856783896, -0.0012749260918070034, 0.0014153456787201243], [0.0012736524126680513, 0.9999987835046533, 0.0009004436383258315], [-0.0014164919560473851, -0.0008986393461930132, 0.9999985929979426]], "center": [102655.30417837163, -59759.49603442781, 610.2001936971832]}}, {"key": 5, "value": {"rotation": [[0.9999973220845453, -0.0020390700954541065, 0.001094539576634803], [0.002038091790738411, 0.9999975233113639, 0.0008941772708777511], [-0.0010963601559341152, -0.0008919441042208008, 0.9999990012145633]], "center": [102655.51950743912, -59766.54709416632, 610.6439687594061]}}, {"key": 6, "value": {"rotation": [[0.9999952172450912, -0.002559378579811924, 0.0017363951821424836], [0.002556467617309265, 0.9999953267429071, 0.001676593471677089], [-0.0017406781049398104, -0.0016721464148873903, 0.9999970869788087]], "center": [102654.85481407776, -59773.89259503131, 610.4980734359317]}}, {"key": 7, "value": {"rotation": [[0.9999911542424192, -0.004044224012675978, 0.0011557201435228692], [0.004043974125476066, 0.9999917992378132, 0.0002184728689188634], [-0.0011565942189594237, -0.00021379723400407076, 0.9999993082900389]], "center": [102655.30291103768, -59780.328831972016, 611.6259395805646]}}, {"key": 8, "value": {"rotation": [[0.9999857555756593, -0.005261833547506948, 0.0008954068891157315], [0.005262236212708723, 0.9999860540123644, -0.0004479406474650203], [-0.0008930374126562036, 0.0004526461093654643, 0.9999994987977144]], "center": [102655.26612716076, -59786.89192138269, 612.2658195419046]}}, {"key": 9, "value": {"rotation": [[0.9999801547793196, -0.0062989561536105285, -0.00011488648434522803], [0.006298786738194398, 0.9999791545603424, -0.0014197642096341482], [0.0001238271219908947, 0.0014190123886361615, 0.9999989855348282]], "center": [102655.54293417974, -59793.48333126382, 613.3459227140551]}}], "structure": [], "control_points": []}