{"sfm_data_version": "0.3", "root_path": "/mnt/ST8000/jialei/SFM_E/ex_sea_12/1-5/images", "views": [{"key": 9, "value": {"polymorphic_id": 1073741824, "ptr_wrapper": {"id": 2147483649, "data": {"local_path": "", "filename": "075418_15357.965820.jpg", "width": 1920, "height": 1080, "id_view": 9, "id_intrinsic": 0, "id_pose": 9}}}}, {"key": 8, "value": {"polymorphic_id": 1073741824, "ptr_wrapper": {"id": 2147483650, "data": {"local_path": "", "filename": "075417_15357.866211.jpg", "width": 1920, "height": 1080, "id_view": 8, "id_intrinsic": 0, "id_pose": 8}}}}, {"key": 7, "value": {"polymorphic_id": 1073741824, "ptr_wrapper": {"id": 2147483651, "data": {"local_path": "", "filename": "075416_15357.766602.jpg", "width": 1920, "height": 1080, "id_view": 7, "id_intrinsic": 0, "id_pose": 7}}}}, {"key": 6, "value": {"polymorphic_id": 1073741824, "ptr_wrapper": {"id": 2147483652, "data": {"local_path": "", "filename": "075415_15357.666016.jpg", "width": 1920, "height": 1080, "id_view": 6, "id_intrinsic": 0, "id_pose": 6}}}}, {"key": 5, "value": {"polymorphic_id": 1073741824, "ptr_wrapper": {"id": 2147483653, "data": {"local_path": "", "filename": "075414_15357.566406.jpg", "width": 1920, "height": 1080, "id_view": 5, "id_intrinsic": 0, "id_pose": 5}}}}, {"key": 4, "value": {"polymorphic_id": 1073741824, "ptr_wrapper": {"id": 2147483654, "data": {"local_path": "", "filename": "075413_15357.497820.jpg", "width": 1920, "height": 1080, "id_view": 4, "id_intrinsic": 0, "id_pose": 4}}}}, {"key": 3, "value": {"polymorphic_id": 1073741824, "ptr_wrapper": {"id": 2147483655, "data": {"local_path": "", "filename": "075412_15357.398211.jpg", "width": 1920, "height": 1080, "id_view": 3, "id_intrinsic": 0, "id_pose": 3}}}}, {"key": 2, "value": {"polymorphic_id": 1073741824, "ptr_wrapper": {"id": 2147483656, "data": {"local_path": "", "filename": "075411_15357.299602.jpg", "width": 1920, "height": 1080, "id_view": 2, "id_intrinsic": 0, "id_pose": 2}}}}, {"key": 1, "value": {"polymorphic_id": 1073741824, "ptr_wrapper": {"id": 2147483657, "data": {"local_path": "", "filename": "075410_15357.198016.jpg", "width": 1920, "height": 1080, "id_view": 1, "id_intrinsic": 0, "id_pose": 1}}}}, {"key": 0, "value": {"polymorphic_id": 1073741824, "ptr_wrapper": {"id": 2147483658, "data": {"local_path": "", "filename": "075409_15357.099406.jpg", "width": 1920, "height": 1080, "id_view": 0, "id_intrinsic": 0, "id_pose": 0}}}}], "intrinsics": [{"key": 0, "value": {"polymorphic_id": 2147483649, "polymorphic_name": "pinhole_radial_k3", "ptr_wrapper": {"id": 2147483659, "data": {"width": 1920, "height": 1080, "focal_length": 1739.13, "principal_point": [960.0, 540.0], "disto_k3": [0.0, 0.0, 0.0]}}}}], "extrinsics": [{"key": 0, "value": {"rotation": [[0.9999998859812769, -0.0003611185070470082, 0.00031245936902025723], [0.0003611659952838254, 0.9999999232368225, -0.00015193904379493027], [-0.00031240447703424675, 0.0001520518761699895, 0.9999999396418331]], "center": [0.0002154402500207542, -0.0005040423832131292, 0.0002950498165112481]}}, {"key": 1, "value": {"rotation": [[0.999999546334639, 0.00015603691698102816, 0.0009396717494667176], [-0.00015608408707346453, 0.9999999865626032, 5.0125354145902415e-05], [-0.000939663915434252, -5.027199921292882e-05, 0.9999995572521281]], "center": [-0.00024015580492759426, -0.011663450676961194, 0.0011119426764622162]}}, {"key": 2, "value": {"rotation": [[0.9999988139028183, -0.0010395102461918124, 0.0011364908291966998], [0.0010398470311915205, 0.999999415613956, -0.0002957869141749742], [-0.0011361826915193426, 0.00029696833995766043, 0.9999993104491106]], "center": [0.000636690378635441, -0.023175104497885304, 0.0018212396512620648]}}, {"key": 3, "value": {"rotation": [[0.9999987565344446, -0.001576809835741282, 2.450115753717254e-05], [0.0015768278781129236, 0.9999984720212882, -0.0007546979078274713], [-2.3311105015828303e-05, 0.0007547356034948204, 0.9999997149153403]], "center": [0.0005700702364146645, -0.033845679729361915, 0.0029596318335305986]}}, {"key": 4, "value": {"rotation": [[0.999996887984508, -0.0018454492772672188, 0.001678790714996946], [0.0018440971456639007, 0.9999979743396015, 0.000806611685789981], [-0.0016802758752896638, -0.0008035133224362638, 0.999998265518158]], "center": [0.00021464867467473888, -0.046514045513091434, 0.0017104368247338475]}}, {"key": 5, "value": {"rotation": [[0.9999956727662184, -0.002609622917962151, 0.001358056355517188], [0.0026085373033478353, 0.9999962773221035, 0.0008005467336473851], [-0.0013601404250138192, -0.0007970007288311038, 0.9999987574031596]], "center": [0.000557740903298867, -0.05796918530024913, 0.0024325556572052805]}}, {"key": 6, "value": {"rotation": [[0.9999931020136719, -0.003129869575815391, 0.001999960377773916], [0.003126705785930233, 0.9999938587344159, 0.001583099612276762], [-0.002004902990798014, -0.001576835404392464, 0.9999967469717618]], "center": [-0.0005288541304631189, -0.06990194265197487, 0.002196376435017361]}}, {"key": 7, "value": {"rotation": [[0.9999883445114648, -0.004614767209638844, 0.0014194241160278439], [0.004614593869170797, 0.9999893448459896, 0.00012537109712698296], [-0.001419987550273366, -0.00011881957004200722, 0.9999989847581184]], "center": [0.00019266549233127586, -0.08035836480716445, 0.004029861380205355]}}, {"key": 8, "value": {"rotation": [[0.9999823195101467, -0.005832398012145052, 0.0011592241093381554], [0.005833027884941595, 0.9999828415560128, -0.0005407210526955365], [-0.0011560505184633608, 0.0005474732790371662, 0.9999991819097694]], "center": [0.0001265487061625059, -0.09102049415298341, 0.0050703857786136165]}}, {"key": 9, "value": {"rotation": [[0.999976392828628, -0.006869612537147855, 0.00014902696370803836], [0.006869830121986985, 0.9999752589292339, -0.0015122709769602302], [-0.00013863456095852025, 0.0015132590664444026, 0.9999988454130619]], "center": [0.0005696707497728635, -0.10172885562853817, 0.00682622642281215]}}], "structure": [], "control_points": []}