{"sfm_data_version": "0.3", "root_path": "/mnt/ST8000/jialei/SFM_E/ex_sea_12/6-1/images", "views": [{"key": 9, "value": {"polymorphic_id": 1073741824, "ptr_wrapper": {"id": 2147483649, "data": {"local_path": "", "filename": "104926_15025.847656.jpg", "width": 1920, "height": 1080, "id_view": 9, "id_intrinsic": 0, "id_pose": 9}}}}, {"key": 8, "value": {"polymorphic_id": 1073741824, "ptr_wrapper": {"id": 2147483650, "data": {"local_path": "", "filename": "104925_15025.748047.jpg", "width": 1920, "height": 1080, "id_view": 8, "id_intrinsic": 0, "id_pose": 8}}}}, {"key": 7, "value": {"polymorphic_id": 1073741824, "ptr_wrapper": {"id": 2147483651, "data": {"local_path": "", "filename": "104924_15025.647461.jpg", "width": 1920, "height": 1080, "id_view": 7, "id_intrinsic": 0, "id_pose": 7}}}}, {"key": 6, "value": {"polymorphic_id": 1073741824, "ptr_wrapper": {"id": 2147483652, "data": {"local_path": "", "filename": "104923_15025.547852.jpg", "width": 1920, "height": 1080, "id_view": 6, "id_intrinsic": 0, "id_pose": 6}}}}, {"key": 5, "value": {"polymorphic_id": 1073741824, "ptr_wrapper": {"id": 2147483653, "data": {"local_path": "", "filename": "104922_15025.447266.jpg", "width": 1920, "height": 1080, "id_view": 5, "id_intrinsic": 0, "id_pose": 5}}}}, {"key": 4, "value": {"polymorphic_id": 1073741824, "ptr_wrapper": {"id": 2147483654, "data": {"local_path": "", "filename": "104921_15025.347656.jpg", "width": 1920, "height": 1080, "id_view": 4, "id_intrinsic": 0, "id_pose": 4}}}}, {"key": 3, "value": {"polymorphic_id": 1073741824, "ptr_wrapper": {"id": 2147483655, "data": {"local_path": "", "filename": "104920_15025.280047.jpg", "width": 1920, "height": 1080, "id_view": 3, "id_intrinsic": 0, "id_pose": 3}}}}, {"key": 2, "value": {"polymorphic_id": 1073741824, "ptr_wrapper": {"id": 2147483656, "data": {"local_path": "", "filename": "104919_15025.248047.jpg", "width": 1920, "height": 1080, "id_view": 2, "id_intrinsic": 0, "id_pose": 2}}}}, {"key": 1, "value": {"polymorphic_id": 1073741824, "ptr_wrapper": {"id": 2147483657, "data": {"local_path": "", "filename": "104918_15025.147461.jpg", "width": 1920, "height": 1080, "id_view": 1, "id_intrinsic": 0, "id_pose": 1}}}}, {"key": 0, "value": {"polymorphic_id": 1073741824, "ptr_wrapper": {"id": 2147483658, "data": {"local_path": "", "filename": "104917_15025.047852.jpg", "width": 1920, "height": 1080, "id_view": 0, "id_intrinsic": 0, "id_pose": 0}}}}], "intrinsics": [{"key": 0, "value": {"polymorphic_id": 2147483649, "polymorphic_name": "pinhole_radial_k3", "ptr_wrapper": {"id": 2147483659, "data": {"width": 1920, "height": 1080, "focal_length": 1739.13, "principal_point": [960.0, 540.0], "disto_k3": [0.0, 0.0, 0.0]}}}}], "extrinsics": [{"key": 0, "value": {"rotation": [[0.999999986443592, 1.264291193935588e-05, 0.00016417360552828522], [-1.2636039055809714e-05, 0.9999999990438476, -4.186448079800637e-05], [-0.0001641741346602543, 4.186240572638258e-05, 0.999999985647196]], "center": [102655.28827466177, -59731.174787650445, 609.3316322258967]}}, {"key": 1, "value": {"rotation": [[0.9999993991449107, 0.0009129864261768455, -0.0006067665147350424], [-0.0009124602120663565, 0.9999992079024824, 0.00086695488265684], [0.0006075575521567551, -0.0008664007114398943, 0.9999994401116572]], "center": [102655.64233466786, -59737.12831706364, 609.480830134131]}}, {"key": 2, "value": {"rotation": [[0.999999560768877, 0.0007479265436482813, 0.0005648609911834712], [-0.0007494711195194057, 0.9999959675522423, 0.0027391919055087216], [-0.0005628099990767523, -0.0027396140493698476, 0.9999960888722343]], "center": [102656.02010077765, -59744.544461190075, 609.28291953751]}}, {"key": 3, "value": {"rotation": [[0.9999989479936615, 0.00042482414068509646, 0.0013869160106789583], [-0.00042889758054213034, 0.9999955918754442, 0.0029380736110925718], [-0.0013856617323833261, -0.0029386653651419454, 0.9999947220797893]], "center": [102656.12719689056, -59750.93278565828, 609.2621035739851]}}, {"key": 4, "value": {"rotation": [[0.999995639573584, -0.0006781802491881718, 0.002874179077452431], [0.0006716375311225746, 0.9999971826927927, 0.00227673219836353], [-0.0028757150148166198, -0.002274791864300775, 0.9999932777699697]], "center": [102656.65745167833, -59756.921110490766, 609.2049536464641]}}, {"key": 5, "value": {"rotation": [[0.9999931012814972, -0.0007511422888178867, 0.003637743074533091], [0.0007409940962980142, 0.9999958327371072, 0.0027902394463202662], [-0.0036398237819454163, -0.0027875246511017086, 0.9999894906393548]], "center": [102656.6745492731, -59763.40972588462, 609.0542850198392]}}, {"key": 6, "value": {"rotation": [[0.9999881483696302, -0.001334525188169067, 0.004682110934266563], [0.0013202801004499514, 0.9999944947691946, 0.0030442226854032603], [-0.004686147750017266, -0.0030380049085066193, 0.999984405151121]], "center": [102656.71083784419, -59769.63759404566, 609.0186244702577]}}, {"key": 7, "value": {"rotation": [[0.9999843971425547, -0.0013100592591770422, 0.005430397423662766], [0.0012899349213862823, 0.9999922944264604, 0.0037077156849901183], [-0.005435212906599518, -0.00370065297475712, 0.9999783815804323]], "center": [102656.71922050371, -59776.238561855775, 608.8213996314274]}}, {"key": 8, "value": {"rotation": [[0.9999777565148534, -0.0020778762015399217, 0.006337894446264501], [0.0020478823787629273, 0.9999866915495128, 0.0047352826337062545], [-0.006347649429802153, -0.004722198042162416, 0.9999687036064515]], "center": [102657.6077905053, -59783.03316630171, 608.8841495624035]}}, {"key": 9, "value": {"rotation": [[0.9999719093865203, -0.002494553906149248, 0.007068071779968086], [0.0024598701499653317, 0.9999849127220422, 0.0049115544519042105], [-0.007080217279347693, -0.004894029944537183, 0.9999629588110649]], "center": [102658.07583481837, -59789.53232008413, 608.8934412880859]}}], "structure": [], "control_points": []}