{"sfm_data_version": "0.3", "root_path": "/mnt/ST8000/jialei/SFM_E/ex_sea_12/6-1/images", "views": [{"key": 9, "value": {"polymorphic_id": 1073741824, "ptr_wrapper": {"id": 2147483649, "data": {"local_path": "", "filename": "104926_15025.847656.jpg", "width": 1920, "height": 1080, "id_view": 9, "id_intrinsic": 0, "id_pose": 9}}}}, {"key": 8, "value": {"polymorphic_id": 1073741824, "ptr_wrapper": {"id": 2147483650, "data": {"local_path": "", "filename": "104925_15025.748047.jpg", "width": 1920, "height": 1080, "id_view": 8, "id_intrinsic": 0, "id_pose": 8}}}}, {"key": 7, "value": {"polymorphic_id": 1073741824, "ptr_wrapper": {"id": 2147483651, "data": {"local_path": "", "filename": "104924_15025.647461.jpg", "width": 1920, "height": 1080, "id_view": 7, "id_intrinsic": 0, "id_pose": 7}}}}, {"key": 6, "value": {"polymorphic_id": 1073741824, "ptr_wrapper": {"id": 2147483652, "data": {"local_path": "", "filename": "104923_15025.547852.jpg", "width": 1920, "height": 1080, "id_view": 6, "id_intrinsic": 0, "id_pose": 6}}}}, {"key": 5, "value": {"polymorphic_id": 1073741824, "ptr_wrapper": {"id": 2147483653, "data": {"local_path": "", "filename": "104922_15025.447266.jpg", "width": 1920, "height": 1080, "id_view": 5, "id_intrinsic": 0, "id_pose": 5}}}}, {"key": 4, "value": {"polymorphic_id": 1073741824, "ptr_wrapper": {"id": 2147483654, "data": {"local_path": "", "filename": "104921_15025.347656.jpg", "width": 1920, "height": 1080, "id_view": 4, "id_intrinsic": 0, "id_pose": 4}}}}, {"key": 3, "value": {"polymorphic_id": 1073741824, "ptr_wrapper": {"id": 2147483655, "data": {"local_path": "", "filename": "104920_15025.280047.jpg", "width": 1920, "height": 1080, "id_view": 3, "id_intrinsic": 0, "id_pose": 3}}}}, {"key": 2, "value": {"polymorphic_id": 1073741824, "ptr_wrapper": {"id": 2147483656, "data": {"local_path": "", "filename": "104919_15025.248047.jpg", "width": 1920, "height": 1080, "id_view": 2, "id_intrinsic": 0, "id_pose": 2}}}}, {"key": 1, "value": {"polymorphic_id": 1073741824, "ptr_wrapper": {"id": 2147483657, "data": {"local_path": "", "filename": "104918_15025.147461.jpg", "width": 1920, "height": 1080, "id_view": 1, "id_intrinsic": 0, "id_pose": 1}}}}, {"key": 0, "value": {"polymorphic_id": 1073741824, "ptr_wrapper": {"id": 2147483658, "data": {"local_path": "", "filename": "104917_15025.047852.jpg", "width": 1920, "height": 1080, "id_view": 0, "id_intrinsic": 0, "id_pose": 0}}}}], "intrinsics": [{"key": 0, "value": {"polymorphic_id": 2147483649, "polymorphic_name": "pinhole_radial_k3", "ptr_wrapper": {"id": 2147483659, "data": {"width": 1920, "height": 1080, "focal_length": 1739.13, "principal_point": [960.0, 540.0], "disto_k3": [0.0, 0.0, 0.0]}}}}], "extrinsics": [{"key": 0, "value": {"rotation": [[0.9999989767557295, -0.0008525007884767604, 0.0011487949771934337], [0.0008533008842713332, 0.9999993936225857, -0.0006961551995072859], [-0.001148200807733613, 0.0006971347549403702, 0.9999990978186123]], "center": [0.0005706513630875939, -0.0014908289663778233, 0.0013783627871884537]}}, {"key": 1, "value": {"rotation": [[0.9999999277148514, 4.73376374277469e-05, 0.00037726574215218443], [-4.7417536344839076e-05, 0.9999999764508165, 0.00021177805283189772], [-0.00037725570819520436, -0.00021179592653552943, 0.9999999064103037]], "center": [0.0011020352560437516, -0.010562222099048032, 0.001612153841155538]}}, {"key": 2, "value": {"rotation": [[0.9999987934586653, -0.00011695471902156152, 0.0015490005835914601], [0.00011372621105131006, 0.9999978216352282, 0.002084176371390516], [-0.0015492409635650484, -0.0020839976947782976, 0.9999966283973387]], "center": [0.0016681296509992844, -0.021862501007122906, 0.0013185678641635123]}}, {"key": 3, "value": {"rotation": [[0.9999970919569979, -0.00043951784831884697, 0.002371265824181012], [0.0004341034371908388, 0.9999972988754307, 0.002283373830045861], [-0.002372263002649305, -0.002282337815251826, 0.9999945816364924]], "center": [0.0018229092102944704, -0.031596212303148075, 0.0012933808166484663]}}, {"key": 4, "value": {"rotation": [[0.9999913648923173, -0.0015415443748415887, 0.003859246265948279], [0.0015352897825571888, 0.9999975041876314, 0.0016231154582528732], [-0.00386173873849809, -0.0016171763811156593, 0.9999912358188286]], "center": [0.002623015108290614, -0.04072105961885625, 0.0012130697311727853]}}, {"key": 5, "value": {"rotation": [[0.9999880120297573, -0.0016140039413070474, 0.0046228549676612255], [0.0016041397957067358, 0.9999964306360593, 0.0021366915211624656], [-0.004626287095545896, -0.002129250200944685, 0.9999870317965588]], "center": [0.0026407311425437436, -0.05060758981905673, 0.0009899980877518246]}}, {"key": 6, "value": {"rotation": [[0.9999815262495427, -0.0021966980145124732, 0.005667598915593876], [0.002183174208138364, 0.9999947578331133, 0.00239124584041438], [-0.005672822050084337, -0.002378828309360828, 0.9999810799539475]], "center": [0.002687859005999745, -0.06009674386575317, 0.0009419269538212464]}}, {"key": 7, "value": {"rotation": [[0.999977059849528, -0.0021717386289993885, 0.006415865180999865], [0.0021521742309136764, 0.9999930184222681, 0.003054709937229951], [-0.006422454419709377, -0.003040831802012832, 0.9999747523918686]], "center": [0.00269221813771474, -0.07015449443392942, 0.0006480190288622624]}}, {"key": 8, "value": {"rotation": [[0.9999688613438182, -0.0029389548445367926, 0.00732385739686262], [0.0029091049949540046, 0.9999874329239035, 0.004083026131367213], [-0.0073357651868184715, -0.00406159312128482, 0.9999648443872622]], "center": [0.004037026157595405, -0.08050817969903626, 0.0007517342704507385]}}, {"key": 9, "value": {"rotation": [[0.9999619348805152, -0.0033551488831992226, 0.008054301086253312], [0.0033209174093598833, 0.999985413105557, 0.00425970464566184], [-0.008068475542298106, -0.0042327948307979745, 0.9999584907136616]], "center": [0.004741571731248883, -0.09041120150965316, 0.0007730726878775269]}}], "structure": [], "control_points": []}