{"sfm_data_version": "0.3", "root_path": "/mnt/ST8000/jialei/SFM_E/ex_sea_12/6-1/images", "views": [{"key": 9, "value": {"polymorphic_id": 1073741824, "ptr_wrapper": {"id": 2147483649, "data": {"local_path": "", "filename": "104926_15025.847656.jpg", "width": 1920, "height": 1080, "id_view": 9, "id_intrinsic": 0, "id_pose": 9}}}}, {"key": 8, "value": {"polymorphic_id": 1073741824, "ptr_wrapper": {"id": 2147483650, "data": {"local_path": "", "filename": "104925_15025.748047.jpg", "width": 1920, "height": 1080, "id_view": 8, "id_intrinsic": 0, "id_pose": 8}}}}, {"key": 7, "value": {"polymorphic_id": 1073741824, "ptr_wrapper": {"id": 2147483651, "data": {"local_path": "", "filename": "104924_15025.647461.jpg", "width": 1920, "height": 1080, "id_view": 7, "id_intrinsic": 0, "id_pose": 7}}}}, {"key": 6, "value": {"polymorphic_id": 1073741824, "ptr_wrapper": {"id": 2147483652, "data": {"local_path": "", "filename": "104923_15025.547852.jpg", "width": 1920, "height": 1080, "id_view": 6, "id_intrinsic": 0, "id_pose": 6}}}}, {"key": 5, "value": {"polymorphic_id": 1073741824, "ptr_wrapper": {"id": 2147483653, "data": {"local_path": "", "filename": "104922_15025.447266.jpg", "width": 1920, "height": 1080, "id_view": 5, "id_intrinsic": 0, "id_pose": 5}}}}, {"key": 4, "value": {"polymorphic_id": 1073741824, "ptr_wrapper": {"id": 2147483654, "data": {"local_path": "", "filename": "104921_15025.347656.jpg", "width": 1920, "height": 1080, "id_view": 4, "id_intrinsic": 0, "id_pose": 4}}}}, {"key": 3, "value": {"polymorphic_id": 1073741824, "ptr_wrapper": {"id": 2147483655, "data": {"local_path": "", "filename": "104920_15025.280047.jpg", "width": 1920, "height": 1080, "id_view": 3, "id_intrinsic": 0, "id_pose": 3}}}}, {"key": 2, "value": {"polymorphic_id": 1073741824, "ptr_wrapper": {"id": 2147483656, "data": {"local_path": "", "filename": "104919_15025.248047.jpg", "width": 1920, "height": 1080, "id_view": 2, "id_intrinsic": 0, "id_pose": 2}}}}, {"key": 1, "value": {"polymorphic_id": 1073741824, "ptr_wrapper": {"id": 2147483657, "data": {"local_path": "", "filename": "104918_15025.147461.jpg", "width": 1920, "height": 1080, "id_view": 1, "id_intrinsic": 0, "id_pose": 1}}}}, {"key": 0, "value": {"polymorphic_id": 1073741824, "ptr_wrapper": {"id": 2147483658, "data": {"local_path": "", "filename": "104917_15025.047852.jpg", "width": 1920, "height": 1080, "id_view": 0, "id_intrinsic": 0, "id_pose": 0}}}}], "intrinsics": [{"key": 0, "value": {"polymorphic_id": 2147483649, "polymorphic_name": "pinhole_radial_k3", "ptr_wrapper": {"id": 2147483659, "data": {"width": 1920, "height": 1080, "focal_length": 1739.13, "principal_point": [960.0, 540.0], "disto_k3": [0.0, 0.0, 0.0]}}}}], "extrinsics": [{"key": 0, "value": {"rotation": [[0.9999989620850113, -0.0007806980761950449, 0.0012109250241698186], [0.0007814576672196835, 0.9999994981378456, -0.000626935380552707], [-0.0012104349692068923, 0.0006278810164916226, 0.9999990703058751]], "center": [0.0002969493719082247, -0.0016684949612643888, 0.001621501998225927]}}, {"key": 1, "value": {"rotation": [[0.9999998437434786, 0.0002451894212070928, 0.0005023894566569704], [-0.00024532230128468234, 0.9999999349411575, 0.0002644516010265466], [-0.0005023245832371164, -0.00026457480704187815, 0.9999998388350794]], "center": [0.0008238250963535724, -0.01089300753489064, 0.0017520855753407824]}}, {"key": 2, "value": {"rotation": [[0.9999986868711455, 0.00031930303001273123, 0.0015888050732196048], [-0.00032261744911242605, 0.999997771655046, 0.002086289271481688], [-0.0015881353743279474, -0.0020867991081548595, 0.9999965615418461]], "center": [0.0015524932111441506, -0.022096812812829877, 0.0010721285772733176]}}, {"key": 3, "value": {"rotation": [[0.9999972603185523, 1.2084817055244144e-05, 0.0023407711010468048], [-1.7366873762773726e-05, 0.9999974538631579, 0.0022565384095387473], [-0.0023407378712693833, -0.0022565728792184937, 0.9999947143985607]], "center": [0.0017794679183055413, -0.03184134365463095, 0.0008674900063056092]}}, {"key": 4, "value": {"rotation": [[0.9999924447258405, -0.001207413043056275, 0.0036949485762799842], [0.001201599024610631, 0.9999980372611473, 0.0015753201699727484], [-0.0036968433861810624, -0.001570868421391715, 0.9999919328281508]], "center": [0.0027049762856707696, -0.04105280511928769, 0.0005120154306713085]}}, {"key": 5, "value": {"rotation": [[0.9999929006865581, 0.0006319552978415344, 0.0037147286558112474], [-0.0005982796542840533, 0.9999587822796994, -0.009059569700442936], [-0.003720300786232822, 0.00905728293714203, 0.9999520613448711]], "center": [0.005463868014776158, -0.04186055174661265, 0.015772669859290295]}}, {"key": 6, "value": {"rotation": [[0.9999890807516724, 7.853274729064157e-05, 0.004672495054404234], [-3.728688735940241e-05, 0.9999610422934605, -0.008826806051170848], [-0.004673006218042047, 0.008826535446286855, 0.999950126398763]], "center": [0.005588022727936958, -0.05136500727827911, 0.015487949349707453]}}, {"key": 7, "value": {"rotation": [[0.999985530148727, 0.00018821720162439274, 0.005376250315498662], [-0.00014419307810674935, 0.9999664686474642, -0.008187843982225839], [-0.005377611135635614, 0.008186950287259506, 0.999952026421002]], "center": [0.005699545091111209, -0.06141128667889246, 0.014991335769236813]}}, {"key": 8, "value": {"rotation": [[0.9999807546490918, -0.00045074986658203765, 0.006187661593140683], [0.0004952105427105367, 0.9999740597207376, -0.007185725582433897], [-0.006184262118623354, 0.00718865148587917, 0.9999550380851447]], "center": [0.007125475907487328, -0.07180861299856385, 0.014818724429667054]}}, {"key": 9, "value": {"rotation": [[0.99997611149639, -0.0008520002834641504, 0.0068593390408070035], [0.000900178566073391, 0.9999749281390288, -0.007023729201367155], [-0.0068531828451416634, 0.007029736044968708, 0.9999518071867413]], "center": [0.007885073437151134, -0.08180269508204613, 0.014667542035996212]}}], "structure": [], "control_points": []}