{"sfm_data_version": "0.3", "root_path": "/mnt/ST8000/jialei/SFM_E/ex_sea_12/6-1/images", "views": [{"key": 9, "value": {"polymorphic_id": 1073741824, "ptr_wrapper": {"id": 2147483649, "data": {"local_path": "", "filename": "104926_15025.847656.jpg", "width": 1920, "height": 1080, "id_view": 9, "id_intrinsic": 0, "id_pose": 9}}}}, {"key": 8, "value": {"polymorphic_id": 1073741824, "ptr_wrapper": {"id": 2147483650, "data": {"local_path": "", "filename": "104925_15025.748047.jpg", "width": 1920, "height": 1080, "id_view": 8, "id_intrinsic": 0, "id_pose": 8}}}}, {"key": 7, "value": {"polymorphic_id": 1073741824, "ptr_wrapper": {"id": 2147483651, "data": {"local_path": "", "filename": "104924_15025.647461.jpg", "width": 1920, "height": 1080, "id_view": 7, "id_intrinsic": 0, "id_pose": 7}}}}, {"key": 6, "value": {"polymorphic_id": 1073741824, "ptr_wrapper": {"id": 2147483652, "data": {"local_path": "", "filename": "104923_15025.547852.jpg", "width": 1920, "height": 1080, "id_view": 6, "id_intrinsic": 0, "id_pose": 6}}}}, {"key": 5, "value": {"polymorphic_id": 1073741824, "ptr_wrapper": {"id": 2147483653, "data": {"local_path": "", "filename": "104922_15025.447266.jpg", "width": 1920, "height": 1080, "id_view": 5, "id_intrinsic": 0, "id_pose": 5}}}}, {"key": 4, "value": {"polymorphic_id": 1073741824, "ptr_wrapper": {"id": 2147483654, "data": {"local_path": "", "filename": "104921_15025.347656.jpg", "width": 1920, "height": 1080, "id_view": 4, "id_intrinsic": 0, "id_pose": 4}}}}, {"key": 3, "value": {"polymorphic_id": 1073741824, "ptr_wrapper": {"id": 2147483655, "data": {"local_path": "", "filename": "104920_15025.280047.jpg", "width": 1920, "height": 1080, "id_view": 3, "id_intrinsic": 0, "id_pose": 3}}}}, {"key": 2, "value": {"polymorphic_id": 1073741824, "ptr_wrapper": {"id": 2147483656, "data": {"local_path": "", "filename": "104919_15025.248047.jpg", "width": 1920, "height": 1080, "id_view": 2, "id_intrinsic": 0, "id_pose": 2}}}}, {"key": 1, "value": {"polymorphic_id": 1073741824, "ptr_wrapper": {"id": 2147483657, "data": {"local_path": "", "filename": "104918_15025.147461.jpg", "width": 1920, "height": 1080, "id_view": 1, "id_intrinsic": 0, "id_pose": 1}}}}, {"key": 0, "value": {"polymorphic_id": 1073741824, "ptr_wrapper": {"id": 2147483658, "data": {"local_path": "", "filename": "104917_15025.047852.jpg", "width": 1920, "height": 1080, "id_view": 0, "id_intrinsic": 0, "id_pose": 0}}}}], "intrinsics": [{"key": 0, "value": {"polymorphic_id": 2147483649, "polymorphic_name": "pinhole_radial_k3", "ptr_wrapper": {"id": 2147483659, "data": {"width": 1920, "height": 1080, "focal_length": 1739.13, "principal_point": [960.0, 540.0], "disto_k3": [0.0, 0.0, 0.0]}}}}], "extrinsics": [{"key": 0, "value": {"rotation": [[0.9999999462029154, 0.00015603961662881093, 0.0002885234903349775], [-0.00015606756518019133, 0.9999999831317353, 9.684753045862177e-05], [-0.00028850837341656225, -9.689255440714126e-05, 0.9999999536873747]], "center": [102655.28827507404, -59731.17478813741, 609.3316322814209]}}, {"key": 1, "value": {"rotation": [[0.999999213024271, 0.001182439945028172, -0.00041926914412033155], [-0.001182024737752178, 0.9999988121687873, 0.0009891807385943505], [0.0004204382929175181, -0.0009886843736329404, 0.9999994228672592]], "center": [102655.65218362812, -59737.441571798074, 609.4154791693566]}}, {"key": 2, "value": {"rotation": [[0.9999989889468133, 0.0012557662445691368, 0.0006672004876963528], [-0.0012576371198497211, 0.999995258058575, 0.00281108684296638], [-0.0006636672559027382, -0.00281192309690771, 0.9999958263084255]], "center": [102656.15394010815, -59745.05254299023, 608.9475510721794]}}, {"key": 3, "value": {"rotation": [[0.9999985439422482, 0.0009480027576786425, 0.0014189447331277704], [-0.0009522294532881637, 0.9999951032753461, 0.002981054242780951], [-0.0014161117373031318, -0.0029824010631612063, 0.9999945499408716]], "center": [102656.3142194244, -59751.67264885496, 608.803582751733]}}, {"key": 4, "value": {"rotation": [[0.9999961202067832, -0.00027247869773591634, 0.0027722421866368664], [0.0002661064108968083, 0.9999973225489001, 0.0022987132074229377], [-0.0027728611144751834, -0.0022979665774725674, 0.9999935152743986]], "center": [102656.94864260423, -59757.93007280866, 608.5569626411454]}}, {"key": 5, "value": {"rotation": [[0.9999948710244787, 0.0015668744669331107, 0.002793354460536286], [-0.0015435447744840045, 0.9999640758226502, -0.00833453860049649], [-0.0028063132873019634, 0.00833018418517121, 0.9999613655722781]], "center": [102658.83308855939, -59758.48459419873, 618.9227956615191]}}, {"key": 6, "value": {"rotation": [[0.999992453173891, 0.0010127556459138879, 0.003750722765748741], [-0.0009823398821351703, 0.9999666933928907, -0.008102290617176494], [-0.0037588034824665244, 0.008098544986038514, 0.9999601416884024]], "center": [102658.92330984877, -59764.941621073565, 618.7246029201301]}}, {"key": 7, "value": {"rotation": [[0.999989449030103, 0.0011219274295495858, 0.004454560282935596], [-0.001088661612771467, 0.9999715571285082, -0.007463226506027453], [-0.004462806780979888, 0.007458298252967467, 0.9999622278580357]], "center": [102659.00516092518, -59771.76666233194, 618.3821930475182]}}, {"key": 8, "value": {"rotation": [[0.9999860207514926, 0.00048236916317950167, 0.005265512471388902], [-0.0004483411881654255, 0.9999790225386553, -0.006461692720579885], [-0.005268518935614866, 0.006459241644853853, 0.9999652598493605]], "center": [102659.98043626532, -59778.82952387234, 618.2589115430876]}}, {"key": 9, "value": {"rotation": [[0.9999823731853643, 8.062862232520484e-05, 0.0059369030303887], [-4.3224884496873514e-05, 0.9999801534333038, -0.006300069135807457], [-0.005937293169141686, 0.006299701463708842, 0.9999625304536628]], "center": [102660.50276727714, -59785.61885971612, 618.1508044838149]}}], "structure": [], "control_points": []}