{"sfm_data_version": "0.3", "root_path": "/mnt/ST8000/jialei/SFM_E/ex_sea_12/6-1/images", "views": [{"key": 9, "value": {"polymorphic_id": 1073741824, "ptr_wrapper": {"id": 2147483649, "data": {"local_path": "", "filename": "104926_15025.847656.jpg", "width": 1920, "height": 1080, "id_view": 9, "id_intrinsic": 0, "id_pose": 9}}}}, {"key": 8, "value": {"polymorphic_id": 1073741824, "ptr_wrapper": {"id": 2147483650, "data": {"local_path": "", "filename": "104925_15025.748047.jpg", "width": 1920, "height": 1080, "id_view": 8, "id_intrinsic": 0, "id_pose": 8}}}}, {"key": 7, "value": {"polymorphic_id": 1073741824, "ptr_wrapper": {"id": 2147483651, "data": {"local_path": "", "filename": "104924_15025.647461.jpg", "width": 1920, "height": 1080, "id_view": 7, "id_intrinsic": 0, "id_pose": 7}}}}, {"key": 6, "value": {"polymorphic_id": 1073741824, "ptr_wrapper": {"id": 2147483652, "data": {"local_path": "", "filename": "104923_15025.547852.jpg", "width": 1920, "height": 1080, "id_view": 6, "id_intrinsic": 0, "id_pose": 6}}}}, {"key": 5, "value": {"polymorphic_id": 1073741824, "ptr_wrapper": {"id": 2147483653, "data": {"local_path": "", "filename": "104922_15025.447266.jpg", "width": 1920, "height": 1080, "id_view": 5, "id_intrinsic": 0, "id_pose": 5}}}}, {"key": 4, "value": {"polymorphic_id": 1073741824, "ptr_wrapper": {"id": 2147483654, "data": {"local_path": "", "filename": "104921_15025.347656.jpg", "width": 1920, "height": 1080, "id_view": 4, "id_intrinsic": 0, "id_pose": 4}}}}, {"key": 3, "value": {"polymorphic_id": 1073741824, "ptr_wrapper": {"id": 2147483655, "data": {"local_path": "", "filename": "104920_15025.280047.jpg", "width": 1920, "height": 1080, "id_view": 3, "id_intrinsic": 0, "id_pose": 3}}}}, {"key": 2, "value": {"polymorphic_id": 1073741824, "ptr_wrapper": {"id": 2147483656, "data": {"local_path": "", "filename": "104919_15025.248047.jpg", "width": 1920, "height": 1080, "id_view": 2, "id_intrinsic": 0, "id_pose": 2}}}}, {"key": 1, "value": {"polymorphic_id": 1073741824, "ptr_wrapper": {"id": 2147483657, "data": {"local_path": "", "filename": "104918_15025.147461.jpg", "width": 1920, "height": 1080, "id_view": 1, "id_intrinsic": 0, "id_pose": 1}}}}, {"key": 0, "value": {"polymorphic_id": 1073741824, "ptr_wrapper": {"id": 2147483658, "data": {"local_path": "", "filename": "104917_15025.047852.jpg", "width": 1920, "height": 1080, "id_view": 0, "id_intrinsic": 0, "id_pose": 0}}}}], "intrinsics": [{"key": 0, "value": {"polymorphic_id": 2147483649, "polymorphic_name": "pinhole_radial_k3", "ptr_wrapper": {"id": 2147483659, "data": {"width": 1920, "height": 1080, "focal_length": 1739.13, "principal_point": [960.0, 540.0], "disto_k3": [0.0, 0.0, 0.0]}}}}], "extrinsics": [{"key": 0, "value": {"rotation": [[0.9999999706527659, 0.00010347048923728771, 0.00021906237774349687], [-0.00010347841355821144, 0.9999999939922354, 3.6162785355412325e-05], [-0.00021905863464632876, -3.61854525214544e-05, 0.9999999753519635]], "center": [102655.28827485777, -59731.17478786744, 609.3316322556988]}}, {"key": 1, "value": {"rotation": [[0.9999993051750392, 0.0010557322879947491, -0.0005244795279633351], [-0.0010552445329845737, 0.9999990113488754, 0.0009293870275653593], [0.0005254601933291233, -0.0009288329276495057, 0.9999994305803267]], "center": [102655.65717221831, -59737.328030417746, 609.4526993968245]}}, {"key": 2, "value": {"rotation": [[0.9999993262679002, 0.000987737216144779, 0.000609785977077254], [-0.000989420564408286, 0.9999956838803111, 0.0027664539930087485], [-0.0006070508156023688, -0.0027670554639455435, 0.999995987438633]], "center": [102656.09481577673, -59744.885062938505, 609.1418412052695]}}, {"key": 3, "value": {"rotation": [[0.999998790206681, 0.0006719794999128321, 0.0014028644717761366], [-0.0006761227942023033, 0.9999954051965054, 0.0029550708694937775], [-0.0014008722788444983, -0.002956015803115356, 0.9999946497494023]], "center": [102656.22958505021, -59751.437044519305, 609.0675209680421]}}, {"key": 4, "value": {"rotation": [[0.9999958749662784, -0.00047725217577111197, 0.0028323631102491935], [0.0004707496605868286, 0.9999972533527772, 0.0022960142983250503], [-0.0028334511085664127, -0.002294671493215824, 0.9999933529966852]], "center": [102656.81877142256, -59757.60606081775, 608.9309726460108]}}, {"key": 5, "value": {"rotation": [[0.9999934772624619, -0.0005256202036709936, 0.0035733955744548726], [0.0005156381450456133, 0.9999959644317363, 0.002793785522334769], [-0.0035748496238883695, -0.002791924720139514, 0.9999897127503476]], "center": [102656.8690914698, -59764.24777978249, 608.7234757742332]}}, {"key": 6, "value": {"rotation": [[0.9999889057172846, -0.001096608187794538, 0.0045810362179165625], [0.0010826791703872894, 0.9999947871399176, 0.0030419564107721894], [-0.004584348171922691, -0.0030369628699557813, 0.9999848801898777]], "center": [102656.93666723829, -59770.634601772836, 608.6174447204327]}}, {"key": 7, "value": {"rotation": [[0.9999853758321247, -0.0010384144572056033, 0.005307524592401077], [0.0010188321565764403, 0.999992669560501, 0.0036909086008545004], [-0.005311318378764488, -0.0036854471476609153, 0.9999791034698676]], "center": [102656.98542095219, -59777.390493852174, 608.35607484703]}}, {"key": 8, "value": {"rotation": [[0.9999794053291811, -0.0017552681696595494, 0.006173163787694891], [0.0017262747876628922, 0.9999874701839623, 0.004698877572019652], [-0.006181334229323546, -0.00468812422317599, 0.9999699058463772]], "center": [102657.92525235674, -59784.349166745575, 608.338697561394]}}, {"key": 9, "value": {"rotation": [[0.9999740120330439, -0.002165535873468431, 0.0068764607842862], [0.0021320651191350445, 0.9999858635099911, 0.0048710449089693075], [-0.0068869119977586725, -0.00485625725823385, 0.9999644929739135]], "center": [102658.4279167733, -59791.03459928659, 608.2984493942236]}}], "structure": [], "control_points": []}