{"sfm_data_version": "0.3", "root_path": "/mnt/ST8000/jialei/SFM_E/ex_sea_12/6-1/images", "views": [{"key": 9, "value": {"polymorphic_id": 1073741824, "ptr_wrapper": {"id": 2147483649, "data": {"local_path": "", "filename": "104926_15025.847656.jpg", "width": 1920, "height": 1080, "id_view": 9, "id_intrinsic": 0, "id_pose": 9}}}}, {"key": 8, "value": {"polymorphic_id": 1073741824, "ptr_wrapper": {"id": 2147483650, "data": {"local_path": "", "filename": "104925_15025.748047.jpg", "width": 1920, "height": 1080, "id_view": 8, "id_intrinsic": 0, "id_pose": 8}}}}, {"key": 7, "value": {"polymorphic_id": 1073741824, "ptr_wrapper": {"id": 2147483651, "data": {"local_path": "", "filename": "104924_15025.647461.jpg", "width": 1920, "height": 1080, "id_view": 7, "id_intrinsic": 0, "id_pose": 7}}}}, {"key": 6, "value": {"polymorphic_id": 1073741824, "ptr_wrapper": {"id": 2147483652, "data": {"local_path": "", "filename": "104923_15025.547852.jpg", "width": 1920, "height": 1080, "id_view": 6, "id_intrinsic": 0, "id_pose": 6}}}}, {"key": 5, "value": {"polymorphic_id": 1073741824, "ptr_wrapper": {"id": 2147483653, "data": {"local_path": "", "filename": "104922_15025.447266.jpg", "width": 1920, "height": 1080, "id_view": 5, "id_intrinsic": 0, "id_pose": 5}}}}, {"key": 4, "value": {"polymorphic_id": 1073741824, "ptr_wrapper": {"id": 2147483654, "data": {"local_path": "", "filename": "104921_15025.347656.jpg", "width": 1920, "height": 1080, "id_view": 4, "id_intrinsic": 0, "id_pose": 4}}}}, {"key": 3, "value": {"polymorphic_id": 1073741824, "ptr_wrapper": {"id": 2147483655, "data": {"local_path": "", "filename": "104920_15025.280047.jpg", "width": 1920, "height": 1080, "id_view": 3, "id_intrinsic": 0, "id_pose": 3}}}}, {"key": 2, "value": {"polymorphic_id": 1073741824, "ptr_wrapper": {"id": 2147483656, "data": {"local_path": "", "filename": "104919_15025.248047.jpg", "width": 1920, "height": 1080, "id_view": 2, "id_intrinsic": 0, "id_pose": 2}}}}, {"key": 1, "value": {"polymorphic_id": 1073741824, "ptr_wrapper": {"id": 2147483657, "data": {"local_path": "", "filename": "104918_15025.147461.jpg", "width": 1920, "height": 1080, "id_view": 1, "id_intrinsic": 0, "id_pose": 1}}}}, {"key": 0, "value": {"polymorphic_id": 1073741824, "ptr_wrapper": {"id": 2147483658, "data": {"local_path": "", "filename": "104917_15025.047852.jpg", "width": 1920, "height": 1080, "id_view": 0, "id_intrinsic": 0, "id_pose": 0}}}}], "intrinsics": [{"key": 0, "value": {"polymorphic_id": 2147483649, "polymorphic_name": "pinhole_radial_k3", "ptr_wrapper": {"id": 2147483659, "data": {"width": 1920, "height": 1080, "focal_length": 1739.13, "principal_point": [960.0, 540.0], "disto_k3": [0.0, 0.0, 0.0]}}}}], "extrinsics": [{"key": 0, "value": {"rotation": [[0.9999989826110595, -0.0008070365366487193, 0.0011762095368234881], [0.0008078099534523763, 0.9999994577500204, -0.0006572235117162519], [-0.0011756784956372015, 0.0006581729968354924, 0.9999990922937786]], "center": [0.0004498389546378211, -0.0015530342648310386, 0.0014925909863474265]}}, {"key": 1, "value": {"rotation": [[0.9999998962144684, 0.0001447091075774239, 0.00043200732250205543], [-0.0001448106775793577, 0.9999999618813403, 0.0002350897391837535], [-0.0004319732864081489, -0.00023515227405794631, 0.9999998790512366]], "center": [0.0009968295140945032, -0.010821056020473457, 0.0016818919797090754]}}, {"key": 2, "value": {"rotation": [[0.9999987703180976, 7.75014216528457e-05, 0.0015663191956109459], [-8.074711341080851e-05, 0.9999978496882499, 0.00207222073636276], [-0.0015661552274833623, -0.002072344663944212, 0.9999966262670076]], "center": [0.0016460569068048826, -0.022203927329539686, 0.0012222180796985518]}}, {"key": 3, "value": {"rotation": [[0.9999971878514599, -0.00023770507686700696, 0.002359615534040467], [0.00023236970091208226, 0.9999974166272714, 0.0022611375689165223], [-0.0023601469221537106, -0.0022605829071059447, 0.9999946597214535]], "center": [0.001840152160109406, -0.03207238888679476, 0.0011173172296205596]}}, {"key": 4, "value": {"rotation": [[0.999991857852531, -0.001385941045068248, 0.003789907131183732], [0.0013798732840093625, 0.999997762882532, 0.0016031779849582585], [-0.003792120562888212, -0.001597935340047496, 0.999991533176299]], "center": [0.002719278164621526, -0.04136473959072197, 0.0009189474482648469]}}, {"key": 5, "value": {"rotation": [[0.9999887072098216, -0.0014337924634474275, 0.0045309703156173374], [0.001424284393135739, 0.9999967786165842, 0.002100992723001739], [-0.00453396810715672, -0.002094515606625447, 0.9999875279910125]], "center": [0.0027862498235629854, -0.051368381584162695, 0.0006134359535476929]}}, {"key": 6, "value": {"rotation": [[0.999982651418183, -0.002004076447348449, 0.005539001737988819], [0.0019910864536095674, 0.9999952572145411, 0.0023497070367893254], [-0.005543684460222523, -0.002338637641377491, 0.9999818990044704]], "center": [0.0028794146814941626, -0.060988030731996094, 0.000460504857505116]}}, {"key": 7, "value": {"rotation": [[0.999978479619975, -0.0019453752419773466, 0.00626544588120834], [0.0019266167864318566, 0.9999936482553476, 0.0029985991261170394], [-0.0062712394851965145, -0.0029864634819150707, 0.9999758760046111]], "center": [0.002943948130305595, -0.07116368755209611, 7.397006440683417e-05]}}, {"key": 8, "value": {"rotation": [[0.9999710277777694, -0.002661622156185657, 0.007131575742330876], [0.0026330898516484227, 0.9999885043338717, 0.004007248175500424], [-0.00714215954064642, -0.00398835399690234, 0.999966540734984]], "center": [0.004349938830128272, -0.08164572767955335, 5.6418571297298315e-05]}}, {"key": 9, "value": {"rotation": [[0.9999645878351623, -0.003071396479669705, 0.007835151518490487], [0.0030387136717008986, 0.9999866476358151, 0.004179804936330676], [-0.007847884738861126, -0.004155848138350172, 0.9999605690382873]], "center": [0.005097903150176858, -0.0917156539899525, 3.5047581797284508e-06]}}], "structure": [], "control_points": []}