{"sfm_data_version": "0.3", "root_path": "/mnt/ST8000/jialei/SFM_E/ex_sea_12/6-1/images", "views": [{"key": 9, "value": {"polymorphic_id": 1073741824, "ptr_wrapper": {"id": 2147483649, "data": {"local_path": "", "filename": "104926_15025.847656.jpg", "width": 1920, "height": 1080, "id_view": 9, "id_intrinsic": 0, "id_pose": 9}}}}, {"key": 8, "value": {"polymorphic_id": 1073741824, "ptr_wrapper": {"id": 2147483650, "data": {"local_path": "", "filename": "104925_15025.748047.jpg", "width": 1920, "height": 1080, "id_view": 8, "id_intrinsic": 0, "id_pose": 8}}}}, {"key": 7, "value": {"polymorphic_id": 1073741824, "ptr_wrapper": {"id": 2147483651, "data": {"local_path": "", "filename": "104924_15025.647461.jpg", "width": 1920, "height": 1080, "id_view": 7, "id_intrinsic": 0, "id_pose": 7}}}}, {"key": 6, "value": {"polymorphic_id": 1073741824, "ptr_wrapper": {"id": 2147483652, "data": {"local_path": "", "filename": "104923_15025.547852.jpg", "width": 1920, "height": 1080, "id_view": 6, "id_intrinsic": 0, "id_pose": 6}}}}, {"key": 5, "value": {"polymorphic_id": 1073741824, "ptr_wrapper": {"id": 2147483653, "data": {"local_path": "", "filename": "104922_15025.447266.jpg", "width": 1920, "height": 1080, "id_view": 5, "id_intrinsic": 0, "id_pose": 5}}}}, {"key": 4, "value": {"polymorphic_id": 1073741824, "ptr_wrapper": {"id": 2147483654, "data": {"local_path": "", "filename": "104921_15025.347656.jpg", "width": 1920, "height": 1080, "id_view": 4, "id_intrinsic": 0, "id_pose": 4}}}}, {"key": 3, "value": {"polymorphic_id": 1073741824, "ptr_wrapper": {"id": 2147483655, "data": {"local_path": "", "filename": "104920_15025.280047.jpg", "width": 1920, "height": 1080, "id_view": 3, "id_intrinsic": 0, "id_pose": 3}}}}, {"key": 2, "value": {"polymorphic_id": 1073741824, "ptr_wrapper": {"id": 2147483656, "data": {"local_path": "", "filename": "104919_15025.248047.jpg", "width": 1920, "height": 1080, "id_view": 2, "id_intrinsic": 0, "id_pose": 2}}}}, {"key": 1, "value": {"polymorphic_id": 1073741824, "ptr_wrapper": {"id": 2147483657, "data": {"local_path": "", "filename": "104918_15025.147461.jpg", "width": 1920, "height": 1080, "id_view": 1, "id_intrinsic": 0, "id_pose": 1}}}}, {"key": 0, "value": {"polymorphic_id": 1073741824, "ptr_wrapper": {"id": 2147483658, "data": {"local_path": "", "filename": "104917_15025.047852.jpg", "width": 1920, "height": 1080, "id_view": 0, "id_intrinsic": 0, "id_pose": 0}}}}], "intrinsics": [{"key": 0, "value": {"polymorphic_id": 2147483649, "polymorphic_name": "pinhole_radial_k3", "ptr_wrapper": {"id": 2147483659, "data": {"width": 1920, "height": 1080, "focal_length": 1739.13, "principal_point": [960.0, 540.0], "disto_k3": [0.0, 0.0, 0.0]}}}}], "extrinsics": [{"key": 0, "value": {"rotation": [[0.9999999747059928, 2.3754552188049005e-05, 0.00022365986532729682], [-2.3743381739514337e-05, 0.9999999984708027, -4.994643432182612e-05], [-0.0002236610514404576, 4.9941122616918153e-05, 0.9999999737408087]], "center": [102655.28827476109, -59731.17478773396, 609.3316322514356]}}, {"key": 1, "value": {"rotation": [[0.9999994054763438, 0.0009482928001835415, -0.0005383193514506907], [-0.0009478207021900598, 0.9999991666356192, 0.0008765637360152496], [0.0005391501419142922, -0.0008760529846516735, 0.9999994709240063]], "center": [102655.62341573462, -59737.04292839742, 609.4689229095898]}}, {"key": 2, "value": {"rotation": [[0.9999994631932614, 0.0008295009600529204, 0.0006209197586893771], [-0.0008312190985656986, 0.9999958126430929, 0.002771961596068305], [-0.000618617813871558, -0.0027724762284227216, 0.9999959653356423]], "center": [102655.99365728049, -59744.38264626939, 609.2205795175912]}}, {"key": 3, "value": {"rotation": [[0.9999988469673238, 0.0005092800097779953, 0.0014306284966466743], [-0.0005135176565400297, 0.9999954776150293, 0.002963283500631479], [-0.0014291128857436804, -0.0029640147368617392, 0.9999945861118447]], "center": [102656.09467901943, -59750.68070229375, 609.178267794712]}}, {"key": 4, "value": {"rotation": [[0.999995607677095, -0.0006164944992688211, 0.0028990620983862327], [0.0006098904619609601, 0.9999972186338484, 0.0022783235482994667], [-0.002900458608968123, -0.0022765454308443216, 0.9999932023172753]], "center": [102656.605813918, -59756.58220733496, 609.0829837125708]}}, {"key": 5, "value": {"rotation": [[0.9999930859310684, -0.000675798054523041, 0.003656690723731786], [0.0006655786736375503, 0.999995871914005, 0.0027952030297397376], [-0.0036585646213675082, -0.0027927498881514692, 0.9999894076703879]], "center": [102656.62192786242, -59762.983779807306, 608.9068789741542]}}, {"key": 6, "value": {"rotation": [[0.9999882322937033, -0.001253455742206065, 0.004686589678788605], [0.0012392038934367234, 0.9999946033032054, 0.0030426531472786014], [-0.004690378217744098, -0.0030368097020530703, 0.9999843889476514]], "center": [102656.65045266777, -59769.12608961143, 608.8406816377354]}}, {"key": 7, "value": {"rotation": [[0.9999845091196294, -0.001211297275701187, 0.005432704638021537], [0.0011911337176994416, 0.9999923965889407, 0.0037132148836825744], [-0.005437161138007723, -0.0037066862850423338, 0.999978348643381]], "center": [102656.66101398368, -59775.641906227174, 608.6115851464494]}}, {"key": 8, "value": {"rotation": [[0.9999780968781838, -0.0019537577775786733, 0.006323653566745812], [0.0019236939962441726, 0.9999868361597938, 0.004756775013956679], [-0.006332863909360468, -0.0047445060513333585, 0.9999686917584139]], "center": [102657.53101066088, -59782.37161247767, 608.6353443240928]}}, {"key": 9, "value": {"rotation": [[0.9999723487892532, -0.0023669880567009196, 0.007049753502309621], [0.002332254738031009, 0.9999851226214217, 0.004931036772895212], [-0.007061320325606493, -0.004914458602750397, 0.9999629922411631]], "center": [102657.9841957542, -59788.79289838095, 608.6199721923865]}}], "structure": [], "control_points": []}