{"sfm_data_version": "0.3", "root_path": "/mnt/ST8000/jialei/SFM_E/ex_sea_12/6-1/images", "views": [{"key": 9, "value": {"polymorphic_id": 1073741824, "ptr_wrapper": {"id": 2147483649, "data": {"local_path": "", "filename": "104926_15025.847656.jpg", "width": 1920, "height": 1080, "id_view": 9, "id_intrinsic": 0, "id_pose": 9}}}}, {"key": 8, "value": {"polymorphic_id": 1073741824, "ptr_wrapper": {"id": 2147483650, "data": {"local_path": "", "filename": "104925_15025.748047.jpg", "width": 1920, "height": 1080, "id_view": 8, "id_intrinsic": 0, "id_pose": 8}}}}, {"key": 7, "value": {"polymorphic_id": 1073741824, "ptr_wrapper": {"id": 2147483651, "data": {"local_path": "", "filename": "104924_15025.647461.jpg", "width": 1920, "height": 1080, "id_view": 7, "id_intrinsic": 0, "id_pose": 7}}}}, {"key": 6, "value": {"polymorphic_id": 1073741824, "ptr_wrapper": {"id": 2147483652, "data": {"local_path": "", "filename": "104923_15025.547852.jpg", "width": 1920, "height": 1080, "id_view": 6, "id_intrinsic": 0, "id_pose": 6}}}}, {"key": 5, "value": {"polymorphic_id": 1073741824, "ptr_wrapper": {"id": 2147483653, "data": {"local_path": "", "filename": "104922_15025.447266.jpg", "width": 1920, "height": 1080, "id_view": 5, "id_intrinsic": 0, "id_pose": 5}}}}, {"key": 4, "value": {"polymorphic_id": 1073741824, "ptr_wrapper": {"id": 2147483654, "data": {"local_path": "", "filename": "104921_15025.347656.jpg", "width": 1920, "height": 1080, "id_view": 4, "id_intrinsic": 0, "id_pose": 4}}}}, {"key": 3, "value": {"polymorphic_id": 1073741824, "ptr_wrapper": {"id": 2147483655, "data": {"local_path": "", "filename": "104920_15025.280047.jpg", "width": 1920, "height": 1080, "id_view": 3, "id_intrinsic": 0, "id_pose": 3}}}}, {"key": 2, "value": {"polymorphic_id": 1073741824, "ptr_wrapper": {"id": 2147483656, "data": {"local_path": "", "filename": "104919_15025.248047.jpg", "width": 1920, "height": 1080, "id_view": 2, "id_intrinsic": 0, "id_pose": 2}}}}, {"key": 1, "value": {"polymorphic_id": 1073741824, "ptr_wrapper": {"id": 2147483657, "data": {"local_path": "", "filename": "104918_15025.147461.jpg", "width": 1920, "height": 1080, "id_view": 1, "id_intrinsic": 0, "id_pose": 1}}}}, {"key": 0, "value": {"polymorphic_id": 1073741824, "ptr_wrapper": {"id": 2147483658, "data": {"local_path": "", "filename": "104917_15025.047852.jpg", "width": 1920, "height": 1080, "id_view": 0, "id_intrinsic": 0, "id_pose": 0}}}}], "intrinsics": [{"key": 0, "value": {"polymorphic_id": 2147483649, "polymorphic_name": "pinhole_radial_k3", "ptr_wrapper": {"id": 2147483659, "data": {"width": 1920, "height": 1080, "focal_length": 1739.13, "principal_point": [960.0, 540.0], "disto_k3": [0.0, 0.0, 0.0]}}}}], "extrinsics": [{"key": 0, "value": {"rotation": [[0.9999989468974008, -0.0008469175030754677, 0.001178530794035507], [0.0008477431117035428, 0.9999993955133926, -0.0007002174419826002], [-0.0011779370552218577, 0.0007012157959443559, 0.9999990603799093]], "center": [0.0005296924842363852, -0.001546959922633257, 0.0014653728403998222]}}, {"key": 1, "value": {"rotation": [[0.9999999105185431, 7.712458471551146e-05, 0.00041595036270006643], [-7.721834891608738e-05, 0.9999999716137697, 0.00022541026197597588], [-0.0004159329662199551, -0.00022544236080618166, 0.9999998880877485]], "center": [0.001027975300015799, -0.010410641989578721, 0.0016789865985202515]}}, {"key": 2, "value": {"rotation": [[0.9999987584308307, -4.091247811232502e-05, 0.0015752659985749902], [3.757141895307062e-05, 0.9999977501400353, 0.002120920379430993], [-0.001575349226555683, -0.002120858561182836, 0.9999965101107993]], "center": [0.001577893735899331, -0.021497453933390264, 0.0013116256899899474]}}, {"key": 3, "value": {"rotation": [[0.9999970904314146, -0.0003606055173533771, 0.0023851818309258265], [0.000355089721451037, 0.9999972630179924, 0.0023125457430068995], [-0.002386009219480131, -0.0023116920609444988, 0.9999944815046832]], "center": [0.0017222505068447745, -0.03101035885403018, 0.0012540484267394626]}}, {"key": 4, "value": {"rotation": [[0.9999914687451249, -0.001485420472428548, 0.003854343392640909], [0.0014791520898242627, 0.9999975797884338, 0.0016286578429656744], [-0.003856753306016979, -0.0016229427883863961, 0.9999912457170025]], "center": [0.002486649903302409, -0.039924895454977516, 0.0011166625116183395]}}, {"key": 5, "value": {"rotation": [[0.9999881723018346, -0.0015442285198375627, 0.004612007666467634], [0.0015343458131231713, 0.999996521104975, 0.002145591031110694], [-0.004615304904639253, -0.002138489239054427, 0.9999870628285206]], "center": [0.002502816596246826, -0.049594173921895905, 0.0008569803860621033]}}, {"key": 6, "value": {"rotation": [[0.9999818324222953, -0.0021212110928633668, 0.00564227692055321], [0.002107733301859707, 0.9999949140817508, 0.002393589555440526], [-0.0056473255331108115, -0.002381653654752495, 0.9999812175437055]], "center": [0.0025379117668455336, -0.05887176425950833, 0.0007630682113872677]}}, {"key": 7, "value": {"rotation": [[0.9999774339576234, -0.0020785636285813405, 0.006388360413208844], [0.0020590213129483307, 0.9999931858184526, 0.00306410637771618], [-0.006394685821832043, -0.0030508834627161942, 0.9999748997366568]], "center": [0.002545617653282523, -0.06871364454924478, 0.0004234503112762216]}}, {"key": 8, "value": {"rotation": [[0.9999695244624895, -0.0028204380287007555, 0.007279785408156622], [0.0027905802441546747, 0.9999876669072271, 0.00410836893922198], [-0.007291283025879953, -0.004087928909128528, 0.9999650624042171]], "center": [0.0038507883965200893, -0.07887947048145841, 0.0004672010923652998]}}, {"key": 9, "value": {"rotation": [[0.9999627233419572, -0.0032331903089079708, 0.008006148072724963], [0.0031989728500865654, 0.9999857110462868, 0.004283021825254978], [-0.008019881497904004, -0.004257250718196503, 0.9999587778089063]], "center": [0.0045268597345573995, -0.08857894138928801, 0.00045094296147541206]}}], "structure": [], "control_points": []}