{"sfm_data_version": "0.3", "root_path": "/mnt/ST8000/jialei/SFM_E/ex_sea_12/1-2/images", "views": [{"key": 9, "value": {"polymorphic_id": 1073741824, "ptr_wrapper": {"id": 2147483649, "data": {"local_path": "", "filename": "038735_11734.566406.jpg", "width": 1920, "height": 1080, "id_view": 9, "id_intrinsic": 0, "id_pose": 9}}}}, {"key": 8, "value": {"polymorphic_id": 1073741824, "ptr_wrapper": {"id": 2147483650, "data": {"local_path": "", "filename": "038734_11734.465820.jpg", "width": 1920, "height": 1080, "id_view": 8, "id_intrinsic": 0, "id_pose": 8}}}}, {"key": 7, "value": {"polymorphic_id": 1073741824, "ptr_wrapper": {"id": 2147483651, "data": {"local_path": "", "filename": "038733_11734.399211.jpg", "width": 1920, "height": 1080, "id_view": 7, "id_intrinsic": 0, "id_pose": 7}}}}, {"key": 6, "value": {"polymorphic_id": 1073741824, "ptr_wrapper": {"id": 2147483652, "data": {"local_path": "", "filename": "038732_11734.299602.jpg", "width": 1920, "height": 1080, "id_view": 6, "id_intrinsic": 0, "id_pose": 6}}}}, {"key": 5, "value": {"polymorphic_id": 1073741824, "ptr_wrapper": {"id": 2147483653, "data": {"local_path": "", "filename": "038731_11734.198016.jpg", "width": 1920, "height": 1080, "id_view": 5, "id_intrinsic": 0, "id_pose": 5}}}}, {"key": 4, "value": {"polymorphic_id": 1073741824, "ptr_wrapper": {"id": 2147483654, "data": {"local_path": "", "filename": "038730_11734.100406.jpg", "width": 1920, "height": 1080, "id_view": 4, "id_intrinsic": 0, "id_pose": 4}}}}, {"key": 3, "value": {"polymorphic_id": 1073741824, "ptr_wrapper": {"id": 2147483655, "data": {"local_path": "", "filename": "038729_11733.998820.jpg", "width": 1920, "height": 1080, "id_view": 3, "id_intrinsic": 0, "id_pose": 3}}}}, {"key": 2, "value": {"polymorphic_id": 1073741824, "ptr_wrapper": {"id": 2147483656, "data": {"local_path": "", "filename": "038728_11733.899211.jpg", "width": 1920, "height": 1080, "id_view": 2, "id_intrinsic": 0, "id_pose": 2}}}}, {"key": 1, "value": {"polymorphic_id": 1073741824, "ptr_wrapper": {"id": 2147483657, "data": {"local_path": "", "filename": "038727_11733.798602.jpg", "width": 1920, "height": 1080, "id_view": 1, "id_intrinsic": 0, "id_pose": 1}}}}, {"key": 0, "value": {"polymorphic_id": 1073741824, "ptr_wrapper": {"id": 2147483658, "data": {"local_path": "", "filename": "038726_11733.699016.jpg", "width": 1920, "height": 1080, "id_view": 0, "id_intrinsic": 0, "id_pose": 0}}}}], "intrinsics": [{"key": 0, "value": {"polymorphic_id": 2147483649, "polymorphic_name": "pinhole_radial_k3", "ptr_wrapper": {"id": 2147483659, "data": {"width": 1920, "height": 1080, "focal_length": 1739.13, "principal_point": [960.0, 540.0], "disto_k3": [0.0, 0.0, 0.0]}}}}], "extrinsics": [{"key": 0, "value": {"rotation": [[0.9999999579630635, -0.00026822590252906345, 0.00011013054446946831], [0.00026820743287646234, 0.999999949972847, 0.00016768743614292264], [-0.00011017551707385289, -0.00016765789126324304, 0.9999999798760931]], "center": [102655.28827446664, -59731.17478751641, 609.3316320436975]}}, {"key": 1, "value": {"rotation": [[0.9999991845816861, 0.001095096852278477, 0.0006569618307169349], [-0.0010957906140851294, 0.9999988414332449, 0.0010565865310434835], [-0.0006558040049984989, -0.0010573055620913885, 0.9999992260127281]], "center": [102655.34188245836, -59737.315990221745, 610.3873321588792]}}, {"key": 2, "value": {"rotation": [[0.9999997252613682, 0.00021920705982868618, 0.0007081140117430934], [-0.00022024086976360613, 0.9999989096536268, 0.0014602005055248909], [-0.0007077931533939746, -0.0014603560599972536, 0.9999986831936479]], "center": [102655.37680770048, -59744.11450408492, 610.9044856620793]}}, {"key": 3, "value": {"rotation": [[0.9999957110893624, -0.0013180166992169048, 0.00261546073590353], [0.0013148421417923497, 0.9999983973421297, 0.001215114527088279], [-0.002617058085452979, -0.0012116703975748766, 0.9999958414222656]], "center": [102654.24321724009, -59750.34446391821, 610.346449401319]}}, {"key": 4, "value": {"rotation": [[0.9999934962847794, -0.002271364430922845, 0.0028014802809967674], [0.0022679869389870696, 0.999996698241008, 0.0012081979666325583], [-0.0028042152890710033, -0.0012018363881699202, 0.9999953459721242]], "center": [102654.63275303999, -59756.83557097592, 610.9540090516542]}}, {"key": 5, "value": {"rotation": [[0.9999896656383758, -0.0036583758260403236, 0.0026990559025129217], [0.0036579599677441484, 0.9999932970021196, 0.00015899592577126614], [-0.0026996194775982386, -0.0001491212442077711, 0.9999963449020856]], "center": [102654.87704211757, -59762.730299206516, 611.9893560265001]}}, {"key": 6, "value": {"rotation": [[0.9999840076366439, -0.004925246857749135, 0.0027796428451671777], [0.004924557868337448, 0.9999878418652179, 0.0002546596648677083], [-0.00278086331160903, -0.00024096708021346922, 0.9999961043594663]], "center": [102655.301786779, -59769.475192271246, 612.7489847893227]}}, {"key": 7, "value": {"rotation": [[0.9999723023918008, -0.006718410239317933, 0.003202719640732954], [0.0067179478535344325, 0.9999774223040411, 0.00015510900207140084], [-0.0032036894166104207, -0.0001335890023871095, 0.9999948592508368]], "center": [102655.1725503448, -59776.309363058244, 613.3190852791656]}}, {"key": 8, "value": {"rotation": [[0.9999665872468901, -0.007196416947344535, 0.0038776246502044863], [0.007194967300866081, 0.9999740407420386, 0.00038766942038605885], [-0.0038803138207327576, -0.0003597570847202054, 0.9999924068409184]], "center": [102654.42247138194, -59782.74017900038, 613.3098221531742]}}, {"key": 9, "value": {"rotation": [[0.9999532459755504, -0.008528000533844953, 0.004558406503996941], [0.00852731984697357, 0.9999636275099202, 0.0001687407159821161], [-0.004559679724317586, -0.0001298618364225008, 0.9999895961742381]], "center": [102654.47772927007, -59789.330446663545, 613.6370531942741]}}], "structure": [], "control_points": []}