{"sfm_data_version": "0.3", "root_path": "/mnt/ST8000/jialei/SFM_E/ex_sea_12/1-2/images", "views": [{"key": 9, "value": {"polymorphic_id": 1073741824, "ptr_wrapper": {"id": 2147483649, "data": {"local_path": "", "filename": "038735_11734.566406.jpg", "width": 1920, "height": 1080, "id_view": 9, "id_intrinsic": 0, "id_pose": 9}}}}, {"key": 8, "value": {"polymorphic_id": 1073741824, "ptr_wrapper": {"id": 2147483650, "data": {"local_path": "", "filename": "038734_11734.465820.jpg", "width": 1920, "height": 1080, "id_view": 8, "id_intrinsic": 0, "id_pose": 8}}}}, {"key": 7, "value": {"polymorphic_id": 1073741824, "ptr_wrapper": {"id": 2147483651, "data": {"local_path": "", "filename": "038733_11734.399211.jpg", "width": 1920, "height": 1080, "id_view": 7, "id_intrinsic": 0, "id_pose": 7}}}}, {"key": 6, "value": {"polymorphic_id": 1073741824, "ptr_wrapper": {"id": 2147483652, "data": {"local_path": "", "filename": "038732_11734.299602.jpg", "width": 1920, "height": 1080, "id_view": 6, "id_intrinsic": 0, "id_pose": 6}}}}, {"key": 5, "value": {"polymorphic_id": 1073741824, "ptr_wrapper": {"id": 2147483653, "data": {"local_path": "", "filename": "038731_11734.198016.jpg", "width": 1920, "height": 1080, "id_view": 5, "id_intrinsic": 0, "id_pose": 5}}}}, {"key": 4, "value": {"polymorphic_id": 1073741824, "ptr_wrapper": {"id": 2147483654, "data": {"local_path": "", "filename": "038730_11734.100406.jpg", "width": 1920, "height": 1080, "id_view": 4, "id_intrinsic": 0, "id_pose": 4}}}}, {"key": 3, "value": {"polymorphic_id": 1073741824, "ptr_wrapper": {"id": 2147483655, "data": {"local_path": "", "filename": "038729_11733.998820.jpg", "width": 1920, "height": 1080, "id_view": 3, "id_intrinsic": 0, "id_pose": 3}}}}, {"key": 2, "value": {"polymorphic_id": 1073741824, "ptr_wrapper": {"id": 2147483656, "data": {"local_path": "", "filename": "038728_11733.899211.jpg", "width": 1920, "height": 1080, "id_view": 2, "id_intrinsic": 0, "id_pose": 2}}}}, {"key": 1, "value": {"polymorphic_id": 1073741824, "ptr_wrapper": {"id": 2147483657, "data": {"local_path": "", "filename": "038727_11733.798602.jpg", "width": 1920, "height": 1080, "id_view": 1, "id_intrinsic": 0, "id_pose": 1}}}}, {"key": 0, "value": {"polymorphic_id": 1073741824, "ptr_wrapper": {"id": 2147483658, "data": {"local_path": "", "filename": "038726_11733.699016.jpg", "width": 1920, "height": 1080, "id_view": 0, "id_intrinsic": 0, "id_pose": 0}}}}], "intrinsics": [{"key": 0, "value": {"polymorphic_id": 2147483649, "polymorphic_name": "pinhole_radial_k3", "ptr_wrapper": {"id": 2147483659, "data": {"width": 1920, "height": 1080, "focal_length": 1739.13, "principal_point": [960.0, 540.0], "disto_k3": [0.0, 0.0, 0.0]}}}}], "extrinsics": [{"key": 0, "value": {"rotation": [[0.9999991010746069, -0.0013404918621448454, -3.052123477950776e-05], [0.0013404953443210178, 0.9999990949969325, 0.00011435710712921888], [3.036791238621634e-05, -0.00011439791790383497, 0.9999999929954532]], "center": [-0.00034278169599888164, -0.0010956201076701064, 0.0006167669195632734]}}, {"key": 1, "value": {"rotation": [[0.9999998664881237, 2.285999582655844e-05, 0.0005162374990527968], [-2.3378004980111635e-05, 0.9999994962725435, 0.0010034481193063327], [-0.0005162143001899758, -0.001003460053936915, 0.9999993632951556]], "center": [-0.00026818814745401145, -0.010806858230740242, 0.0022866782147128646]}}, {"key": 2, "value": {"rotation": [[0.9999994751802332, -0.0008530271532914064, 0.0005674362818911414], [0.0008522280983165424, 0.9999986471141491, 0.0014069389254368486], [-0.0005686356713210417, -0.0014064546019040705, 0.999998849268801]], "center": [-0.00022437247205599228, -0.021557532345377117, 0.00310503148208841]}}, {"key": 3, "value": {"rotation": [[0.9999940811078949, -0.0023901443624339716, 0.0024748654717847217], [0.0023872751735885735, 0.9999964757521028, 0.0011616370429682237], [-0.0024776332299747445, -0.0011557219824651246, 0.9999962628131553]], "center": [-0.0020276348236499247, -0.0314072468954477, 0.0022233715950033452]}}, {"key": 4, "value": {"rotation": [[0.9999908702409096, -0.003343479284454389, 0.0026609361327026215], [0.003340416618199902, 0.9999937542539131, 0.0011545864979995311], [-0.0026647798492093716, -0.0011456873216253033, 0.9999957931656096]], "center": [-0.001422523338366971, -0.0416724046993576, 0.0031845816374865463]}}, {"key": 5, "value": {"rotation": [[0.9999855379401518, -0.004730491215757729, 0.002558586211665945], [0.004730237540097308, 0.9999888068313872, 0.00010518912821428272], [-0.0025590551692261016, -9.308488641481064e-05, 0.9999967212805476]], "center": [-0.0010459876758088951, -0.05099421166233064, 0.004822244803522872]}}, {"key": 6, "value": {"rotation": [[0.999978532861312, -0.005997351167926831, 0.002639241464151192], [0.005996842312765051, 0.9999819986438878, 0.00020067498958731996], [-0.002640397472608923, -0.00018484356678364963, 0.9999964970608862]], "center": [-0.00038559602583910753, -0.06166073448627753, 0.006023939191286249]}}, {"key": 7, "value": {"rotation": [[0.999964964414529, -0.00779047848185969, 0.0030624154638039525], [0.007790206067620508, 0.9999696507965329, 0.00010087261406659889], [-0.003063108367863259, -7.701223240781606e-05, 0.9999953057071036]], "center": [-0.0006014219504783694, -0.07246751097392344, 0.006926058408159955]}}, {"key": 8, "value": {"rotation": [[0.9999588316980782, -0.008268442920596768, 0.0037373467437882427], [0.008267254336705696, 0.9999657701005419, 0.00033336610950745387], [-0.0037399752334330897, -0.00030245478931548137, 0.9999929605284001]], "center": [-0.0017984465310628616, -0.08263544843420564, 0.0069121191799515385]}}, {"key": 9, "value": {"rotation": [[0.9999441584264601, -0.009599975256307213, 0.004418201430097207], [0.009599564129609264, 0.9999539165958274, 0.00011425054572093143], [-0.004419094626746936, -7.183135782498166e-05, 0.999990233173773]], "center": [-0.0017221675003440406, -0.0930568681113196, 0.007430121112137463]}}], "structure": [], "control_points": []}