{"sfm_data_version": "0.3", "root_path": "/mnt/ST8000/jialei/SFM_E/ex_sea_12/6-3/images", "views": [{"key": 9, "value": {"polymorphic_id": 1073741824, "ptr_wrapper": {"id": 2147483649, "data": {"local_path": "", "filename": "087511_13303.979266.jpg", "width": 1920, "height": 1080, "id_view": 9, "id_intrinsic": 0, "id_pose": 9}}}}, {"key": 8, "value": {"polymorphic_id": 1073741824, "ptr_wrapper": {"id": 2147483650, "data": {"local_path": "", "filename": "087510_13303.879656.jpg", "width": 1920, "height": 1080, "id_view": 8, "id_intrinsic": 0, "id_pose": 8}}}}, {"key": 7, "value": {"polymorphic_id": 1073741824, "ptr_wrapper": {"id": 2147483651, "data": {"local_path": "", "filename": "087509_13303.781047.jpg", "width": 1920, "height": 1080, "id_view": 7, "id_intrinsic": 0, "id_pose": 7}}}}, {"key": 6, "value": {"polymorphic_id": 1073741824, "ptr_wrapper": {"id": 2147483652, "data": {"local_path": "", "filename": "087508_13303.679461.jpg", "width": 1920, "height": 1080, "id_view": 6, "id_intrinsic": 0, "id_pose": 6}}}}, {"key": 5, "value": {"polymorphic_id": 1073741824, "ptr_wrapper": {"id": 2147483653, "data": {"local_path": "", "filename": "087507_13303.580852.jpg", "width": 1920, "height": 1080, "id_view": 5, "id_intrinsic": 0, "id_pose": 5}}}}, {"key": 4, "value": {"polymorphic_id": 1073741824, "ptr_wrapper": {"id": 2147483654, "data": {"local_path": "", "filename": "087506_13303.479266.jpg", "width": 1920, "height": 1080, "id_view": 4, "id_intrinsic": 0, "id_pose": 4}}}}, {"key": 3, "value": {"polymorphic_id": 1073741824, "ptr_wrapper": {"id": 2147483655, "data": {"local_path": "", "filename": "087505_13303.379656.jpg", "width": 1920, "height": 1080, "id_view": 3, "id_intrinsic": 0, "id_pose": 3}}}}, {"key": 2, "value": {"polymorphic_id": 1073741824, "ptr_wrapper": {"id": 2147483656, "data": {"local_path": "", "filename": "087504_13303.248047.jpg", "width": 1920, "height": 1080, "id_view": 2, "id_intrinsic": 0, "id_pose": 2}}}}, {"key": 1, "value": {"polymorphic_id": 1073741824, "ptr_wrapper": {"id": 2147483657, "data": {"local_path": "", "filename": "087503_13303.179461.jpg", "width": 1920, "height": 1080, "id_view": 1, "id_intrinsic": 0, "id_pose": 1}}}}, {"key": 0, "value": {"polymorphic_id": 1073741824, "ptr_wrapper": {"id": 2147483658, "data": {"local_path": "", "filename": "087502_13303.047852.jpg", "width": 1920, "height": 1080, "id_view": 0, "id_intrinsic": 0, "id_pose": 0}}}}], "intrinsics": [{"key": 0, "value": {"polymorphic_id": 2147483649, "polymorphic_name": "pinhole_radial_k3", "ptr_wrapper": {"id": 2147483659, "data": {"width": 1920, "height": 1080, "focal_length": 1739.13, "principal_point": [960.0, 540.0], "disto_k3": [0.0, 0.0, 0.0]}}}}], "extrinsics": [{"key": 0, "value": {"rotation": [[0.9999999637289462, 0.00026688220307470383, 3.6276653790374537e-05], [-0.0002668790654783554, 0.9999999606494127, -8.646812851230723e-05], [-3.6299729167499864e-05, 8.645844389655487e-05, 0.9999999956036336]], "center": [102655.28827440913, -59731.174787435055, 609.331632165483]}}, {"key": 1, "value": {"rotation": [[0.9999998351326154, 0.0004068259810821174, -0.0004052497541604732], [-0.0004069902769658332, 0.9999998349971991, -0.0004054189052292028], [0.0004050847523492414, 0.0004055837710985322, 0.9999998357040607]], "center": [102653.93437866404, -59737.91765759934, 609.2593356561615]}}, {"key": 2, "value": {"rotation": [[0.9999999512139024, 0.00027480865132130855, -0.0001485004991140988], [-0.000274683820969169, 0.9999996094968353, 0.000839973198977289], [0.00014873127302610724, -0.0008399323673137712, 0.9999996361962475]], "center": [102653.26786476649, -59745.357681463865, 609.3161561239556]}}, {"key": 3, "value": {"rotation": [[0.9999996256448334, -0.0008466351666297604, -0.00017865913778404767], [0.000846596640136337, 0.9999996183935861, -0.00021560800225976665], [0.00017884161092346007, 0.00021545666932003358, 0.9999999607970504]], "center": [102652.69155638371, -59751.57808571777, 609.7615183657894]}}, {"key": 4, "value": {"rotation": [[0.9999988798563754, -0.0014623805617125737, 0.00031894997624897214], [0.001462366126250787, 0.9999989297075113, 4.548784440890103e-05], [-0.0003190161554186931, -4.502137181473656e-05, 0.9999999481008831]], "center": [102651.84875803576, -59758.55675768583, 609.7966288546074]}}, {"key": 5, "value": {"rotation": [[0.9999984143145648, -0.0016684437179043078, 0.0006226266266780252], [0.0016673787002966338, 0.9999971527558793, 0.0017071404170954164], [-0.0006254731216125475, -0.0017060995557321547, 0.9999983490024773]], "center": [102651.22449965452, -59766.251380300346, 609.8574768223455]}}, {"key": 6, "value": {"rotation": [[0.9999972100227348, -0.001998980969959683, 0.001258579289686083], [0.0019956929001442437, 0.9999946067595572, 0.00260838295616171], [-0.0012637866097571105, -0.0026058639410798663, 0.9999958061494687]], "center": [102650.07065297921, -59773.43685789962, 609.7563642565717]}}, {"key": 7, "value": {"rotation": [[0.9999967050482531, -0.00206061803792065, 0.0015309297628683697], [0.0020539110622072665, 0.9999883434611986, 0.004369712928245915], [-0.0015399162268067118, -0.004366554136677244, 0.9999892808740433]], "center": [102649.59801071629, -59781.202201219065, 609.7618549575747]}}, {"key": 8, "value": {"rotation": [[0.9999945045348141, -0.0020243649536883495, 0.0026254231479173793], [0.0020087865205814562, 0.9999804423623523, 0.005922809258125667], [-0.0026373617283323727, -0.005917502794903213, 0.9999790135216772]], "center": [102647.86344354042, -59788.659595674755, 609.4042366312173]}}, {"key": 9, "value": {"rotation": [[0.9999919473565577, -0.0024057103871060444, 0.003212130067862512], [0.0023807259938068643, 0.9999670610931087, 0.007759437644060481], [-0.00323069122354774, -0.007751727958527742, 0.9999647360521648]], "center": [102647.17213079525, -59796.585823675014, 609.1788878224205]}}], "structure": [], "control_points": []}