{"sfm_data_version": "0.3", "root_path": "/mnt/ST8000/jialei/SFM_E/ex_sea_12/6-3/images", "views": [{"key": 9, "value": {"polymorphic_id": 1073741824, "ptr_wrapper": {"id": 2147483649, "data": {"local_path": "", "filename": "087511_13303.979266.jpg", "width": 1920, "height": 1080, "id_view": 9, "id_intrinsic": 0, "id_pose": 9}}}}, {"key": 8, "value": {"polymorphic_id": 1073741824, "ptr_wrapper": {"id": 2147483650, "data": {"local_path": "", "filename": "087510_13303.879656.jpg", "width": 1920, "height": 1080, "id_view": 8, "id_intrinsic": 0, "id_pose": 8}}}}, {"key": 7, "value": {"polymorphic_id": 1073741824, "ptr_wrapper": {"id": 2147483651, "data": {"local_path": "", "filename": "087509_13303.781047.jpg", "width": 1920, "height": 1080, "id_view": 7, "id_intrinsic": 0, "id_pose": 7}}}}, {"key": 6, "value": {"polymorphic_id": 1073741824, "ptr_wrapper": {"id": 2147483652, "data": {"local_path": "", "filename": "087508_13303.679461.jpg", "width": 1920, "height": 1080, "id_view": 6, "id_intrinsic": 0, "id_pose": 6}}}}, {"key": 5, "value": {"polymorphic_id": 1073741824, "ptr_wrapper": {"id": 2147483653, "data": {"local_path": "", "filename": "087507_13303.580852.jpg", "width": 1920, "height": 1080, "id_view": 5, "id_intrinsic": 0, "id_pose": 5}}}}, {"key": 4, "value": {"polymorphic_id": 1073741824, "ptr_wrapper": {"id": 2147483654, "data": {"local_path": "", "filename": "087506_13303.479266.jpg", "width": 1920, "height": 1080, "id_view": 4, "id_intrinsic": 0, "id_pose": 4}}}}, {"key": 3, "value": {"polymorphic_id": 1073741824, "ptr_wrapper": {"id": 2147483655, "data": {"local_path": "", "filename": "087505_13303.379656.jpg", "width": 1920, "height": 1080, "id_view": 3, "id_intrinsic": 0, "id_pose": 3}}}}, {"key": 2, "value": {"polymorphic_id": 1073741824, "ptr_wrapper": {"id": 2147483656, "data": {"local_path": "", "filename": "087504_13303.248047.jpg", "width": 1920, "height": 1080, "id_view": 2, "id_intrinsic": 0, "id_pose": 2}}}}, {"key": 1, "value": {"polymorphic_id": 1073741824, "ptr_wrapper": {"id": 2147483657, "data": {"local_path": "", "filename": "087503_13303.179461.jpg", "width": 1920, "height": 1080, "id_view": 1, "id_intrinsic": 0, "id_pose": 1}}}}, {"key": 0, "value": {"polymorphic_id": 1073741824, "ptr_wrapper": {"id": 2147483658, "data": {"local_path": "", "filename": "087502_13303.047852.jpg", "width": 1920, "height": 1080, "id_view": 0, "id_intrinsic": 0, "id_pose": 0}}}}], "intrinsics": [{"key": 0, "value": {"polymorphic_id": 2147483649, "polymorphic_name": "pinhole_radial_k3", "ptr_wrapper": {"id": 2147483659, "data": {"width": 1920, "height": 1080, "focal_length": 1739.13, "principal_point": [960.0, 540.0], "disto_k3": [0.0, 0.0, 0.0]}}}}], "extrinsics": [{"key": 0, "value": {"rotation": [[0.9999999742935594, -4.604829697666866e-05, 0.00022201899680879074], [4.6049351635554895e-05, 0.9999999989284701, -4.745199632026937e-06], [-0.0002220187780625286, 4.755423340912854e-06, 0.9999999753425237]], "center": [0.000175836101822592, -2.6867251021918182e-05, 0.00015360731232641042]}}, {"key": 1, "value": {"rotation": [[0.9999999714991844, 9.393159300768296e-05, -0.00021949598238233845], [-9.400264602879586e-05, 0.9999999431837825, -0.00032372200158482247], [0.00021946556218808847, 0.00032374262556163024, 0.9999999235127868]], "center": [-0.0020303099173230774, -0.010996552905056963, 3.467756241562885e-05]}}, {"key": 2, "value": {"rotation": [[0.9999999985804364, -3.810674627864824e-05, 3.7242493549924224e-05], [3.807240391245283e-05, 0.9999995745146594, 0.000921694630564748], [-3.727760048725604e-05, -0.0009216932113450819, 0.999999574545912]], "center": [-0.003118506658216811, -0.023100847336503486, 0.0001259310123285037]}}, {"key": 3, "value": {"rotation": [[0.9999993276996176, -0.0011595479393038577, 6.992091776801962e-06], [0.0011595488636619883, 0.9999993187880397, -0.00013367830341297067], [-6.8370806124877035e-06, 0.000133686321213099, 0.999999991040611]], "center": [-0.004059439090748147, -0.03322096620938268, 0.0008495161828824176]}}, {"key": 4, "value": {"rotation": [[0.9999982968079146, -0.0017753337306232078, 0.0005045507060187219], [0.0017752695959724486, 0.9999984160754907, 0.00012753184259770066], [-0.0005047763184304116, -0.00012663591185842945, 0.9999998645820979]], "center": [-0.005434202262000891, -0.04457456661380811, 0.0009054564621693965]}}, {"key": 5, "value": {"rotation": [[0.9999977103796731, -0.001981421545104765, 0.0008082104134361177], [0.0019799729549197843, 0.9999964391889702, 0.0017892223108092397], [-0.0008117527391872237, -0.0017876179794089596, 0.9999980727378679]], "center": [-0.006453781773058524, -0.05709310524679887, 0.0010032413922449017]}}, {"key": 6, "value": {"rotation": [[0.9999962845330035, -0.002312010369491579, 0.001444135810832691], [0.0023081189340644933, 0.9999937168097572, 0.00269052559781317], [-0.0014503472601342005, -0.0026871823640457486, 0.9999953377610155]], "center": [-0.008334672449569041, -0.0687829938080851, 0.000837430612379283]}}, {"key": 7, "value": {"rotation": [[0.9999957096835155, -0.0023736695311573357, 0.001716481144406464], [0.0023660079722258543, 0.9999872913676816, 0.004451865833774795], [-0.0017270265885651966, -0.0044477855257895604, 0.9999886172267557]], "center": [-0.009107597777151514, -0.08141666207795788, 0.0008451878474064465]}}, {"key": 8, "value": {"rotation": [[0.9999933172163757, -0.0023375051960633788, 0.0028109770627451234], [0.0023205924796406673, 0.9999792774796631, 0.006004953105030969], [-0.0028249554213009634, -0.005998389842996418, 0.9999780192315025]], "center": [-0.011933358770694825, -0.09354861891189235, 0.0002618406236340482]}}, {"key": 9, "value": {"rotation": [[0.9999905317320669, -0.0027188977517146663, 0.003397652312122165], [0.0026921865945054267, 0.9999656297420759, 0.007841649435725814], [-0.003418856176956429, -0.00783242807488039, 0.9999634815796492]], "center": [-0.013062064513408612, -0.10644389821099062, -0.0001060564345140262]}}], "structure": [], "control_points": []}