{"sfm_data_version": "0.3", "root_path": "/mnt/ST8000/jialei/SFM_E/ex_sea_12/1-2/images", "views": [{"key": 9, "value": {"polymorphic_id": 1073741824, "ptr_wrapper": {"id": 2147483649, "data": {"local_path": "", "filename": "038735_11734.566406.jpg", "width": 1920, "height": 1080, "id_view": 9, "id_intrinsic": 0, "id_pose": 9}}}}, {"key": 8, "value": {"polymorphic_id": 1073741824, "ptr_wrapper": {"id": 2147483650, "data": {"local_path": "", "filename": "038734_11734.465820.jpg", "width": 1920, "height": 1080, "id_view": 8, "id_intrinsic": 0, "id_pose": 8}}}}, {"key": 7, "value": {"polymorphic_id": 1073741824, "ptr_wrapper": {"id": 2147483651, "data": {"local_path": "", "filename": "038733_11734.399211.jpg", "width": 1920, "height": 1080, "id_view": 7, "id_intrinsic": 0, "id_pose": 7}}}}, {"key": 6, "value": {"polymorphic_id": 1073741824, "ptr_wrapper": {"id": 2147483652, "data": {"local_path": "", "filename": "038732_11734.299602.jpg", "width": 1920, "height": 1080, "id_view": 6, "id_intrinsic": 0, "id_pose": 6}}}}, {"key": 5, "value": {"polymorphic_id": 1073741824, "ptr_wrapper": {"id": 2147483653, "data": {"local_path": "", "filename": "038731_11734.198016.jpg", "width": 1920, "height": 1080, "id_view": 5, "id_intrinsic": 0, "id_pose": 5}}}}, {"key": 4, "value": {"polymorphic_id": 1073741824, "ptr_wrapper": {"id": 2147483654, "data": {"local_path": "", "filename": "038730_11734.100406.jpg", "width": 1920, "height": 1080, "id_view": 4, "id_intrinsic": 0, "id_pose": 4}}}}, {"key": 3, "value": {"polymorphic_id": 1073741824, "ptr_wrapper": {"id": 2147483655, "data": {"local_path": "", "filename": "038729_11733.998820.jpg", "width": 1920, "height": 1080, "id_view": 3, "id_intrinsic": 0, "id_pose": 3}}}}, {"key": 2, "value": {"polymorphic_id": 1073741824, "ptr_wrapper": {"id": 2147483656, "data": {"local_path": "", "filename": "038728_11733.899211.jpg", "width": 1920, "height": 1080, "id_view": 2, "id_intrinsic": 0, "id_pose": 2}}}}, {"key": 1, "value": {"polymorphic_id": 1073741824, "ptr_wrapper": {"id": 2147483657, "data": {"local_path": "", "filename": "038727_11733.798602.jpg", "width": 1920, "height": 1080, "id_view": 1, "id_intrinsic": 0, "id_pose": 1}}}}, {"key": 0, "value": {"polymorphic_id": 1073741824, "ptr_wrapper": {"id": 2147483658, "data": {"local_path": "", "filename": "038726_11733.699016.jpg", "width": 1920, "height": 1080, "id_view": 0, "id_intrinsic": 0, "id_pose": 0}}}}], "intrinsics": [{"key": 0, "value": {"polymorphic_id": 2147483649, "polymorphic_name": "pinhole_radial_k3", "ptr_wrapper": {"id": 2147483659, "data": {"width": 1920, "height": 1080, "focal_length": 1739.13, "principal_point": [960.0, 540.0], "disto_k3": [0.0, 0.0, 0.0]}}}}], "extrinsics": [{"key": 0, "value": {"rotation": [[0.9999991968314303, -0.0012640911274029068, -9.170668442080633e-05], [0.0012640934509333666, 0.999999200713939, 2.528300705334221e-05], [9.167465109604319e-05, -2.5398912566002948e-05, 0.9999999954753268]], "center": [-0.00030377827939114264, -0.000910944641648513, 0.00038145723726650595]}}, {"key": 1, "value": {"rotation": [[0.9999998735971433, 3.287973718481321e-05, 0.000501721656328174], [-3.334591957604185e-05, 0.9999995677512693, 0.0009291853013764415], [-0.0005016908880911202, -0.0009292019142947661, 0.9999994424448723]], "center": [-2.912390478976461e-06, -0.01062744485962034, 0.001914824703488511]}}, {"key": 2, "value": {"rotation": [[0.9999994544562737, -0.0008743090484886318, 0.000571551260367893], [0.0008735499514408382, 0.9999987379396685, 0.0013270378866818227], [-0.0005727107802677392, -0.0013265378841488635, 0.9999989561492574]], "center": [0.0001319967526550495, -0.021460248969072178, 0.002750958955729249]}}, {"key": 3, "value": {"rotation": [[0.9999937478284142, -0.0024260625128223914, 0.002572649367163297], [0.002423216423351681, 0.9999964492550752, 0.0011088279432189382], [-0.002575330318247858, -0.00110258692443826, 0.9999960759802142]], "center": [-0.0017131456966761225, -0.03149570260913408, 0.0021711570642016093]}}, {"key": 4, "value": {"rotation": [[0.9999904360025541, -0.0033754494487505354, 0.002781050959883984], [0.003372371877123224, 0.9999936968523273, 0.0011105690156425689], [-0.002784782100080772, -0.0011011796561172721, 0.999995516185958]], "center": [-0.001001527496931024, -0.04182968001866724, 0.003144012257635931]}}, {"key": 5, "value": {"rotation": [[0.9999855529263375, -0.004675908115375344, 0.0026513811314551254], [0.004675806008342071, 0.9999890673599092, 4.4708293784637845e-05], [-0.00265156119673321, -3.231030405565549e-05, 0.9999964840834515]], "center": [-0.00040952159330093826, -0.05116799176318074, 0.004700793475617061]}}, {"key": 6, "value": {"rotation": [[0.9999785545198382, -0.0059444381849606, 0.0027484823231792746], [0.005944046288741768, 0.9999823226403852, 0.00015073306841995396], [-0.002749329760676519, -0.00013439272972403578, 0.9999962115550548]], "center": [0.00039300184882439963, -0.06190130192149949, 0.005904355461611794]}}, {"key": 7, "value": {"rotation": [[0.9999649774679383, -0.007727811281248894, 0.0032132180672927026], [0.007727658289685795, 0.9999701394012905, 6.002600747314334e-05], [-0.0032135859883351665, -3.519325397597969e-05, 0.999994835799931]], "center": [0.00030479090558059113, -0.07274998044450529, 0.0068611010868436986]}}, {"key": 8, "value": {"rotation": [[0.9999584506306876, -0.008226443674437705, 0.003927166503600883], [0.008225322466117202, 0.9999661259902024, 0.0003015667012397977], [-0.003929514296206092, -0.0002692519604632013, 0.999992243180305]], "center": [-0.0009005459189708842, -0.08304545544227836, 0.0069494722062505435]}}, {"key": 9, "value": {"rotation": [[0.9999437412663128, -0.009538607034323427, 0.004639965320452735], [0.009538346064387084, 0.9999545058713832, 7.837010990573009e-05], [-0.004640501770955298, -3.410810594928599e-05, 0.9999892322320032]], "center": [-0.0007367053075274755, -0.09355164711745448, 0.007569526000722847]}}], "structure": [], "control_points": []}