{"sfm_data_version": "0.3", "root_path": "/mnt/ST8000/jialei/SFM_E/ex_sea_12/1-2/images", "views": [{"key": 9, "value": {"polymorphic_id": 1073741824, "ptr_wrapper": {"id": 2147483649, "data": {"local_path": "", "filename": "038735_11734.566406.jpg", "width": 1920, "height": 1080, "id_view": 9, "id_intrinsic": 0, "id_pose": 9}}}}, {"key": 8, "value": {"polymorphic_id": 1073741824, "ptr_wrapper": {"id": 2147483650, "data": {"local_path": "", "filename": "038734_11734.465820.jpg", "width": 1920, "height": 1080, "id_view": 8, "id_intrinsic": 0, "id_pose": 8}}}}, {"key": 7, "value": {"polymorphic_id": 1073741824, "ptr_wrapper": {"id": 2147483651, "data": {"local_path": "", "filename": "038733_11734.399211.jpg", "width": 1920, "height": 1080, "id_view": 7, "id_intrinsic": 0, "id_pose": 7}}}}, {"key": 6, "value": {"polymorphic_id": 1073741824, "ptr_wrapper": {"id": 2147483652, "data": {"local_path": "", "filename": "038732_11734.299602.jpg", "width": 1920, "height": 1080, "id_view": 6, "id_intrinsic": 0, "id_pose": 6}}}}, {"key": 5, "value": {"polymorphic_id": 1073741824, "ptr_wrapper": {"id": 2147483653, "data": {"local_path": "", "filename": "038731_11734.198016.jpg", "width": 1920, "height": 1080, "id_view": 5, "id_intrinsic": 0, "id_pose": 5}}}}, {"key": 4, "value": {"polymorphic_id": 1073741824, "ptr_wrapper": {"id": 2147483654, "data": {"local_path": "", "filename": "038730_11734.100406.jpg", "width": 1920, "height": 1080, "id_view": 4, "id_intrinsic": 0, "id_pose": 4}}}}, {"key": 3, "value": {"polymorphic_id": 1073741824, "ptr_wrapper": {"id": 2147483655, "data": {"local_path": "", "filename": "038729_11733.998820.jpg", "width": 1920, "height": 1080, "id_view": 3, "id_intrinsic": 0, "id_pose": 3}}}}, {"key": 2, "value": {"polymorphic_id": 1073741824, "ptr_wrapper": {"id": 2147483656, "data": {"local_path": "", "filename": "038728_11733.899211.jpg", "width": 1920, "height": 1080, "id_view": 2, "id_intrinsic": 0, "id_pose": 2}}}}, {"key": 1, "value": {"polymorphic_id": 1073741824, "ptr_wrapper": {"id": 2147483657, "data": {"local_path": "", "filename": "038727_11733.798602.jpg", "width": 1920, "height": 1080, "id_view": 1, "id_intrinsic": 0, "id_pose": 1}}}}, {"key": 0, "value": {"polymorphic_id": 1073741824, "ptr_wrapper": {"id": 2147483658, "data": {"local_path": "", "filename": "038726_11733.699016.jpg", "width": 1920, "height": 1080, "id_view": 0, "id_intrinsic": 0, "id_pose": 0}}}}], "intrinsics": [{"key": 0, "value": {"polymorphic_id": 2147483649, "polymorphic_name": "pinhole_radial_k3", "ptr_wrapper": {"id": 2147483659, "data": {"width": 1920, "height": 1080, "focal_length": 1739.13, "principal_point": [960.0, 540.0], "disto_k3": [0.0, 0.0, 0.0]}}}}], "extrinsics": [{"key": 0, "value": {"rotation": [[0.999999993264067, -0.00011543296984973885, -1.2128294834384093e-05], [0.00011543284175432156, 0.999999993281853, -1.0561869676252372e-05], [1.2129513940888387e-05, 1.0560469601569926e-05, 0.9999999998706756]], "center": [102655.28827439461, -59731.17478745128, 609.3316321587473]}}, {"key": 1, "value": {"rotation": [[0.9999991330308774, 0.0011815590924687685, 0.0005812534772878987], [-0.0011820780176644945, 0.9999989024088134, 0.000893237218746098], [-0.0005801974267516661, -0.0008939235312952089, 0.9999994321356718]], "center": [102655.48407866027, -59737.27425635178, 610.2944680632842]}}, {"key": 2, "value": {"rotation": [[0.9999997503839179, 0.00027437292808562934, 0.0006511156570284712], [-0.00027521345345723694, 0.9999991285787938, 0.0012911619605268205], [-0.0006507608297447454, -0.0012913408340205822, 0.9999989544740499]], "center": [102655.5765401679, -59744.074641908825, 610.819618990192]}}, {"key": 3, "value": {"rotation": [[0.9999956669590394, -0.0012773143190280328, 0.0026522690808017673], [0.0012744719840293412, 0.9999986121142649, 0.0010730753498092783], [-0.0026536360542650855, -0.0010696904574921682, 0.9999959069806319]], "center": [102654.42548188005, -59750.37593500924, 610.4557712635878]}}, {"key": 4, "value": {"rotation": [[0.9999934290735162, -0.002226696960147373, 0.0028607045354627435], [0.002223629831656581, 0.999996950034118, 0.0010748920103573654], [-0.0028630892691834872, -0.0010685237993762746, 0.9999953304774614]], "center": [102654.87961708693, -59756.86275354768, 611.0667689918666]}}, {"key": 5, "value": {"rotation": [[0.999990050102048, -0.0035271650262002113, 0.0027310810647242566], [0.0035271532316377176, 0.9999937795339681, 9.135125014275063e-06], [-0.0027310962972207317, 4.979072826935483e-07, 0.9999962705494294]], "center": [102655.25791623145, -59762.724596875116, 612.0443093423504]}}, {"key": 6, "value": {"rotation": [[0.9999845010815052, -0.00479569881543391, 0.0028282272973489107], [0.004795391981891643, 0.9999884953991421, 0.00011526100866068504], [-0.0028287475168054356, -0.00010169676373491449, 0.999995993914603]], "center": [102655.76939538823, -59769.46203350252, 612.8001513531445]}}, {"key": 7, "value": {"rotation": [[0.9999729355445884, -0.006579069666836396, 0.003293026064003526], [0.006579024012854307, 0.9999783576823721, 2.469624203094861e-05], [-0.003293117273584343, -3.0306760904691423e-06, 0.9999945776700179]], "center": [102655.72179438162, -59776.27254270478, 613.4010076629824]}}, {"key": 8, "value": {"rotation": [[0.999966924658177, -0.007077683629926085, 0.004006991902055417], [0.007076673249016333, 0.9999749245818453, 0.00026627665987377316], [-0.004008776047014546, -0.00023791168027983067, 0.9999919365238089]], "center": [102654.97254053204, -59782.73659282638, 613.456656515161]}}, {"key": 9, "value": {"rotation": [[0.9999536658109501, -0.008389837462666423, 0.004719836712604913], [0.008389727085168178, 0.9999648046878948, 4.3184915805401896e-05], [-0.004720032910903178, -3.5847729619731816e-06, 0.9999888605761913]], "center": [102655.08293960287, -59789.33192513125, 613.8461527534986]}}], "structure": [], "control_points": []}