{"sfm_data_version": "0.3", "root_path": "/mnt/ST8000/jialei/SFM_E/ex_sea_12/1-2/images", "views": [{"key": 9, "value": {"polymorphic_id": 1073741824, "ptr_wrapper": {"id": 2147483649, "data": {"local_path": "", "filename": "038735_11734.566406.jpg", "width": 1920, "height": 1080, "id_view": 9, "id_intrinsic": 0, "id_pose": 9}}}}, {"key": 8, "value": {"polymorphic_id": 1073741824, "ptr_wrapper": {"id": 2147483650, "data": {"local_path": "", "filename": "038734_11734.465820.jpg", "width": 1920, "height": 1080, "id_view": 8, "id_intrinsic": 0, "id_pose": 8}}}}, {"key": 7, "value": {"polymorphic_id": 1073741824, "ptr_wrapper": {"id": 2147483651, "data": {"local_path": "", "filename": "038733_11734.399211.jpg", "width": 1920, "height": 1080, "id_view": 7, "id_intrinsic": 0, "id_pose": 7}}}}, {"key": 6, "value": {"polymorphic_id": 1073741824, "ptr_wrapper": {"id": 2147483652, "data": {"local_path": "", "filename": "038732_11734.299602.jpg", "width": 1920, "height": 1080, "id_view": 6, "id_intrinsic": 0, "id_pose": 6}}}}, {"key": 5, "value": {"polymorphic_id": 1073741824, "ptr_wrapper": {"id": 2147483653, "data": {"local_path": "", "filename": "038731_11734.198016.jpg", "width": 1920, "height": 1080, "id_view": 5, "id_intrinsic": 0, "id_pose": 5}}}}, {"key": 4, "value": {"polymorphic_id": 1073741824, "ptr_wrapper": {"id": 2147483654, "data": {"local_path": "", "filename": "038730_11734.100406.jpg", "width": 1920, "height": 1080, "id_view": 4, "id_intrinsic": 0, "id_pose": 4}}}}, {"key": 3, "value": {"polymorphic_id": 1073741824, "ptr_wrapper": {"id": 2147483655, "data": {"local_path": "", "filename": "038729_11733.998820.jpg", "width": 1920, "height": 1080, "id_view": 3, "id_intrinsic": 0, "id_pose": 3}}}}, {"key": 2, "value": {"polymorphic_id": 1073741824, "ptr_wrapper": {"id": 2147483656, "data": {"local_path": "", "filename": "038728_11733.899211.jpg", "width": 1920, "height": 1080, "id_view": 2, "id_intrinsic": 0, "id_pose": 2}}}}, {"key": 1, "value": {"polymorphic_id": 1073741824, "ptr_wrapper": {"id": 2147483657, "data": {"local_path": "", "filename": "038727_11733.798602.jpg", "width": 1920, "height": 1080, "id_view": 1, "id_intrinsic": 0, "id_pose": 1}}}}, {"key": 0, "value": {"polymorphic_id": 1073741824, "ptr_wrapper": {"id": 2147483658, "data": {"local_path": "", "filename": "038726_11733.699016.jpg", "width": 1920, "height": 1080, "id_view": 0, "id_intrinsic": 0, "id_pose": 0}}}}], "intrinsics": [{"key": 0, "value": {"polymorphic_id": 2147483649, "polymorphic_name": "pinhole_radial_k3", "ptr_wrapper": {"id": 2147483659, "data": {"width": 1920, "height": 1080, "focal_length": 1739.13, "principal_point": [960.0, 540.0], "disto_k3": [0.0, 0.0, 0.0]}}}}], "extrinsics": [{"key": 0, "value": {"rotation": [[0.9999998431461029, -0.0005465495299574701, 0.00012243929623831986], [0.0005465251206862231, 0.999999830794293, 0.00019930297945756719], [-0.0001225482044706338, -0.0001992360320449647, 0.9999999726434702]], "center": [102655.28827442857, -59731.17478752458, 609.3316320082794]}}, {"key": 1, "value": {"rotation": [[0.99999940196977, 0.0008482290296670446, 0.0006903387688991552], [-0.0008490410231267678, 0.9999989471552854, 0.0011767827588157389], [-0.0006893398607819929, -0.0011773681809987258, 0.9999990693069282]], "center": [102655.32872237264, -59736.99427620871, 610.4580838390827]}}, {"key": 2, "value": {"rotation": [[0.9999997373929018, -1.8065750033136256e-05, 0.0007244913775873729], [1.6907085893717275e-05, 0.9999987210501514, 0.0015992536419393404], [-0.0007245193427157715, -0.0015992409729260284, 0.9999984587488283]], "center": [102655.34793039068, -59743.50885623373, 610.9828330972812]}}, {"key": 3, "value": {"rotation": [[0.9999953591553878, -0.0015271700968836428, 0.0026361751046114932], [0.001523615105148479, 0.9999979280146436, 0.001350023492678503], [-0.0026382313580033904, -0.0013460007112200574, 0.999995613999075]], "center": [102654.19066924749, -59749.436123867294, 610.3558996813422]}}, {"key": 4, "value": {"rotation": [[0.999992979970764, -0.002484196055205649, 0.0028051344264286124], [0.002480472400586556, 0.9999960389813617, 0.001330142194187765], [-0.0028084276492305305, -0.0013231747980259891, 0.9999951809596851]], "center": [102654.54067261473, -59755.635175106, 610.976202756899]}}, {"key": 5, "value": {"rotation": [[0.9999887494119093, -0.003908111462887391, 0.0026884408862076223], [0.0039076475727063435, 0.9999923493129108, 0.00017778102498118814], [-0.0026891151058492813, -0.00016727354533675122, 0.9999963703331672]], "center": [102654.74509249935, -59761.20774926134, 612.0720429239802]}}, {"key": 6, "value": {"rotation": [[0.9999827504025717, -0.005176367496044164, 0.00277562909152877], [0.005175621187083401, 0.9999865682959223, 0.00027599469561456275], [-0.0027770204600716607, -0.00026162433008357626, 0.9999961098474707]], "center": [102655.11373012165, -59767.67128280303, 612.8294647410424]}}, {"key": 7, "value": {"rotation": [[0.9999705828206554, -0.006976753662118889, 0.0031872247578163863], [0.006976299417995653, 0.9999756535279445, 0.00015361572323107614], [-0.003188218899197503, -0.0001313761700667875, 0.9999949089873174]], "center": [102654.9467699283, -59774.21888950459, 613.3993445703263]}}, {"key": 8, "value": {"rotation": [[0.999964839682058, -0.007450157337454161, 0.003848968080282537], [0.007448737076834304, 0.9999721843495026, 0.00038320131014276526], [-0.0038517159287841055, -0.00035451788541569307, 0.999992519272756]], "center": [102654.20975743198, -59780.34792847255, 613.3804010497055]}}, {"key": 9, "value": {"rotation": [[0.9999510902154368, -0.008783344991518949, 0.004546430217067721], [0.008782663037577562, 0.999961417230644, 0.00016994131385108887], [-0.004547747456387118, -0.0001300032374376695, 0.9999896504925598]], "center": [102654.20741619851, -59786.6449943765, 613.6739980254272]}}], "structure": [], "control_points": []}