{"sfm_data_version": "0.3", "root_path": "/mnt/ST8000/jialei/SFM_E/ex_sea_12/1-2/images", "views": [{"key": 9, "value": {"polymorphic_id": 1073741824, "ptr_wrapper": {"id": 2147483649, "data": {"local_path": "", "filename": "038735_11734.566406.jpg", "width": 1920, "height": 1080, "id_view": 9, "id_intrinsic": 0, "id_pose": 9}}}}, {"key": 8, "value": {"polymorphic_id": 1073741824, "ptr_wrapper": {"id": 2147483650, "data": {"local_path": "", "filename": "038734_11734.465820.jpg", "width": 1920, "height": 1080, "id_view": 8, "id_intrinsic": 0, "id_pose": 8}}}}, {"key": 7, "value": {"polymorphic_id": 1073741824, "ptr_wrapper": {"id": 2147483651, "data": {"local_path": "", "filename": "038733_11734.399211.jpg", "width": 1920, "height": 1080, "id_view": 7, "id_intrinsic": 0, "id_pose": 7}}}}, {"key": 6, "value": {"polymorphic_id": 1073741824, "ptr_wrapper": {"id": 2147483652, "data": {"local_path": "", "filename": "038732_11734.299602.jpg", "width": 1920, "height": 1080, "id_view": 6, "id_intrinsic": 0, "id_pose": 6}}}}, {"key": 5, "value": {"polymorphic_id": 1073741824, "ptr_wrapper": {"id": 2147483653, "data": {"local_path": "", "filename": "038731_11734.198016.jpg", "width": 1920, "height": 1080, "id_view": 5, "id_intrinsic": 0, "id_pose": 5}}}}, {"key": 4, "value": {"polymorphic_id": 1073741824, "ptr_wrapper": {"id": 2147483654, "data": {"local_path": "", "filename": "038730_11734.100406.jpg", "width": 1920, "height": 1080, "id_view": 4, "id_intrinsic": 0, "id_pose": 4}}}}, {"key": 3, "value": {"polymorphic_id": 1073741824, "ptr_wrapper": {"id": 2147483655, "data": {"local_path": "", "filename": "038729_11733.998820.jpg", "width": 1920, "height": 1080, "id_view": 3, "id_intrinsic": 0, "id_pose": 3}}}}, {"key": 2, "value": {"polymorphic_id": 1073741824, "ptr_wrapper": {"id": 2147483656, "data": {"local_path": "", "filename": "038728_11733.899211.jpg", "width": 1920, "height": 1080, "id_view": 2, "id_intrinsic": 0, "id_pose": 2}}}}, {"key": 1, "value": {"polymorphic_id": 1073741824, "ptr_wrapper": {"id": 2147483657, "data": {"local_path": "", "filename": "038727_11733.798602.jpg", "width": 1920, "height": 1080, "id_view": 1, "id_intrinsic": 0, "id_pose": 1}}}}, {"key": 0, "value": {"polymorphic_id": 1073741824, "ptr_wrapper": {"id": 2147483658, "data": {"local_path": "", "filename": "038726_11733.699016.jpg", "width": 1920, "height": 1080, "id_view": 0, "id_intrinsic": 0, "id_pose": 0}}}}], "intrinsics": [{"key": 0, "value": {"polymorphic_id": 2147483649, "polymorphic_name": "pinhole_radial_k3", "ptr_wrapper": {"id": 2147483659, "data": {"width": 1920, "height": 1080, "focal_length": 1739.13, "principal_point": [960.0, 540.0], "disto_k3": [0.0, 0.0, 0.0]}}}}], "extrinsics": [{"key": 0, "value": {"rotation": [[0.9999989050151654, -0.0014796537668191952, -2.435570939981851e-05], [0.0014796569243432029, 0.9999988968390547, 0.00013013861806383472], [2.4163122435126184e-05, -0.00013017451365808193, 0.9999999912353698]], "center": [-0.0003820130562479804, -0.0012438373343572685, 0.0007533952188217212]}}, {"key": 1, "value": {"rotation": [[0.999999848733821, -8.483625104807622e-05, 0.0005434474635099772], [8.423416763501171e-05, 0.999999382815813, 0.0011078233604611782], [-0.0005435411116835202, -0.00110777741604023, 0.9999992386958384]], "center": [-0.00032686422012556774, -0.010365677684483598, 0.0025197019028157636]}}, {"key": 2, "value": {"rotation": [[0.9999993808315295, -0.0009511286098126968, 0.0005776598697122358], [0.0009502437391337227, 0.999998377811419, 0.0015301671040702295], [-0.0005791143183494662, -0.0015296172389644574, 0.9999986624479597]], "center": [-0.00030616363490761187, -0.02057709028414925, 0.003342934614722879]}}, {"key": 3, "value": {"rotation": [[0.9999938752672397, -0.002460096405682779, 0.002489448469585269], [0.0024569137350099503, 0.99999616166363, 0.0012807157787424017], [-0.002492589598528651, -0.0012745915745630007, 0.9999960811990273]], "center": [-0.002128955184443335, -0.02986630912694464, 0.002361139953376766]}}, {"key": 4, "value": {"rotation": [[0.9999906278996017, -0.0034171080757883143, 0.0026584742538188206], [0.003413765920396006, 0.9999933784043744, 0.0012606941129941417], [-0.0026627645785119395, -0.0012516068888344131, 0.9999956715731303]], "center": [-0.0015892576695701725, -0.03958361175261393, 0.003334040644465742]}}, {"key": 5, "value": {"rotation": [[0.9999850515410454, -0.00484102695827324, 0.002541879706265657], [0.004840767734358976, 0.9999882775698007, 0.00010812365775220112], [-0.0025423733388002523, -9.581739220342734e-05, 0.9999967635731798]], "center": [-0.0012767328281900418, -0.0483186628947055, 0.005052299813941433]}}, {"key": 6, "value": {"rotation": [[0.9999778819286675, -0.006109270827153875, 0.0026291564076454626], [0.006108749816082692, 0.999981320164144, 0.00020615154637191276], [-0.0026303667310635655, -0.00019008612797565414, 0.9999965225130159]], "center": [-0.0007081818483462206, -0.0584505473501027, 0.00624015514472031]}}, {"key": 7, "value": {"rotation": [[0.9999640948688202, -0.007909616473101379, 0.0030408782332125707], [0.007909399081929933, 0.999968716726889, 8.35089310374194e-05], [-0.0030414436282048913, -5.945441313223084e-05, 0.9999953730322104]], "center": [-0.0009793331884360586, -0.06871345126604987, 0.007134175352089521]}}, {"key": 8, "value": {"rotation": [[0.9999580072066598, -0.008382968956946514, 0.0037026550949246554], [0.008381867018375592, 0.9999648225414703, 0.0003130253852543147], [-0.003705148927015907, -0.0002819770778234124, 0.9999930961563469]], "center": [-0.002143550622349947, -0.07831949058979099, 0.007105315172682283]}}, {"key": 9, "value": {"rotation": [[0.9999431162000926, -0.009716095109653267, 0.004400211343498774], [0.009715751009891378, 0.9999527960199296, 9.957027154369488e-05], [-0.0044009710702386075, -5.681324980395347e-05, 0.9999903140660386]], "center": [-0.0021563630344427556, -0.08818994870880438, 0.0075662037162300775]}}], "structure": [], "control_points": []}