{"sfm_data_version": "0.3", "root_path": "/mnt/ST8000/jialei/SFM_E/ex_sea_12/1-2/images", "views": [{"key": 9, "value": {"polymorphic_id": 1073741824, "ptr_wrapper": {"id": 2147483649, "data": {"local_path": "", "filename": "038735_11734.566406.jpg", "width": 1920, "height": 1080, "id_view": 9, "id_intrinsic": 0, "id_pose": 9}}}}, {"key": 8, "value": {"polymorphic_id": 1073741824, "ptr_wrapper": {"id": 2147483650, "data": {"local_path": "", "filename": "038734_11734.465820.jpg", "width": 1920, "height": 1080, "id_view": 8, "id_intrinsic": 0, "id_pose": 8}}}}, {"key": 7, "value": {"polymorphic_id": 1073741824, "ptr_wrapper": {"id": 2147483651, "data": {"local_path": "", "filename": "038733_11734.399211.jpg", "width": 1920, "height": 1080, "id_view": 7, "id_intrinsic": 0, "id_pose": 7}}}}, {"key": 6, "value": {"polymorphic_id": 1073741824, "ptr_wrapper": {"id": 2147483652, "data": {"local_path": "", "filename": "038732_11734.299602.jpg", "width": 1920, "height": 1080, "id_view": 6, "id_intrinsic": 0, "id_pose": 6}}}}, {"key": 5, "value": {"polymorphic_id": 1073741824, "ptr_wrapper": {"id": 2147483653, "data": {"local_path": "", "filename": "038731_11734.198016.jpg", "width": 1920, "height": 1080, "id_view": 5, "id_intrinsic": 0, "id_pose": 5}}}}, {"key": 4, "value": {"polymorphic_id": 1073741824, "ptr_wrapper": {"id": 2147483654, "data": {"local_path": "", "filename": "038730_11734.100406.jpg", "width": 1920, "height": 1080, "id_view": 4, "id_intrinsic": 0, "id_pose": 4}}}}, {"key": 3, "value": {"polymorphic_id": 1073741824, "ptr_wrapper": {"id": 2147483655, "data": {"local_path": "", "filename": "038729_11733.998820.jpg", "width": 1920, "height": 1080, "id_view": 3, "id_intrinsic": 0, "id_pose": 3}}}}, {"key": 2, "value": {"polymorphic_id": 1073741824, "ptr_wrapper": {"id": 2147483656, "data": {"local_path": "", "filename": "038728_11733.899211.jpg", "width": 1920, "height": 1080, "id_view": 2, "id_intrinsic": 0, "id_pose": 2}}}}, {"key": 1, "value": {"polymorphic_id": 1073741824, "ptr_wrapper": {"id": 2147483657, "data": {"local_path": "", "filename": "038727_11733.798602.jpg", "width": 1920, "height": 1080, "id_view": 1, "id_intrinsic": 0, "id_pose": 1}}}}, {"key": 0, "value": {"polymorphic_id": 1073741824, "ptr_wrapper": {"id": 2147483658, "data": {"local_path": "", "filename": "038726_11733.699016.jpg", "width": 1920, "height": 1080, "id_view": 0, "id_intrinsic": 0, "id_pose": 0}}}}], "intrinsics": [{"key": 0, "value": {"polymorphic_id": 2147483649, "polymorphic_name": "pinhole_radial_k3", "ptr_wrapper": {"id": 2147483659, "data": {"width": 1920, "height": 1080, "focal_length": 1739.13, "principal_point": [960.0, 540.0], "disto_k3": [0.0, 0.0, 0.0]}}}}], "extrinsics": [{"key": 0, "value": {"rotation": [[0.9999998680072079, -0.000505008649340713, 9.461411568417592e-05], [0.0005049935155914479, 0.9999998597054791, 0.00015990800858417016], [-9.46948573377677e-05, -0.00015986020796256173, 0.9999999827387986]], "center": [102655.28827440192, -59731.1747875007, 609.3316320437101]}}, {"key": 1, "value": {"rotation": [[0.9999993991919127, 0.0008664485309388207, 0.0006714780390123702], [-0.0008672028976004528, 0.9999989923288586, 0.0011239663703795815], [-0.0006705035033728885, -0.001124548002792603, 0.9999991429080533]], "center": [102655.36943914644, -59737.05594356407, 610.4189865152565]}}, {"key": 2, "value": {"rotation": [[0.9999997447270911, -9.859848946055227e-06, 0.0007144568115731385], [8.759007490698654e-06, 0.9999988129352327, 0.0015407957054146403], [-0.0007144711554795432, -0.0015407890541586932, 0.9999985577489892]], "center": [102655.4056542623, -59743.637936386614, 610.9428705274485]}}, {"key": 3, "value": {"rotation": [[0.9999953251009894, -0.001530324617050693, 0.002647240588311973], [0.001526890013431613, 0.999997990649409, 0.0012989626753913113], [-0.002649223103636328, -0.0012949145576546125, 0.9999956523971667]], "center": [102654.28891545517, -59749.66138952234, 610.3720105280659]}}, {"key": 4, "value": {"rotation": [[0.9999929163215432, -0.002485307206909642, 0.002826756944195863], [0.002481684645710161, 0.9999960958844438, 0.001284311952062575], [-0.0028299378179604973, -0.0012772877351041709, 0.9999951799823776]], "center": [102654.66302486243, -59755.92791126141, 610.9879585851551]}}, {"key": 5, "value": {"rotation": [[0.9999888185826691, -0.0038793447692697333, 0.0027043287148434546], [0.003878959299433071, 0.9999924658912256, 0.00014776853558211213], [-0.0027048815852323484, -0.00013727690230334912, 0.9999963323786052]], "center": [102654.91202048825, -59761.56415293532, 612.0557351010079]}}, {"key": 6, "value": {"rotation": [[0.9999828512496558, -0.005147251404976174, 0.002793386758251779], [0.005146577300349551, 0.9999867254176863, 0.0002484562445014986], [-0.0027946285439629315, -0.00023407560290634137, 0.9999960676222249]], "center": [102655.31492536045, -59768.09230050192, 612.8126721609817]}}, {"key": 7, "value": {"rotation": [[0.9999707183570706, -0.0069431641366840165, 0.003217903077054535], [0.006942768331211617, 0.9999758896944505, 0.00013415547841426323], [-0.00321875695593462, -0.00011181039454528368, 0.9999948135375976]], "center": [102655.17606049655, -59774.701660511535, 613.3885488562194]}}, {"key": 8, "value": {"rotation": [[0.99996487736263, -0.007421718767196575, 0.0038938581996308796], [0.007420339820000425, 0.9999724010156532, 0.00036846159443259033], [-0.003896485351429863, -0.0003395549020375511, 0.9999923510229339]], "center": [102654.43414992985, -59780.910889423394, 613.3854341732095]}}, {"key": 9, "value": {"rotation": [[0.9999511557608467, -0.008751218434810906, 0.004593720545559892], [0.008750621833143155, 0.9999617013318689, 0.00014995668889636178], [-0.004594856915921625, -0.00010975145307476343, 0.9999894375664881]], "center": [102654.45848933705, -59787.277060243745, 613.7040475409963]}}], "structure": [], "control_points": []}