{"sfm_data_version": "0.3", "root_path": "/mnt/ST8000/jialei/SFM_E/ex_sea_12/1-2/images", "views": [{"key": 9, "value": {"polymorphic_id": 1073741824, "ptr_wrapper": {"id": 2147483649, "data": {"local_path": "", "filename": "038735_11734.566406.jpg", "width": 1920, "height": 1080, "id_view": 9, "id_intrinsic": 0, "id_pose": 9}}}}, {"key": 8, "value": {"polymorphic_id": 1073741824, "ptr_wrapper": {"id": 2147483650, "data": {"local_path": "", "filename": "038734_11734.465820.jpg", "width": 1920, "height": 1080, "id_view": 8, "id_intrinsic": 0, "id_pose": 8}}}}, {"key": 7, "value": {"polymorphic_id": 1073741824, "ptr_wrapper": {"id": 2147483651, "data": {"local_path": "", "filename": "038733_11734.399211.jpg", "width": 1920, "height": 1080, "id_view": 7, "id_intrinsic": 0, "id_pose": 7}}}}, {"key": 6, "value": {"polymorphic_id": 1073741824, "ptr_wrapper": {"id": 2147483652, "data": {"local_path": "", "filename": "038732_11734.299602.jpg", "width": 1920, "height": 1080, "id_view": 6, "id_intrinsic": 0, "id_pose": 6}}}}, {"key": 5, "value": {"polymorphic_id": 1073741824, "ptr_wrapper": {"id": 2147483653, "data": {"local_path": "", "filename": "038731_11734.198016.jpg", "width": 1920, "height": 1080, "id_view": 5, "id_intrinsic": 0, "id_pose": 5}}}}, {"key": 4, "value": {"polymorphic_id": 1073741824, "ptr_wrapper": {"id": 2147483654, "data": {"local_path": "", "filename": "038730_11734.100406.jpg", "width": 1920, "height": 1080, "id_view": 4, "id_intrinsic": 0, "id_pose": 4}}}}, {"key": 3, "value": {"polymorphic_id": 1073741824, "ptr_wrapper": {"id": 2147483655, "data": {"local_path": "", "filename": "038729_11733.998820.jpg", "width": 1920, "height": 1080, "id_view": 3, "id_intrinsic": 0, "id_pose": 3}}}}, {"key": 2, "value": {"polymorphic_id": 1073741824, "ptr_wrapper": {"id": 2147483656, "data": {"local_path": "", "filename": "038728_11733.899211.jpg", "width": 1920, "height": 1080, "id_view": 2, "id_intrinsic": 0, "id_pose": 2}}}}, {"key": 1, "value": {"polymorphic_id": 1073741824, "ptr_wrapper": {"id": 2147483657, "data": {"local_path": "", "filename": "038727_11733.798602.jpg", "width": 1920, "height": 1080, "id_view": 1, "id_intrinsic": 0, "id_pose": 1}}}}, {"key": 0, "value": {"polymorphic_id": 1073741824, "ptr_wrapper": {"id": 2147483658, "data": {"local_path": "", "filename": "038726_11733.699016.jpg", "width": 1920, "height": 1080, "id_view": 0, "id_intrinsic": 0, "id_pose": 0}}}}], "intrinsics": [{"key": 0, "value": {"polymorphic_id": 2147483649, "polymorphic_name": "pinhole_radial_k3", "ptr_wrapper": {"id": 2147483659, "data": {"width": 1920, "height": 1080, "focal_length": 1739.13, "principal_point": [960.0, 540.0], "disto_k3": [0.0, 0.0, 0.0]}}}}], "extrinsics": [{"key": 0, "value": {"rotation": [[0.9999989350968104, -0.0014588830234552484, -3.828275088314549e-05], [0.001458887244125794, 0.9999989297233242, 0.00011045458441805033], [3.8121569591939935e-05, -0.00011051031701154451, 0.9999999931671079]], "center": [-0.00036785830915453773, -0.0011679819534296584, 0.0006828612685939525]}}, {"key": 1, "value": {"rotation": [[0.9999998511824245, -8.739760555782374e-05, 0.0005385134977589046], [8.68188297127941e-05, 0.9999994187460028, 0.0010746953742073995], [-0.0005386071105481913, -0.0010746484611621795, 0.9999992775162717]], "center": [-0.0002486936991713801, -0.010426021544695208, 0.0023949946288749743]}}, {"key": 2, "value": {"rotation": [[0.999999366545524, -0.0009637037981955202, 0.0005815355015911874], [0.0009628355827604518, 0.9999984243232513, 0.0014914082794575156], [-0.0005829718611027936, -0.0014908474116447138, 0.9999987187580814]], "center": [-0.00020145822263387215, -0.020787280994087255, 0.0032201871940226935]}}, {"key": 3, "value": {"rotation": [[0.999993753591513, -0.00248406844899448, 0.0025143949364998487], [0.0024809329440056496, 0.9999961420113511, 0.0012493734997332572], [-0.0025174887652844357, -0.0012431276504038928, 0.9999960584342127]], "center": [-0.001968570942926907, -0.030267651718743606, 0.0023222519834401214]}}, {"key": 4, "value": {"rotation": [[0.999990457751322, -0.0034390394626626435, 0.0026939587738195967], [0.0034357233780172793, 0.9999933357666406, 0.001234595957083499], [-0.002698186644866533, -0.0012253284791233006, 0.9999956091698341]], "center": [-0.0013889358454449508, -0.040132802931198405, 0.0032922748229250727]}}, {"key": 5, "value": {"rotation": [[0.9999850140006447, -0.00483307851112737, 0.0025715999367409543], [0.004832842796268568, 0.9999883169580319, 9.786700300620746e-05], [-0.0025720428915401656, -8.54373981422678e-05, 0.9999966886424251]], "center": [-0.0010052114550470148, -0.04900555656088644, 0.0049735347727501164]}}, {"key": 6, "value": {"rotation": [[0.9999778490906509, -0.006100974489400307, 0.0026607213896663153], [0.006100468121942051, 0.9999813722922497, 0.00019838650031769398], [-0.0026618821775033657, -0.00018215045985734733, 0.9999964405959071]], "center": [-0.00038061043215167987, -0.05928258639262605, 0.006165514184779137]}}, {"key": 7, "value": {"rotation": [[0.9999640595787821, -0.007896853917117096, 0.0030853280104209714], [0.007896632785425822, 0.9999688175939524, 8.384751752843922e-05], [-0.0030858939340674303, -5.94808016925772e-05, 0.9999952368489875]], "center": [-0.0006090126793756068, -0.06968665981003327, 0.007072591423541473]}}, {"key": 8, "value": {"rotation": [[0.9999578519877788, -0.008375369460524173, 0.00376130753664202], [0.008374231880391811, 0.9999648849129458, 0.00031809032381087523], [-0.0037638395819842574, -0.00028657885545079696, 0.9999928756667026]], "center": [-0.0017862381599601574, -0.0794599939747809, 0.0070683263113731545]}}, {"key": 9, "value": {"rotation": [[0.9999429552786502, -0.009704820958062486, 0.004461237358511077], [0.009704474016091705, 0.999952905542005, 9.94091253780696e-05], [-0.004461992006719182, -5.610949258703567e-05, 0.9999900436899647]], "center": [-0.0017574160890775439, -0.0894815086910612, 0.007570371363642119]}}], "structure": [], "control_points": []}