{"sfm_data_version": "0.3", "root_path": "/mnt/ST8000/jialei/SFM_E/ex_sea_12/6-3/images", "views": [{"key": 9, "value": {"polymorphic_id": 1073741824, "ptr_wrapper": {"id": 2147483649, "data": {"local_path": "", "filename": "087511_13303.979266.jpg", "width": 1920, "height": 1080, "id_view": 9, "id_intrinsic": 0, "id_pose": 9}}}}, {"key": 8, "value": {"polymorphic_id": 1073741824, "ptr_wrapper": {"id": 2147483650, "data": {"local_path": "", "filename": "087510_13303.879656.jpg", "width": 1920, "height": 1080, "id_view": 8, "id_intrinsic": 0, "id_pose": 8}}}}, {"key": 7, "value": {"polymorphic_id": 1073741824, "ptr_wrapper": {"id": 2147483651, "data": {"local_path": "", "filename": "087509_13303.781047.jpg", "width": 1920, "height": 1080, "id_view": 7, "id_intrinsic": 0, "id_pose": 7}}}}, {"key": 6, "value": {"polymorphic_id": 1073741824, "ptr_wrapper": {"id": 2147483652, "data": {"local_path": "", "filename": "087508_13303.679461.jpg", "width": 1920, "height": 1080, "id_view": 6, "id_intrinsic": 0, "id_pose": 6}}}}, {"key": 5, "value": {"polymorphic_id": 1073741824, "ptr_wrapper": {"id": 2147483653, "data": {"local_path": "", "filename": "087507_13303.580852.jpg", "width": 1920, "height": 1080, "id_view": 5, "id_intrinsic": 0, "id_pose": 5}}}}, {"key": 4, "value": {"polymorphic_id": 1073741824, "ptr_wrapper": {"id": 2147483654, "data": {"local_path": "", "filename": "087506_13303.479266.jpg", "width": 1920, "height": 1080, "id_view": 4, "id_intrinsic": 0, "id_pose": 4}}}}, {"key": 3, "value": {"polymorphic_id": 1073741824, "ptr_wrapper": {"id": 2147483655, "data": {"local_path": "", "filename": "087505_13303.379656.jpg", "width": 1920, "height": 1080, "id_view": 3, "id_intrinsic": 0, "id_pose": 3}}}}, {"key": 2, "value": {"polymorphic_id": 1073741824, "ptr_wrapper": {"id": 2147483656, "data": {"local_path": "", "filename": "087504_13303.248047.jpg", "width": 1920, "height": 1080, "id_view": 2, "id_intrinsic": 0, "id_pose": 2}}}}, {"key": 1, "value": {"polymorphic_id": 1073741824, "ptr_wrapper": {"id": 2147483657, "data": {"local_path": "", "filename": "087503_13303.179461.jpg", "width": 1920, "height": 1080, "id_view": 1, "id_intrinsic": 0, "id_pose": 1}}}}, {"key": 0, "value": {"polymorphic_id": 1073741824, "ptr_wrapper": {"id": 2147483658, "data": {"local_path": "", "filename": "087502_13303.047852.jpg", "width": 1920, "height": 1080, "id_view": 0, "id_intrinsic": 0, "id_pose": 0}}}}], "intrinsics": [{"key": 0, "value": {"polymorphic_id": 2147483649, "polymorphic_name": "pinhole_radial_k3", "ptr_wrapper": {"id": 2147483659, "data": {"width": 1920, "height": 1080, "focal_length": 1739.13, "principal_point": [960.0, 540.0], "disto_k3": [0.0, 0.0, 0.0]}}}}], "extrinsics": [{"key": 0, "value": {"rotation": [[0.9999999494600081, 0.0003167003511388741, 2.7944040657753e-05], [-0.00031669741526305485, 0.9999999443383858, -0.00010500463005265741], [-2.79772941055516e-05, 0.00010499577494027592, 0.9999999940965791]], "center": [102655.28827440922, -59731.17478743541, 609.3316321681409]}}, {"key": 1, "value": {"rotation": [[0.9999998209076629, 0.00044966638930373805, -0.0003949490865682343], [-0.000449827273166298, 0.9999998158569765, -0.00040735910111063244], [0.0003947658381449777, 0.0004075366870263881, 0.999999839036878]], "center": [102653.90055964363, -59738.18103351755, 609.2451643190615]}}, {"key": 2, "value": {"rotation": [[0.9999999275840352, 0.0003497130955924357, -0.00015010888179757507], [-0.0003495942491858713, 0.9999996260259947, 0.0007910320676461084], [0.00015038545993384785, -0.0007909795331609293, 0.9999996758677432]], "center": [102653.21749263977, -59745.87430506361, 609.2845475500038]}}, {"key": 3, "value": {"rotation": [[0.9999996709583384, -0.000793205553637717, -0.00017002401525072262], [0.0007931695364047866, 0.9999996630115768, -0.0002117990076318958], [0.00017019195810364109, 0.00021166408007183517, 0.9999999631165065]], "center": [102652.58624234766, -59752.41862005458, 609.7337564024367]}}, {"key": 4, "value": {"rotation": [[0.9999989708628485, -0.001401760239346781, 0.0003055183722385446], [0.001401748015432664, 0.9999990167419085, 4.022086440101537e-05], [-0.00030557445184373563, -3.979256323629259e-05, 0.9999999525204019]], "center": [102651.72585075135, -59759.682631749245, 609.7539608773736]}}, {"key": 5, "value": {"rotation": [[0.9999985991632832, -0.0015647538269735598, 0.0005943205643044544], [0.0015637777143290947, 0.9999974335951352, 0.0016393298641515465], [-0.0005968841867159222, -0.001638398182464468, 0.9999984796891758]], "center": [102651.08953741034, -59767.61981140595, 609.7924930545425]}}, {"key": 6, "value": {"rotation": [[0.9999975200599271, -0.0018706822663000161, 0.001208479149490887], [0.0018676446267613112, 0.9999951062349014, 0.002509862505456657], [-0.001213168390757675, -0.002507599271557962, 0.9999961200766473]], "center": [102649.91681637448, -59775.062066455685, 609.6643913263445]}}, {"key": 7, "value": {"rotation": [[0.9999971440168094, -0.0018861658509901642, 0.0014677658558071385], [0.0018799793215409587, 0.9999893919572241, 0.004204955501679347], [-0.0014756815291564736, -0.0042021841229393335, 0.9999900819571265]], "center": [102649.43929357648, -59783.072816155785, 609.6471686594207]}}, {"key": 8, "value": {"rotation": [[0.999999494882549, -0.0004079665054580063, -0.0009185847689470298], [0.00040146323255436115, 0.9999749354546171, -0.007068754473482343], [0.0009214455600977509, 0.00706838212492039, 0.9999745941333784]], "center": [102650.70341856022, -59783.42552404955, 617.3506706654009]}}, {"key": 9, "value": {"rotation": [[0.9999996679240025, -0.0007346597420440919, -0.00035274204204549666], [0.0007327801510432276, 0.9999856895957913, -0.005299399671574653], [0.00035663024975984744, 0.0052991394294044205, 0.9999858958686226]], "center": [102650.01377710477, -59791.61023082363, 617.1063962398167]}}], "structure": [], "control_points": []}