{"sfm_data_version": "0.3", "root_path": "/mnt/ST8000/jialei/SFM_E/ex_sea_12/6-3/images", "views": [{"key": 9, "value": {"polymorphic_id": 1073741824, "ptr_wrapper": {"id": 2147483649, "data": {"local_path": "", "filename": "087511_13303.979266.jpg", "width": 1920, "height": 1080, "id_view": 9, "id_intrinsic": 0, "id_pose": 9}}}}, {"key": 8, "value": {"polymorphic_id": 1073741824, "ptr_wrapper": {"id": 2147483650, "data": {"local_path": "", "filename": "087510_13303.879656.jpg", "width": 1920, "height": 1080, "id_view": 8, "id_intrinsic": 0, "id_pose": 8}}}}, {"key": 7, "value": {"polymorphic_id": 1073741824, "ptr_wrapper": {"id": 2147483651, "data": {"local_path": "", "filename": "087509_13303.781047.jpg", "width": 1920, "height": 1080, "id_view": 7, "id_intrinsic": 0, "id_pose": 7}}}}, {"key": 6, "value": {"polymorphic_id": 1073741824, "ptr_wrapper": {"id": 2147483652, "data": {"local_path": "", "filename": "087508_13303.679461.jpg", "width": 1920, "height": 1080, "id_view": 6, "id_intrinsic": 0, "id_pose": 6}}}}, {"key": 5, "value": {"polymorphic_id": 1073741824, "ptr_wrapper": {"id": 2147483653, "data": {"local_path": "", "filename": "087507_13303.580852.jpg", "width": 1920, "height": 1080, "id_view": 5, "id_intrinsic": 0, "id_pose": 5}}}}, {"key": 4, "value": {"polymorphic_id": 1073741824, "ptr_wrapper": {"id": 2147483654, "data": {"local_path": "", "filename": "087506_13303.479266.jpg", "width": 1920, "height": 1080, "id_view": 4, "id_intrinsic": 0, "id_pose": 4}}}}, {"key": 3, "value": {"polymorphic_id": 1073741824, "ptr_wrapper": {"id": 2147483655, "data": {"local_path": "", "filename": "087505_13303.379656.jpg", "width": 1920, "height": 1080, "id_view": 3, "id_intrinsic": 0, "id_pose": 3}}}}, {"key": 2, "value": {"polymorphic_id": 1073741824, "ptr_wrapper": {"id": 2147483656, "data": {"local_path": "", "filename": "087504_13303.248047.jpg", "width": 1920, "height": 1080, "id_view": 2, "id_intrinsic": 0, "id_pose": 2}}}}, {"key": 1, "value": {"polymorphic_id": 1073741824, "ptr_wrapper": {"id": 2147483657, "data": {"local_path": "", "filename": "087503_13303.179461.jpg", "width": 1920, "height": 1080, "id_view": 1, "id_intrinsic": 0, "id_pose": 1}}}}, {"key": 0, "value": {"polymorphic_id": 1073741824, "ptr_wrapper": {"id": 2147483658, "data": {"local_path": "", "filename": "087502_13303.047852.jpg", "width": 1920, "height": 1080, "id_view": 0, "id_intrinsic": 0, "id_pose": 0}}}}], "intrinsics": [{"key": 0, "value": {"polymorphic_id": 2147483649, "polymorphic_name": "pinhole_radial_k3", "ptr_wrapper": {"id": 2147483659, "data": {"width": 1920, "height": 1080, "focal_length": 1739.13, "principal_point": [960.0, 540.0], "disto_k3": [0.0, 0.0, 0.0]}}}}], "extrinsics": [{"key": 0, "value": {"rotation": [[0.9999999760462455, -2.1139900955245412e-05, 0.00021785456877020578], [2.1142955949786786e-05, 0.9999999996781963, -1.4020797962215631e-05], [-0.0002178542723018194, 1.4025403715911655e-05, 0.9999999761714018]], "center": [0.00015519307455853716, -1.8311897749533372e-05, 0.0001624968375178705]}}, {"key": 1, "value": {"rotation": [[0.9999999727252238, 0.00011186464724052849, -0.00020502646773314635], [-0.00011192951448104444, 0.9999999436812353, -0.0003164005529381961], [0.00020499106215007628, 0.00031642349282142546, 0.9999999289274163]], "center": [-0.002105586318158224, -0.011412381271091714, 2.040094214047346e-05]}}, {"key": 2, "value": {"rotation": [[0.9999999991371205, 1.1889048090595168e-05, 3.980465172013755e-05], [-1.1924151560646648e-05, 0.9999996109583607, 0.0008820096043822673], [-3.979414997986467e-05, -0.000882010078257903, 0.9999996102372477]], "center": [-0.0032207544111586633, -0.023924223476002954, 8.310308416221066e-05]}}, {"key": 3, "value": {"rotation": [[0.9999993601923114, -0.0011310276326132436, 1.9785414128954112e-05], [0.0011310300108165825, 0.999999353112631, -0.00012060445535797389], [-1.96489943584589e-05, 0.00012062675609145914, 0.9999999925315513]], "center": [-0.004251143965100367, -0.03456751054253322, 0.0008125251069670378]}}, {"key": 4, "value": {"rotation": [[0.9999983642032515, -0.0017396253093160082, 0.0004952722529046816], [0.0017395603641087198, 0.9999984783135222, 0.00013153091016721222], [-0.000495500313755969, -0.000130669139028812, 0.9999998687024988]], "center": [-0.005654468116490694, -0.04638111123866133, 0.0008440440310752024]}}, {"key": 5, "value": {"rotation": [[0.9999978825940188, -0.0019026450365631192, 0.0007840595284050307], [0.0019012858253084897, 0.9999966949404593, 0.0017306704968017119], [-0.0007873497886723241, -0.0017291761110021138, 0.9999981950135145]], "center": [-0.0066937305603747424, -0.059289667189971904, 0.0009053403554522193]}}, {"key": 6, "value": {"rotation": [[0.9999965835055062, -0.0022086289686389323, 0.00139819004213272], [0.0022049866037043876, 0.9999941857217665, 0.0026012606056805545], [-0.00140392713219554, -0.0025981687281756973, 0.9999956392444252]], "center": [-0.008605074348391578, -0.07139296642400317, 0.0006955336272844489]}}, {"key": 7, "value": {"rotation": [[0.9999961529899717, -0.0022241360151969724, 0.0016574752616093317], [0.0022169974478922386, 0.9999883130580631, 0.004296355386201932], [-0.0016670115695408421, -0.004292664239654748, 0.999989396996864]], "center": [-0.009386105640099717, -0.08442125449520356, 0.0006661893207734605]}}, {"key": 8, "value": {"rotation": [[0.9999994564191615, -0.0007457204446068906, -0.0007287402827115129], [0.0007406176041272787, 0.9999753817348986, -0.006977636398331432], [0.0007339257085071748, 0.006977092887539779, 0.9999753904611313]], "center": [-0.007332726531012986, -0.08499672732673567, 0.01319537831604652]}}, {"key": 9, "value": {"rotation": [[0.9999994116363751, -0.0010724651999251878, -0.00016292727894764753], [0.0010716021081971813, 0.9999858629684901, -0.005208217745532962], [0.0001685106079251342, 0.005208040087991532, 0.9999864238691523]], "center": [-0.008458769598620243, -0.0983077862073769, 0.012796669443584647]}}], "structure": [], "control_points": []}