{"sfm_data_version": "0.3", "root_path": "/mnt/ST8000/jialei/SFM_E/ex_sea_12/6-3/images", "views": [{"key": 9, "value": {"polymorphic_id": 1073741824, "ptr_wrapper": {"id": 2147483649, "data": {"local_path": "", "filename": "087511_13303.979266.jpg", "width": 1920, "height": 1080, "id_view": 9, "id_intrinsic": 0, "id_pose": 9}}}}, {"key": 8, "value": {"polymorphic_id": 1073741824, "ptr_wrapper": {"id": 2147483650, "data": {"local_path": "", "filename": "087510_13303.879656.jpg", "width": 1920, "height": 1080, "id_view": 8, "id_intrinsic": 0, "id_pose": 8}}}}, {"key": 7, "value": {"polymorphic_id": 1073741824, "ptr_wrapper": {"id": 2147483651, "data": {"local_path": "", "filename": "087509_13303.781047.jpg", "width": 1920, "height": 1080, "id_view": 7, "id_intrinsic": 0, "id_pose": 7}}}}, {"key": 6, "value": {"polymorphic_id": 1073741824, "ptr_wrapper": {"id": 2147483652, "data": {"local_path": "", "filename": "087508_13303.679461.jpg", "width": 1920, "height": 1080, "id_view": 6, "id_intrinsic": 0, "id_pose": 6}}}}, {"key": 5, "value": {"polymorphic_id": 1073741824, "ptr_wrapper": {"id": 2147483653, "data": {"local_path": "", "filename": "087507_13303.580852.jpg", "width": 1920, "height": 1080, "id_view": 5, "id_intrinsic": 0, "id_pose": 5}}}}, {"key": 4, "value": {"polymorphic_id": 1073741824, "ptr_wrapper": {"id": 2147483654, "data": {"local_path": "", "filename": "087506_13303.479266.jpg", "width": 1920, "height": 1080, "id_view": 4, "id_intrinsic": 0, "id_pose": 4}}}}, {"key": 3, "value": {"polymorphic_id": 1073741824, "ptr_wrapper": {"id": 2147483655, "data": {"local_path": "", "filename": "087505_13303.379656.jpg", "width": 1920, "height": 1080, "id_view": 3, "id_intrinsic": 0, "id_pose": 3}}}}, {"key": 2, "value": {"polymorphic_id": 1073741824, "ptr_wrapper": {"id": 2147483656, "data": {"local_path": "", "filename": "087504_13303.248047.jpg", "width": 1920, "height": 1080, "id_view": 2, "id_intrinsic": 0, "id_pose": 2}}}}, {"key": 1, "value": {"polymorphic_id": 1073741824, "ptr_wrapper": {"id": 2147483657, "data": {"local_path": "", "filename": "087503_13303.179461.jpg", "width": 1920, "height": 1080, "id_view": 1, "id_intrinsic": 0, "id_pose": 1}}}}, {"key": 0, "value": {"polymorphic_id": 1073741824, "ptr_wrapper": {"id": 2147483658, "data": {"local_path": "", "filename": "087502_13303.047852.jpg", "width": 1920, "height": 1080, "id_view": 0, "id_intrinsic": 0, "id_pose": 0}}}}], "intrinsics": [{"key": 0, "value": {"polymorphic_id": 2147483649, "polymorphic_name": "pinhole_radial_k3", "ptr_wrapper": {"id": 2147483659, "data": {"width": 1920, "height": 1080, "focal_length": 1739.13, "principal_point": [960.0, 540.0], "disto_k3": [0.0, 0.0, 0.0]}}}}], "extrinsics": [{"key": 0, "value": {"rotation": [[0.999999962960052, -0.00017016715010209456, 0.00021242183433760903], [0.0001701596479909811, 0.9999999848985794, 3.533461649515859e-05], [-0.00021242784392072711, -3.529846956180601e-05, 0.9999999768142143]], "center": [0.00023425783200559883, -5.540612710419603e-05, 0.00010025687520405411]}}, {"key": 1, "value": {"rotation": [[0.9999999652429884, 4.785527442012494e-06, -0.0002636116855151989], [-4.865786980613195e-06, 0.9999999536397791, -0.0003044614324457138], [0.0002636102162855637, 0.0003044627045418509, 0.9999999189060544]], "center": [-0.001953933673887873, -0.010775027496202435, 7.524475399776445e-05]}}, {"key": 2, "value": {"rotation": [[0.9999999675534427, -0.00025412581299806916, 1.7697026925631667e-05], [0.0002541085505913099, 0.9999994985188425, 0.0009687057901891369], [-1.794319119735846e-05, -0.0009687012617920983, 0.9999995306478434]], "center": [-0.003014688211101458, -0.022608962355278765, 0.00028002307292038117]}}, {"key": 3, "value": {"rotation": [[0.99999918949533, -0.0012730755614694341, -1.694984946928366e-05], [0.0012730735154504141, 0.9999991824201231, -0.0001201786572947414], [1.7102832123069475e-05, 0.00012015698148491331, 0.9999999926348963]], "center": [-0.003775584988911187, -0.03230644615971287, 0.0009342444599714647]}}, {"key": 4, "value": {"rotation": [[0.9999980196200077, -0.0019182830752208387, 0.0005300434934241898], [0.0019182010700950752, 0.9999981482103468, 0.00015517903175308974], [-0.0005303401892053494, -0.00015416199444339643, 0.9999998474866697]], "center": [-0.0051101815963901275, -0.043311672656766255, 0.0010939419171144956]}}, {"key": 5, "value": {"rotation": [[0.9999969903532325, -0.0022946872379800906, 0.0008681560663618214], [0.0022930758339923325, 0.9999956548530009, 0.0018525869311299687], [-0.000872403401684186, -0.001850590607801833, 0.9999979071111632]], "center": [-0.006108418521865563, -0.05557431606061089, 0.001336837518165304]}}, {"key": 6, "value": {"rotation": [[0.9999951086330642, -0.0027199047156364, 0.0015442889247811564], [0.002715616970267982, 0.9999924710838868, 0.002771858584514337], [-0.0015518164891944078, -0.0027676513291258267, 0.9999949659731813]], "center": [-0.007974313424727538, -0.06700700738580384, 0.0013364609346278704]}}, {"key": 7, "value": {"rotation": [[0.999993903816979, -0.002963011470787098, 0.001847401391689723], [0.002954538674251015, 0.9999851822047539, 0.0045723158407322976], [-0.001860921841558179, -0.00456682974819956, 0.9999878404440476]], "center": [-0.008743929650958248, -0.07935374035827567, 0.001492629482719626]}}, {"key": 8, "value": {"rotation": [[0.9999907614208442, -0.003081828968628228, 0.002996565228307791], [0.0030632893437155147, 0.9999762611262515, 0.00617198852552401], [-0.003015515106255999, -0.006162752158787926, 0.9999764633002483]], "center": [-0.011615253947988746, -0.0912660076708647, 0.0011746242447565522]}}, {"key": 9, "value": {"rotation": [[0.9999867378461779, -0.003652898651224597, 0.0036304907661246022], [0.0036235678701450687, 0.9999610085723796, 0.008053017496564292], [-0.003659766064857979, -0.008039755366514575, 0.9999609834618531]], "center": [-0.012767666170694513, -0.10391447092838464, 0.0010217809100131388]}}], "structure": [], "control_points": []}