{"sfm_data_version": "0.3", "root_path": "/mnt/ST8000/jialei/SFM_E/ex_sea_12/6-3/images", "views": [{"key": 9, "value": {"polymorphic_id": 1073741824, "ptr_wrapper": {"id": 2147483649, "data": {"local_path": "", "filename": "087511_13303.979266.jpg", "width": 1920, "height": 1080, "id_view": 9, "id_intrinsic": 0, "id_pose": 9}}}}, {"key": 8, "value": {"polymorphic_id": 1073741824, "ptr_wrapper": {"id": 2147483650, "data": {"local_path": "", "filename": "087510_13303.879656.jpg", "width": 1920, "height": 1080, "id_view": 8, "id_intrinsic": 0, "id_pose": 8}}}}, {"key": 7, "value": {"polymorphic_id": 1073741824, "ptr_wrapper": {"id": 2147483651, "data": {"local_path": "", "filename": "087509_13303.781047.jpg", "width": 1920, "height": 1080, "id_view": 7, "id_intrinsic": 0, "id_pose": 7}}}}, {"key": 6, "value": {"polymorphic_id": 1073741824, "ptr_wrapper": {"id": 2147483652, "data": {"local_path": "", "filename": "087508_13303.679461.jpg", "width": 1920, "height": 1080, "id_view": 6, "id_intrinsic": 0, "id_pose": 6}}}}, {"key": 5, "value": {"polymorphic_id": 1073741824, "ptr_wrapper": {"id": 2147483653, "data": {"local_path": "", "filename": "087507_13303.580852.jpg", "width": 1920, "height": 1080, "id_view": 5, "id_intrinsic": 0, "id_pose": 5}}}}, {"key": 4, "value": {"polymorphic_id": 1073741824, "ptr_wrapper": {"id": 2147483654, "data": {"local_path": "", "filename": "087506_13303.479266.jpg", "width": 1920, "height": 1080, "id_view": 4, "id_intrinsic": 0, "id_pose": 4}}}}, {"key": 3, "value": {"polymorphic_id": 1073741824, "ptr_wrapper": {"id": 2147483655, "data": {"local_path": "", "filename": "087505_13303.379656.jpg", "width": 1920, "height": 1080, "id_view": 3, "id_intrinsic": 0, "id_pose": 3}}}}, {"key": 2, "value": {"polymorphic_id": 1073741824, "ptr_wrapper": {"id": 2147483656, "data": {"local_path": "", "filename": "087504_13303.248047.jpg", "width": 1920, "height": 1080, "id_view": 2, "id_intrinsic": 0, "id_pose": 2}}}}, {"key": 1, "value": {"polymorphic_id": 1073741824, "ptr_wrapper": {"id": 2147483657, "data": {"local_path": "", "filename": "087503_13303.179461.jpg", "width": 1920, "height": 1080, "id_view": 1, "id_intrinsic": 0, "id_pose": 1}}}}, {"key": 0, "value": {"polymorphic_id": 1073741824, "ptr_wrapper": {"id": 2147483658, "data": {"local_path": "", "filename": "087502_13303.047852.jpg", "width": 1920, "height": 1080, "id_view": 0, "id_intrinsic": 0, "id_pose": 0}}}}], "intrinsics": [{"key": 0, "value": {"polymorphic_id": 2147483649, "polymorphic_name": "pinhole_radial_k3", "ptr_wrapper": {"id": 2147483659, "data": {"width": 1920, "height": 1080, "focal_length": 1739.13, "principal_point": [960.0, 540.0], "disto_k3": [0.0, 0.0, 0.0]}}}}], "extrinsics": [{"key": 0, "value": {"rotation": [[0.9999999996802549, 1.8634470660129205e-05, 1.7095218724251877e-05], [-1.8634361530158673e-05, 0.9999999998060037, -6.383791604075114e-06], [-1.7095337679512605e-05, 6.383473043547807e-06, 0.9999999998335005]], "center": [102655.28827440224, -59731.17478745423, 609.3316321525009]}}, {"key": 1, "value": {"rotation": [[0.9999998759503205, 0.00019356728427182495, -0.000458945585011433], [-0.00019372615508999726, 0.9999999213266818, -0.0003461456440962745], [0.0004588785464323723, 0.00034623451092059354, 0.999999834776058]], "center": [102653.94616833412, -59737.7558897603, 609.3168137666195]}}, {"key": 2, "value": {"rotation": [[0.9999999820903309, -6.53323141170282e-05, -0.0001776260858697548], [6.549694130865561e-05, 0.9999995682173778, 0.0009269709856965099], [0.000177565448014319, -0.000926982603060082, 0.9999995545867836]], "center": [102653.29636014331, -59745.02094009661, 609.4429586034223]}}, {"key": 3, "value": {"rotation": [[0.9999993896434543, -0.0010842836359728429, -0.0002122303344990116], [0.0010842492409809262, 0.9999993990613854, -0.00016211246510039657], [0.0002124059828547343, 0.00016188225557488005, 0.9999999643389162]], "center": [102652.83044292121, -59750.97436241677, 609.8449289473691]}}, {"key": 4, "value": {"rotation": [[0.9999984484258729, -0.0017294685368458309, 0.00033479012158493826], [0.0017294307515522947, 0.999998498135528, 0.00011311924640623524], [-0.00033498525495309476, -0.00011254007456179762, 0.9999999375598032]], "center": [102652.01241977653, -59757.730695978666, 609.9434099692118]}}, {"key": 5, "value": {"rotation": [[0.9999975562667052, -0.002105858780138646, 0.0006729185793004762], [0.0021046375199864895, 0.999996146371204, 0.0018104539901826779], [-0.0006767285465533024, -0.0018090333162261362, 0.9999981347167278]], "center": [102651.40104583032, -59765.25892516763, 610.0929587373507]}}, {"key": 6, "value": {"rotation": [[0.9999958868942698, -0.0025310483954546514, 0.0013490695170596313], [0.0025273587992758507, 0.9999930807287535, 0.0027296432214181455], [-0.0013559690415773681, -0.002726222411392251, 0.9999953645189171]], "center": [102650.25688542609, -59772.277747956454, 610.0932438739217]}}, {"key": 7, "value": {"rotation": [[0.9999947871827017, -0.002774142727049004, 0.0016521923472098195], [0.0027666335464132546, 0.9999859120752087, 0.0045300540760982], [-0.0016647360878165008, -0.004525459450981106, 0.99998837436768]], "center": [102649.78586261759, -59779.857576024246, 610.1895250542942]}}, {"key": 8, "value": {"rotation": [[0.9999918916809245, -0.0028929128704624097, 0.002801361727649653], [0.0028756983535812458, 0.9999770782698325, 0.0061297058581868315], [-0.002819030220561167, -0.00612160028526799, 0.999977289281393]], "center": [102648.0244798185, -59787.170938420924, 609.9949486526485]}}, {"key": 9, "value": {"rotation": [[0.9999880997469184, -0.003463956853334719, 0.003435311843898534], [0.0034363471525942118, 0.9999620099731567, 0.0080106259862282], [-0.003462929799093687, -0.007998725733678613, 0.9999620135304359]], "center": [102647.31845388153, -59794.936053032565, 609.9015789737986]}}], "structure": [], "control_points": []}