{"sfm_data_version": "0.3", "root_path": "/mnt/ST8000/jialei/SFM_E/ex_sea_12/6-1/images", "views": [{"key": 9, "value": {"polymorphic_id": 1073741824, "ptr_wrapper": {"id": 2147483649, "data": {"local_path": "", "filename": "104926_15025.847656.jpg", "width": 1920, "height": 1080, "id_view": 9, "id_intrinsic": 0, "id_pose": 9}}}}, {"key": 8, "value": {"polymorphic_id": 1073741824, "ptr_wrapper": {"id": 2147483650, "data": {"local_path": "", "filename": "104925_15025.748047.jpg", "width": 1920, "height": 1080, "id_view": 8, "id_intrinsic": 0, "id_pose": 8}}}}, {"key": 7, "value": {"polymorphic_id": 1073741824, "ptr_wrapper": {"id": 2147483651, "data": {"local_path": "", "filename": "104924_15025.647461.jpg", "width": 1920, "height": 1080, "id_view": 7, "id_intrinsic": 0, "id_pose": 7}}}}, {"key": 6, "value": {"polymorphic_id": 1073741824, "ptr_wrapper": {"id": 2147483652, "data": {"local_path": "", "filename": "104923_15025.547852.jpg", "width": 1920, "height": 1080, "id_view": 6, "id_intrinsic": 0, "id_pose": 6}}}}, {"key": 5, "value": {"polymorphic_id": 1073741824, "ptr_wrapper": {"id": 2147483653, "data": {"local_path": "", "filename": "104922_15025.447266.jpg", "width": 1920, "height": 1080, "id_view": 5, "id_intrinsic": 0, "id_pose": 5}}}}, {"key": 4, "value": {"polymorphic_id": 1073741824, "ptr_wrapper": {"id": 2147483654, "data": {"local_path": "", "filename": "104921_15025.347656.jpg", "width": 1920, "height": 1080, "id_view": 4, "id_intrinsic": 0, "id_pose": 4}}}}, {"key": 3, "value": {"polymorphic_id": 1073741824, "ptr_wrapper": {"id": 2147483655, "data": {"local_path": "", "filename": "104920_15025.280047.jpg", "width": 1920, "height": 1080, "id_view": 3, "id_intrinsic": 0, "id_pose": 3}}}}, {"key": 2, "value": {"polymorphic_id": 1073741824, "ptr_wrapper": {"id": 2147483656, "data": {"local_path": "", "filename": "104919_15025.248047.jpg", "width": 1920, "height": 1080, "id_view": 2, "id_intrinsic": 0, "id_pose": 2}}}}, {"key": 1, "value": {"polymorphic_id": 1073741824, "ptr_wrapper": {"id": 2147483657, "data": {"local_path": "", "filename": "104918_15025.147461.jpg", "width": 1920, "height": 1080, "id_view": 1, "id_intrinsic": 0, "id_pose": 1}}}}, {"key": 0, "value": {"polymorphic_id": 1073741824, "ptr_wrapper": {"id": 2147483658, "data": {"local_path": "", "filename": "104917_15025.047852.jpg", "width": 1920, "height": 1080, "id_view": 0, "id_intrinsic": 0, "id_pose": 0}}}}], "intrinsics": [{"key": 0, "value": {"polymorphic_id": 2147483649, "polymorphic_name": "pinhole_radial_k3", "ptr_wrapper": {"id": 2147483659, "data": {"width": 1920, "height": 1080, "focal_length": 1739.13, "principal_point": [960.0, 540.0], "disto_k3": [0.0, 0.0, 0.0]}}}}], "extrinsics": [{"key": 0, "value": {"rotation": [[0.9999989679916175, -0.0008351267175587539, 0.00116900772698089], [0.000835926809131996, 0.9999994166178376, -0.000684098205144697], [-0.0011684357363141054, 0.0006850747040486443, 0.9999990827148694]], "center": [0.0005162566529176466, -0.0015309170089203052, 0.0014500788297071119]}}, {"key": 1, "value": {"rotation": [[0.9999999120527896, 9.024772343930051e-05, 0.00040957265713382975], [-9.03398840702942e-05, 0.9999999706060333, 0.00022500363962646577], [-0.00040955233902861295, -0.00022504062058440515, 0.9999998908117943]], "center": [0.0010415765565989458, -0.010596885171930975, 0.0016623572487839498]}}, {"key": 2, "value": {"rotation": [[0.9999987757909736, -2.626642793625633e-05, 0.001564521213731542], [2.2990996022387785e-05, 0.9999978082587035, 0.002093549426917498], [-0.0015645727747709607, -0.0020935108940744506, 0.9999965846562521]], "center": [0.0016288822654124875, -0.021852911927033005, 0.0012885987451135492]}}, {"key": 3, "value": {"rotation": [[0.9999971242193189, -0.00034530906430747837, 0.002373249827107846], [0.00033988141918697695, 0.9999973269778705, 0.0022870325172352273], [-0.002374033216417124, -0.0022862193167120146, 0.9999945685690114]], "center": [0.0017925941358904612, -0.03155700401753858, 0.0012256799192830418]}}, {"key": 4, "value": {"rotation": [[0.999991561118026, -0.0014697178510350082, 0.0038363553238708464], [0.0014635067382545361, 0.9999976147328031, 0.001621319441556902], [-0.0038387290552638342, -0.0016156912275666958, 0.9999913268129366]], "center": [0.0026058271555679203, -0.04066765886777229, 0.0010858648227746836]}}, {"key": 5, "value": {"rotation": [[0.9999882932528266, -0.0015293227439684102, 0.004590700299834602], [0.0015195525945289057, 0.9999965749316163, 0.0021309821560133945], [-0.00459394353585034, -0.002123981398592796, 0.9999871921108827]], "center": [0.0026387526038159394, -0.05051996879353198, 0.000822796259791009]}}, {"key": 6, "value": {"rotation": [[0.9999819953305065, -0.002105461830487567, 0.005619256649976868], [0.002092096434008638, 0.9999949714508247, 0.002383318185942774], [-0.005624246378738885, -0.002371519248287395, 0.9999813717010564]], "center": [0.0026958528865594134, -0.05998263208425233, 0.0007233984537871878]}}, {"key": 7, "value": {"rotation": [[0.9999776488857277, -0.002063345010459661, 0.006359586176745249], [0.0020440158840539812, 0.9999932768792564, 0.003044371093108794], [-0.006365825008384482, -0.0030313039528613536, 0.9999751434252292]], "center": [0.002722889645709991, -0.0700067809975426, 0.00038140480531401123]}}, {"key": 8, "value": {"rotation": [[0.9999697971615874, -0.0028048748096655956, 0.007248271650201097], [0.002775406307612575, 0.9999878560386231, 0.004072455660387727], [-0.0072596063557654345, -0.004052215761810223, 0.9999654382342315]], "center": [0.004073813857831138, -0.08034046348424098, 0.00042400971546179136]}}, {"key": 9, "value": {"rotation": [[0.9999630712772227, -0.003217672340157587, 0.007968856036784398], [0.003183897072438208, 0.9999859107818887, 0.004247474208099579], [-0.007982410742108538, -0.004221945336895881, 0.9999592273169521]], "center": [0.004782434169751711, -0.09023044423956283, 0.0004074866303206553]}}], "structure": [], "control_points": []}