{"sfm_data_version": "0.3", "root_path": "/mnt/ST8000/jialei/SFM_E/ex_sea_12/6-1/images", "views": [{"key": 9, "value": {"polymorphic_id": 1073741824, "ptr_wrapper": {"id": 2147483649, "data": {"local_path": "", "filename": "104926_15025.847656.jpg", "width": 1920, "height": 1080, "id_view": 9, "id_intrinsic": 0, "id_pose": 9}}}}, {"key": 8, "value": {"polymorphic_id": 1073741824, "ptr_wrapper": {"id": 2147483650, "data": {"local_path": "", "filename": "104925_15025.748047.jpg", "width": 1920, "height": 1080, "id_view": 8, "id_intrinsic": 0, "id_pose": 8}}}}, {"key": 7, "value": {"polymorphic_id": 1073741824, "ptr_wrapper": {"id": 2147483651, "data": {"local_path": "", "filename": "104924_15025.647461.jpg", "width": 1920, "height": 1080, "id_view": 7, "id_intrinsic": 0, "id_pose": 7}}}}, {"key": 6, "value": {"polymorphic_id": 1073741824, "ptr_wrapper": {"id": 2147483652, "data": {"local_path": "", "filename": "104923_15025.547852.jpg", "width": 1920, "height": 1080, "id_view": 6, "id_intrinsic": 0, "id_pose": 6}}}}, {"key": 5, "value": {"polymorphic_id": 1073741824, "ptr_wrapper": {"id": 2147483653, "data": {"local_path": "", "filename": "104922_15025.447266.jpg", "width": 1920, "height": 1080, "id_view": 5, "id_intrinsic": 0, "id_pose": 5}}}}, {"key": 4, "value": {"polymorphic_id": 1073741824, "ptr_wrapper": {"id": 2147483654, "data": {"local_path": "", "filename": "104921_15025.347656.jpg", "width": 1920, "height": 1080, "id_view": 4, "id_intrinsic": 0, "id_pose": 4}}}}, {"key": 3, "value": {"polymorphic_id": 1073741824, "ptr_wrapper": {"id": 2147483655, "data": {"local_path": "", "filename": "104920_15025.280047.jpg", "width": 1920, "height": 1080, "id_view": 3, "id_intrinsic": 0, "id_pose": 3}}}}, {"key": 2, "value": {"polymorphic_id": 1073741824, "ptr_wrapper": {"id": 2147483656, "data": {"local_path": "", "filename": "104919_15025.248047.jpg", "width": 1920, "height": 1080, "id_view": 2, "id_intrinsic": 0, "id_pose": 2}}}}, {"key": 1, "value": {"polymorphic_id": 1073741824, "ptr_wrapper": {"id": 2147483657, "data": {"local_path": "", "filename": "104918_15025.147461.jpg", "width": 1920, "height": 1080, "id_view": 1, "id_intrinsic": 0, "id_pose": 1}}}}, {"key": 0, "value": {"polymorphic_id": 1073741824, "ptr_wrapper": {"id": 2147483658, "data": {"local_path": "", "filename": "104917_15025.047852.jpg", "width": 1920, "height": 1080, "id_view": 0, "id_intrinsic": 0, "id_pose": 0}}}}], "intrinsics": [{"key": 0, "value": {"polymorphic_id": 2147483649, "polymorphic_name": "pinhole_radial_k3", "ptr_wrapper": {"id": 2147483659, "data": {"width": 1920, "height": 1080, "focal_length": 1739.13, "principal_point": [960.0, 540.0], "disto_k3": [0.0, 0.0, 0.0]}}}}], "extrinsics": [{"key": 0, "value": {"rotation": [[0.9999999779441778, 4.733634126921119e-05, 0.00020462383781354472], [-4.7332724614147304e-05, 0.9999999987235249, -1.767945827053295e-05], [-0.00020462467443321786, 1.7669772476833045e-05, 0.9999999789082606]], "center": [102655.28827476436, -59731.17478775299, 609.3316322450605]}}, {"key": 1, "value": {"rotation": [[0.9999993728584263, 0.0009732171168044604, -0.0005541941877914393], [-0.0009727223632378958, 0.9999991287922888, 0.0008923148922353427], [0.0005550621210999235, -0.0008917752555475175, 0.9999994483213154]], "center": [102655.64077495635, -59737.16445100099, 609.4675532619698]}}, {"key": 2, "value": {"rotation": [[0.9999994532833215, 0.0008559324064876057, 0.0006006769293495803], [-0.0008575876168074851, 0.9999958213962572, 0.0027607487215767818], [-0.000598311405061746, -0.0027612623453257463, 0.9999960087188962]], "center": [102656.03513277885, -59744.60078964124, 609.2152753569056]}}, {"key": 3, "value": {"rotation": [[0.9999988632504612, 0.000536349591657093, 0.001409193705880173], [-0.0005405104415505946, 0.999995491074865, 0.002953925930332008], [-0.0014076030149647303, -0.0029546842563702683, 0.9999946442330064]], "center": [102656.14891571167, -59751.01215060456, 609.1693228003065]}}, {"key": 4, "value": {"rotation": [[0.9999957035984022, -0.0005890383945657771, 0.002871553326318413], [0.00058247163928992, 0.9999972148764997, 0.002287130523778617], [-0.0028728925363796422, -0.0022854480989740814, 0.9999932615850274]], "center": [102656.6914414813, -59757.03101527234, 609.0724129490981]}}, {"key": 5, "value": {"rotation": [[0.9999932158453073, -0.0006491488125419187, 0.0036258611638102394], [0.0006390098920688051, 0.9999958849525002, 0.0027967381757757802], [-0.0036276617424851115, -0.0027944022411204323, 0.9999895156382372]], "center": [102656.71877287074, -59763.5402918162, 608.8942396110692]}}, {"key": 6, "value": {"rotation": [[0.9999884183842686, -0.0012259785113024901, 0.004654038463333054], [0.001211798014320711, 0.9999946190177708, 0.0030485211293166422], [-0.0046577508414305645, -0.0030428460679479503, 0.9999845231026857]], "center": [102656.76195361927, -59769.79218715979, 608.8243597500281]}}, {"key": 7, "value": {"rotation": [[0.9999847487562572, -0.0011843588917084824, 0.005394399772027452], [0.0011643565308135549, 0.9999924414725743, 0.003709618792955643], [-0.00539875251831112, -0.0037032812120508496, 0.9999785693601189]], "center": [102656.7854442733, -59776.414966243334, 608.5939686860565]}}, {"key": 8, "value": {"rotation": [[0.9999784085748448, -0.0019264873681150306, 0.006282597435850075], [0.0018967426145907198, 0.9999869815424198, 0.004736994103207821], [-0.006291641405424516, -0.004724975354467256, 0.9999690444490392]], "center": [102657.68405142815, -59783.24165062086, 608.6167019919135]}}, {"key": 9, "value": {"rotation": [[0.999972741973974, -0.002339770764586062, 0.00700291238135957], [0.002305403537844166, 0.9999852804556078, 0.004911617518373306], [-0.007014301360756203, -0.004895339098395961, 0.9999634169466058]], "center": [102658.1579927113, -59789.775530485305, 608.6009741099334]}}], "structure": [], "control_points": []}