{"sfm_data_version": "0.3", "root_path": "/mnt/ST8000/jialei/SFM_E/ex_sea_12/6-1/images", "views": [{"key": 9, "value": {"polymorphic_id": 1073741824, "ptr_wrapper": {"id": 2147483649, "data": {"local_path": "", "filename": "104926_15025.847656.jpg", "width": 1920, "height": 1080, "id_view": 9, "id_intrinsic": 0, "id_pose": 9}}}}, {"key": 8, "value": {"polymorphic_id": 1073741824, "ptr_wrapper": {"id": 2147483650, "data": {"local_path": "", "filename": "104925_15025.748047.jpg", "width": 1920, "height": 1080, "id_view": 8, "id_intrinsic": 0, "id_pose": 8}}}}, {"key": 7, "value": {"polymorphic_id": 1073741824, "ptr_wrapper": {"id": 2147483651, "data": {"local_path": "", "filename": "104924_15025.647461.jpg", "width": 1920, "height": 1080, "id_view": 7, "id_intrinsic": 0, "id_pose": 7}}}}, {"key": 6, "value": {"polymorphic_id": 1073741824, "ptr_wrapper": {"id": 2147483652, "data": {"local_path": "", "filename": "104923_15025.547852.jpg", "width": 1920, "height": 1080, "id_view": 6, "id_intrinsic": 0, "id_pose": 6}}}}, {"key": 5, "value": {"polymorphic_id": 1073741824, "ptr_wrapper": {"id": 2147483653, "data": {"local_path": "", "filename": "104922_15025.447266.jpg", "width": 1920, "height": 1080, "id_view": 5, "id_intrinsic": 0, "id_pose": 5}}}}, {"key": 4, "value": {"polymorphic_id": 1073741824, "ptr_wrapper": {"id": 2147483654, "data": {"local_path": "", "filename": "104921_15025.347656.jpg", "width": 1920, "height": 1080, "id_view": 4, "id_intrinsic": 0, "id_pose": 4}}}}, {"key": 3, "value": {"polymorphic_id": 1073741824, "ptr_wrapper": {"id": 2147483655, "data": {"local_path": "", "filename": "104920_15025.280047.jpg", "width": 1920, "height": 1080, "id_view": 3, "id_intrinsic": 0, "id_pose": 3}}}}, {"key": 2, "value": {"polymorphic_id": 1073741824, "ptr_wrapper": {"id": 2147483656, "data": {"local_path": "", "filename": "104919_15025.248047.jpg", "width": 1920, "height": 1080, "id_view": 2, "id_intrinsic": 0, "id_pose": 2}}}}, {"key": 1, "value": {"polymorphic_id": 1073741824, "ptr_wrapper": {"id": 2147483657, "data": {"local_path": "", "filename": "104918_15025.147461.jpg", "width": 1920, "height": 1080, "id_view": 1, "id_intrinsic": 0, "id_pose": 1}}}}, {"key": 0, "value": {"polymorphic_id": 1073741824, "ptr_wrapper": {"id": 2147483658, "data": {"local_path": "", "filename": "104917_15025.047852.jpg", "width": 1920, "height": 1080, "id_view": 0, "id_intrinsic": 0, "id_pose": 0}}}}], "intrinsics": [{"key": 0, "value": {"polymorphic_id": 2147483649, "polymorphic_name": "pinhole_radial_k3", "ptr_wrapper": {"id": 2147483659, "data": {"width": 1920, "height": 1080, "focal_length": 1739.13, "principal_point": [960.0, 540.0], "disto_k3": [0.0, 0.0, 0.0]}}}}], "extrinsics": [{"key": 0, "value": {"rotation": [[0.9999999730684302, 0.00014660726494306937, 0.00017991511554276183], [-0.0001466254805617652, 0.9999999841260582, 0.00010123661384399308], [-0.00017990027066373154, -0.00010126299125780875, 0.9999999786908494]], "center": [102655.28827486341, -59731.17478791278, 609.3316322476043]}}, {"key": 1, "value": {"rotation": [[0.9999992387867248, 0.0011017746975120345, -0.0005554444052563395], [-0.0011012402743002163, 0.9999989313511943, 0.0009615437211161823], [0.000556503216223821, -0.0009609313114271167, 0.9999993834574026]], "center": [102655.69587510127, -59737.59586648273, 609.4493982740745]}}, {"key": 2, "value": {"rotation": [[0.9999993008838319, 0.0010371275417928993, 0.0005679773847044685], [-0.0010386819735389093, 0.9999956975420764, 0.0027433623701459803], [-0.0005651297243344867, -0.0027439504000878936, 0.999996075674598]], "center": [102656.18808579446, -59745.36946774528, 609.1289482273723]}}, {"key": 3, "value": {"rotation": [[0.9999988185388613, 0.0007227742966242646, 0.001356656993423096], [-0.0007267532822420707, 0.9999954295661296, 0.002934736192352754], [-0.0013545296410248258, -0.002935718679998896, 0.999994773388983]], "center": [102656.35228396277, -59752.17150293008, 609.0463066115847]}}, {"key": 4, "value": {"rotation": [[0.9999960721737147, -0.0004263792027964174, 0.0027701692942223048], [0.0004199824745685588, 0.999997245327506, 0.0023093185403417157], [-0.0027711463087113876, -0.0023081460471845432, 0.9999934965838331]], "center": [102657.01214993504, -59758.59792147822, 608.905698924551]}}, {"key": 5, "value": {"rotation": [[0.9999937506443594, -0.00047622514798361293, 0.0035031245818052067], [0.00046644381248737776, 0.9999959922853471, 0.0027924618912620494], [-0.0035044403828588945, -0.002790810429389056, 0.9999899650870255]], "center": [102657.08805761785, -59765.478690972515, 608.6931577138271]}}, {"key": 6, "value": {"rotation": [[0.9999893097910862, -0.0010457552220094503, 0.004504075883370478], [0.0010320406849143246, 0.9999948278701862, 0.003046165606274695], [-0.004507238131295201, -0.003041484652568424, 0.9999852169784992]], "center": [102657.1897518798, -59772.1060396738, 608.5790135307806]}}, {"key": 7, "value": {"rotation": [[0.9999858991635763, -0.0009885432319970855, 0.0052176868718978725], [0.0009693719269823782, 0.9999927753250392, 0.003675542924874563], [-0.005221282608888481, -0.0036704332174677065, 0.999979632856547]], "center": [102657.26745519774, -59779.09936596118, 608.3144294113935]}}, {"key": 8, "value": {"rotation": [[0.9999800889776221, -0.0017046279826469781, 0.006075844941100854], [0.0016763832617214336, 0.9999877800318208, 0.004650755442984863], [-0.006083698502337578, -0.004640477396929209, 0.9999707268625725]], "center": [102658.27131605665, -59786.27543173449, 608.2939421215497]}}, {"key": 9, "value": {"rotation": [[0.9999748721204355, -0.002114827131571777, 0.006766286568146401], [0.0020822161472842118, 0.9999862011974744, 0.004823047849597813], [-0.006776393113943447, -0.004808837785483117, 0.999965477191847]], "center": [102658.81985475028, -59793.21050542457, 608.2523744481167]}}], "structure": [], "control_points": []}