{"sfm_data_version": "0.3", "root_path": "/mnt/ST8000/jialei/SFM_E/ex_sea_12/6-1/images", "views": [{"key": 9, "value": {"polymorphic_id": 1073741824, "ptr_wrapper": {"id": 2147483649, "data": {"local_path": "", "filename": "104926_15025.847656.jpg", "width": 1920, "height": 1080, "id_view": 9, "id_intrinsic": 0, "id_pose": 9}}}}, {"key": 8, "value": {"polymorphic_id": 1073741824, "ptr_wrapper": {"id": 2147483650, "data": {"local_path": "", "filename": "104925_15025.748047.jpg", "width": 1920, "height": 1080, "id_view": 8, "id_intrinsic": 0, "id_pose": 8}}}}, {"key": 7, "value": {"polymorphic_id": 1073741824, "ptr_wrapper": {"id": 2147483651, "data": {"local_path": "", "filename": "104924_15025.647461.jpg", "width": 1920, "height": 1080, "id_view": 7, "id_intrinsic": 0, "id_pose": 7}}}}, {"key": 6, "value": {"polymorphic_id": 1073741824, "ptr_wrapper": {"id": 2147483652, "data": {"local_path": "", "filename": "104923_15025.547852.jpg", "width": 1920, "height": 1080, "id_view": 6, "id_intrinsic": 0, "id_pose": 6}}}}, {"key": 5, "value": {"polymorphic_id": 1073741824, "ptr_wrapper": {"id": 2147483653, "data": {"local_path": "", "filename": "104922_15025.447266.jpg", "width": 1920, "height": 1080, "id_view": 5, "id_intrinsic": 0, "id_pose": 5}}}}, {"key": 4, "value": {"polymorphic_id": 1073741824, "ptr_wrapper": {"id": 2147483654, "data": {"local_path": "", "filename": "104921_15025.347656.jpg", "width": 1920, "height": 1080, "id_view": 4, "id_intrinsic": 0, "id_pose": 4}}}}, {"key": 3, "value": {"polymorphic_id": 1073741824, "ptr_wrapper": {"id": 2147483655, "data": {"local_path": "", "filename": "104920_15025.280047.jpg", "width": 1920, "height": 1080, "id_view": 3, "id_intrinsic": 0, "id_pose": 3}}}}, {"key": 2, "value": {"polymorphic_id": 1073741824, "ptr_wrapper": {"id": 2147483656, "data": {"local_path": "", "filename": "104919_15025.248047.jpg", "width": 1920, "height": 1080, "id_view": 2, "id_intrinsic": 0, "id_pose": 2}}}}, {"key": 1, "value": {"polymorphic_id": 1073741824, "ptr_wrapper": {"id": 2147483657, "data": {"local_path": "", "filename": "104918_15025.147461.jpg", "width": 1920, "height": 1080, "id_view": 1, "id_intrinsic": 0, "id_pose": 1}}}}, {"key": 0, "value": {"polymorphic_id": 1073741824, "ptr_wrapper": {"id": 2147483658, "data": {"local_path": "", "filename": "104917_15025.047852.jpg", "width": 1920, "height": 1080, "id_view": 0, "id_intrinsic": 0, "id_pose": 0}}}}], "intrinsics": [{"key": 0, "value": {"polymorphic_id": 2147483649, "polymorphic_name": "pinhole_radial_k3", "ptr_wrapper": {"id": 2147483659, "data": {"width": 1920, "height": 1080, "focal_length": 1739.13, "principal_point": [960.0, 540.0], "disto_k3": [0.0, 0.0, 0.0]}}}}], "extrinsics": [{"key": 0, "value": {"rotation": [[0.9999990226258484, -0.0007854693703464292, 0.0011566266537590883], [0.0007861923015962194, 0.9999994958179936, -0.0006247122724873529], [-0.0011561353782534299, 0.0006256209928807196, 0.9999991359743069]], "center": [0.0004201121185100608, -0.001522365199632264, 0.0014634182259767427]}}, {"key": 1, "value": {"rotation": [[0.9999998972507029, 0.0001691636817853673, 0.0004205736943541347], [-0.00016926238496088787, 0.9999999581418826, 0.00023466247683621375], [-0.0004205339803811558, -0.00023473364003136267, 0.9999998840256381]], "center": [0.0010272046724331678, -0.011231998101428413, 0.0016491389569997434]}}, {"key": 2, "value": {"rotation": [[0.9999988024194862, 0.0001053329221807772, 0.0015440416343641193], [-0.00010844646402264966, 0.9999979608942402, 0.002016543261655506], [-0.0015438260775054965, -0.002016708292538185, 0.9999967747391514]], "center": [0.0017609738981161868, -0.022987355008004706, 0.001173851066798189]}}, {"key": 3, "value": {"rotation": [[0.999997256947269, -0.0002084465074789645, 0.0023329483472594548], [0.0002032948851229616, 0.9999975412107375, 0.0022082218342449524], [-0.002333402907160211, -0.0022077415005098376, 0.9999948405408599]], "center": [0.001999781412386109, -0.03327290210845465, 0.0010565978997473346]}}, {"key": 4, "value": {"rotation": [[0.9999920587333232, -0.0013565694216384862, 0.003747290980717349], [0.0013506417862328738, 0.999997833474241, 0.001583923479706076], [-0.0037494315642737108, -0.001578849653563663, 0.9999917244641159]], "center": [0.0029886938136721316, -0.042991248989341715, 0.0008520152545542579]}}, {"key": 5, "value": {"rotation": [[0.9999889752364031, -0.001405880517359141, 0.004480279636312685], [0.0013966302968662623, 0.9999968882294705, 0.002067112766607632], [-0.004483171808276314, -0.0020608326828995913, 0.9999878269955044]], "center": [0.0030940797001286864, -0.05339586699353348, 0.0005382994513492506]}}, {"key": 6, "value": {"rotation": [[0.9999830259937569, -0.0019746786461852534, 0.00548163922689877], [0.001961977916844235, 0.9999953809321929, 0.0023213696241615378], [-0.005486197865862242, -0.0023105753661078012, 0.9999822812802506]], "center": [0.0032386692145805426, -0.06341722057953965, 0.0003731278337833527]}}, {"key": 7, "value": {"rotation": [[0.9999789721585474, -0.0019169449240438563, 0.0061952048306634306], [0.0018986929402940284, 0.9999938441874623, 0.002950686750488914], [-0.006200822998132667, -0.002938861912240203, 0.9999764561652473]], "center": [0.003346688283131488, -0.0739920932356082, -1.9154853336979596e-05]}}, {"key": 8, "value": {"rotation": [[0.999971656247498, -0.002632400120773029, 0.0070538763272388495], [0.0026047470255859857, 0.9999888985193616, 0.003926592793554764], [-0.00706413438211137, -0.003908107935798356, 0.999967411817902]], "center": [0.00485451375270422, -0.08484431996727385, -4.0774983456300696e-05]}}, {"key": 9, "value": {"rotation": [[0.9999653827452614, -0.003042092364822738, 0.007744610071940842], [0.003010409886622484, 0.9999870665734247, 0.004099282643425432], [-0.007756980304025979, -0.004075826286785474, 0.9999616077113376]], "center": [0.005674226665709045, -0.09533152862073066, -9.520735665125708e-05]}}], "structure": [], "control_points": []}