{"sfm_data_version": "0.3", "root_path": "/mnt/ST8000/jialei/SFM_E/ex_sea_12/1-5/images", "views": [{"key": 9, "value": {"polymorphic_id": 1073741824, "ptr_wrapper": {"id": 2147483649, "data": {"local_path": "", "filename": "075418_15357.965820.jpg", "width": 1920, "height": 1080, "id_view": 9, "id_intrinsic": 0, "id_pose": 9}}}}, {"key": 8, "value": {"polymorphic_id": 1073741824, "ptr_wrapper": {"id": 2147483650, "data": {"local_path": "", "filename": "075417_15357.866211.jpg", "width": 1920, "height": 1080, "id_view": 8, "id_intrinsic": 0, "id_pose": 8}}}}, {"key": 7, "value": {"polymorphic_id": 1073741824, "ptr_wrapper": {"id": 2147483651, "data": {"local_path": "", "filename": "075416_15357.766602.jpg", "width": 1920, "height": 1080, "id_view": 7, "id_intrinsic": 0, "id_pose": 7}}}}, {"key": 6, "value": {"polymorphic_id": 1073741824, "ptr_wrapper": {"id": 2147483652, "data": {"local_path": "", "filename": "075415_15357.666016.jpg", "width": 1920, "height": 1080, "id_view": 6, "id_intrinsic": 0, "id_pose": 6}}}}, {"key": 5, "value": {"polymorphic_id": 1073741824, "ptr_wrapper": {"id": 2147483653, "data": {"local_path": "", "filename": "075414_15357.566406.jpg", "width": 1920, "height": 1080, "id_view": 5, "id_intrinsic": 0, "id_pose": 5}}}}, {"key": 4, "value": {"polymorphic_id": 1073741824, "ptr_wrapper": {"id": 2147483654, "data": {"local_path": "", "filename": "075413_15357.497820.jpg", "width": 1920, "height": 1080, "id_view": 4, "id_intrinsic": 0, "id_pose": 4}}}}, {"key": 3, "value": {"polymorphic_id": 1073741824, "ptr_wrapper": {"id": 2147483655, "data": {"local_path": "", "filename": "075412_15357.398211.jpg", "width": 1920, "height": 1080, "id_view": 3, "id_intrinsic": 0, "id_pose": 3}}}}, {"key": 2, "value": {"polymorphic_id": 1073741824, "ptr_wrapper": {"id": 2147483656, "data": {"local_path": "", "filename": "075411_15357.299602.jpg", "width": 1920, "height": 1080, "id_view": 2, "id_intrinsic": 0, "id_pose": 2}}}}, {"key": 1, "value": {"polymorphic_id": 1073741824, "ptr_wrapper": {"id": 2147483657, "data": {"local_path": "", "filename": "075410_15357.198016.jpg", "width": 1920, "height": 1080, "id_view": 1, "id_intrinsic": 0, "id_pose": 1}}}}, {"key": 0, "value": {"polymorphic_id": 1073741824, "ptr_wrapper": {"id": 2147483658, "data": {"local_path": "", "filename": "075409_15357.099406.jpg", "width": 1920, "height": 1080, "id_view": 0, "id_intrinsic": 0, "id_pose": 0}}}}], "intrinsics": [{"key": 0, "value": {"polymorphic_id": 2147483649, "polymorphic_name": "pinhole_radial_k3", "ptr_wrapper": {"id": 2147483659, "data": {"width": 1920, "height": 1080, "focal_length": 1739.13, "principal_point": [960.0, 540.0], "disto_k3": [0.0, 0.0, 0.0]}}}}], "extrinsics": [{"key": 0, "value": {"rotation": [[0.9999999996978876, 1.0072377888693691e-05, 2.2422583706144644e-05], [-1.0072045313492433e-05, 0.9999999998392798, -1.4832216919716821e-05], [-2.2422733098234543e-05, 1.483199107395672e-05, 0.9999999996386167]], "center": [102655.28827442139, -59731.174787461234, 609.33163215781]}}, {"key": 1, "value": {"rotation": [[0.9999996507426645, 0.0004969341106934176, 0.0006719903562430486], [-0.0004970543613046449, 0.9999998604852238, 0.00017879176374111528], [-0.0006719014147643398, -0.0001791257170340786, 0.9999997582312042]], "center": [102655.11174128682, -59737.94281755622, 609.7149421465882]}}, {"key": 2, "value": {"rotation": [[0.9999994067051492, -0.0006400182211243873, 0.0008814567637878011], [0.0006401532997946363, 0.9999997834017594, -0.0001529711982887789], [-0.0008813586685115991, 0.0001535353749877239, 0.9999995998168132]], "center": [102655.74315934256, -59744.88797691691, 610.1566649415834]}}, {"key": 3, "value": {"rotation": [[0.9999993376527978, -0.0011153031716253363, -0.00028424074600884774], [0.0011151344031819657, 0.9999992022822104, -0.0005932202005269118], [0.00028490213963605426, 0.0005929028409745639, 0.9999997836484726]], "center": [102655.84134204438, -59751.32809134403, 610.6367077952498]}}, {"key": 4, "value": {"rotation": [[0.9999976998907804, -0.0015974560531367941, 0.0014312048449063167], [0.0015959995965366919, 0.9999982080167491, 0.0010182085144388854], [-0.0014328288235659927, -0.001015921970092995, 0.9999984574508669]], "center": [102655.531549106, -59759.102692795124, 610.2162053401605]}}, {"key": 5, "value": {"rotation": [[0.9999966183897642, -0.0023589572476874618, 0.0010947738308440204], [0.002357839646205859, 0.9999966990478729, 0.001021021821904], [-0.001097178763874903, -0.00101843706806414, 0.9999988794917215]], "center": [102655.83867603196, -59766.05917148728, 610.6004488845376]}}, {"key": 6, "value": {"rotation": [[0.9999939652744937, -0.0029865288466396503, 0.00177484085028548], [0.0029833273059586356, 0.9999939230770182, 0.0018037647353331718], [-0.001780217060129052, -0.0017984589189356647, 0.9999967981812421]], "center": [102655.17298739824, -59773.36303427639, 610.5888585576295]}}, {"key": 7, "value": {"rotation": [[0.9999903644883368, -0.004248611128817212, 0.0011046420055838158], [0.004248168313973224, 0.9999908953252813, 0.000402905099282247], [-0.0011063437352664416, -0.0003982085119189794, 0.9999993087165213]], "center": [102655.86258704119, -59779.62735361033, 611.4906496993964]}}, {"key": 8, "value": {"rotation": [[0.9999852360311338, -0.0053709062699976795, 0.0008252791027090054], [0.005371120657826113, 0.9999855422017233, -0.00025777976084779305], [-0.0008238826600565026, 0.00026220862863256077, 0.999999626231929]], "center": [102655.97155161042, -59786.071569464824, 612.0424839040784]}}, {"key": 9, "value": {"rotation": [[0.999980095703524, -0.006302043245786217, -0.0003040521341650698], [0.006301638815132785, 0.9999792821506446, -0.0013132470163816265], [0.00031232197434828403, 0.0013113048503932804, 0.9999990914668743]], "center": [102656.48353652538, -59792.45947717362, 612.9057761077785]}}], "structure": [], "control_points": []}