{"sfm_data_version": "0.3", "root_path": "/mnt/ST8000/jialei/SFM_E/ex_sea_12/1-5/images", "views": [{"key": 9, "value": {"polymorphic_id": 1073741824, "ptr_wrapper": {"id": 2147483649, "data": {"local_path": "", "filename": "075418_15357.965820.jpg", "width": 1920, "height": 1080, "id_view": 9, "id_intrinsic": 0, "id_pose": 9}}}}, {"key": 8, "value": {"polymorphic_id": 1073741824, "ptr_wrapper": {"id": 2147483650, "data": {"local_path": "", "filename": "075417_15357.866211.jpg", "width": 1920, "height": 1080, "id_view": 8, "id_intrinsic": 0, "id_pose": 8}}}}, {"key": 7, "value": {"polymorphic_id": 1073741824, "ptr_wrapper": {"id": 2147483651, "data": {"local_path": "", "filename": "075416_15357.766602.jpg", "width": 1920, "height": 1080, "id_view": 7, "id_intrinsic": 0, "id_pose": 7}}}}, {"key": 6, "value": {"polymorphic_id": 1073741824, "ptr_wrapper": {"id": 2147483652, "data": {"local_path": "", "filename": "075415_15357.666016.jpg", "width": 1920, "height": 1080, "id_view": 6, "id_intrinsic": 0, "id_pose": 6}}}}, {"key": 5, "value": {"polymorphic_id": 1073741824, "ptr_wrapper": {"id": 2147483653, "data": {"local_path": "", "filename": "075414_15357.566406.jpg", "width": 1920, "height": 1080, "id_view": 5, "id_intrinsic": 0, "id_pose": 5}}}}, {"key": 4, "value": {"polymorphic_id": 1073741824, "ptr_wrapper": {"id": 2147483654, "data": {"local_path": "", "filename": "075413_15357.497820.jpg", "width": 1920, "height": 1080, "id_view": 4, "id_intrinsic": 0, "id_pose": 4}}}}, {"key": 3, "value": {"polymorphic_id": 1073741824, "ptr_wrapper": {"id": 2147483655, "data": {"local_path": "", "filename": "075412_15357.398211.jpg", "width": 1920, "height": 1080, "id_view": 3, "id_intrinsic": 0, "id_pose": 3}}}}, {"key": 2, "value": {"polymorphic_id": 1073741824, "ptr_wrapper": {"id": 2147483656, "data": {"local_path": "", "filename": "075411_15357.299602.jpg", "width": 1920, "height": 1080, "id_view": 2, "id_intrinsic": 0, "id_pose": 2}}}}, {"key": 1, "value": {"polymorphic_id": 1073741824, "ptr_wrapper": {"id": 2147483657, "data": {"local_path": "", "filename": "075410_15357.198016.jpg", "width": 1920, "height": 1080, "id_view": 1, "id_intrinsic": 0, "id_pose": 1}}}}, {"key": 0, "value": {"polymorphic_id": 1073741824, "ptr_wrapper": {"id": 2147483658, "data": {"local_path": "", "filename": "075409_15357.099406.jpg", "width": 1920, "height": 1080, "id_view": 0, "id_intrinsic": 0, "id_pose": 0}}}}], "intrinsics": [{"key": 0, "value": {"polymorphic_id": 2147483649, "polymorphic_name": "pinhole_radial_k3", "ptr_wrapper": {"id": 2147483659, "data": {"width": 1920, "height": 1080, "focal_length": 1739.13, "principal_point": [960.0, 540.0], "disto_k3": [0.0, 0.0, 0.0]}}}}], "extrinsics": [{"key": 0, "value": {"rotation": [[0.9999998490740649, -0.0004608487815063724, 0.000299115776998774], [0.00046088781845155647, 0.9999998852823401, -0.00013045200474299842], [-0.0002990556240374917, 0.0001305898438723088, 0.9999999467560118]], "center": [0.0002476856203894162, -0.0004809476754692983, 0.00020599592797459438]}}, {"key": 1, "value": {"rotation": [[0.9999995497128805, 2.608824409554947e-05, 0.00094862713428112], [-2.6148054643420923e-05, 0.9999999976712929, 6.303723806378413e-05], [-0.0009486254875411917, -6.306201443306858e-05, 0.9999995480663313]], "center": [-4.5501001445775964e-05, -0.01151523502587571, 0.0008321349946151564]}}, {"key": 2, "value": {"rotation": [[0.9999987122743913, -0.0011108395939424614, 0.001158224915903321], [0.0011111511793878324, 0.9999993466490714, -0.00026841104119196713], [-0.0011579259975639945, 0.00026969765853347797, 0.9999992932350288]], "center": [0.0009784215410126272, -0.02283892059798938, 0.0015539073059369576]}}, {"key": 3, "value": {"rotation": [[0.9999987418622842, -0.001586259382373202, -7.417609564950753e-06], [0.0015862537286742224, 0.9999984908920754, -0.0007085285318557485], [8.541508402288503e-06, 0.0007085158742184782, 0.9999997489661177]], "center": [0.001133335660538276, -0.033338771807596146, 0.0023378203199849457]}}, {"key": 4, "value": {"rotation": [[0.999996402467173, -0.0020682128777433, 0.0017080831961286994], [0.0020666725966002088, 0.9999974566944042, 0.0009030332782949188], [-0.0017099465170064005, -0.0008994999808688613, 0.9999981334896046]], "center": [0.0006224739090014957, -0.046014207444165456, 0.001653565106240764]}}, {"key": 5, "value": {"rotation": [[0.9999950554031803, -0.0028297524144295086, 0.0013717399404331511], [0.0028285110436992752, 0.9999955892827623, 0.0009060575569401389], [-0.0013742978086355852, -0.0009021730952802268, 0.9999986486937065]], "center": [0.0011176942849845098, -0.057356109745823176, 0.0022814799386670285]}}, {"key": 6, "value": {"rotation": [[0.9999919185961883, -0.0034572439742566992, 0.0020518787531409468], [0.00345378076488672, 0.9999926093556124, 0.0016889738250308816], [-0.0020577027830141325, -0.0016818734363818568, 0.9999964685742647]], "center": [2.6762543524148485e-05, -0.06926370967659387, 0.002263659716945383]}}, {"key": 7, "value": {"rotation": [[0.9999879088293768, -0.004719401986042219, 0.0013818248604258482], [0.004719007691935879, 0.9999888238148424, 0.00028846457639898144], [-0.001383170797190223, -0.0002819402463792568, 0.9999990036736252]], "center": [0.0011458587454711362, -0.07947732168382574, 0.0037354185551385834]}}, {"key": 8, "value": {"rotation": [[0.9999823291044985, -0.005841726915647568, 0.0011025903074961703], [0.0058421401189799466, 0.9999828653944953, -0.0003719089205333564], [-0.0011003988246950816, 0.0003783438356399818, 0.999999322988955]], "center": [0.0013183159308514417, -0.0899838545296336, 0.004636384761615337]}}, {"key": 9, "value": {"rotation": [[0.9999770626713915, -0.006772992078283597, -2.663464563358954e-05], [0.006772947173613735, 0.9999760449735692, -0.001427117935716318], [3.6299866073211505e-05, 0.0014269048063954677, 0.9999989813119776]], "center": [0.0021477542092501957, -0.10039883407309033, 0.006045318672551222]}}], "structure": [], "control_points": []}