{"sfm_data_version": "0.3", "root_path": "/mnt/ST8000/jialei/SFM_E/ex_sea_12/6-3/images", "views": [{"key": 9, "value": {"polymorphic_id": 1073741824, "ptr_wrapper": {"id": 2147483649, "data": {"local_path": "", "filename": "087511_13303.979266.jpg", "width": 1920, "height": 1080, "id_view": 9, "id_intrinsic": 0, "id_pose": 9}}}}, {"key": 8, "value": {"polymorphic_id": 1073741824, "ptr_wrapper": {"id": 2147483650, "data": {"local_path": "", "filename": "087510_13303.879656.jpg", "width": 1920, "height": 1080, "id_view": 8, "id_intrinsic": 0, "id_pose": 8}}}}, {"key": 7, "value": {"polymorphic_id": 1073741824, "ptr_wrapper": {"id": 2147483651, "data": {"local_path": "", "filename": "087509_13303.781047.jpg", "width": 1920, "height": 1080, "id_view": 7, "id_intrinsic": 0, "id_pose": 7}}}}, {"key": 6, "value": {"polymorphic_id": 1073741824, "ptr_wrapper": {"id": 2147483652, "data": {"local_path": "", "filename": "087508_13303.679461.jpg", "width": 1920, "height": 1080, "id_view": 6, "id_intrinsic": 0, "id_pose": 6}}}}, {"key": 5, "value": {"polymorphic_id": 1073741824, "ptr_wrapper": {"id": 2147483653, "data": {"local_path": "", "filename": "087507_13303.580852.jpg", "width": 1920, "height": 1080, "id_view": 5, "id_intrinsic": 0, "id_pose": 5}}}}, {"key": 4, "value": {"polymorphic_id": 1073741824, "ptr_wrapper": {"id": 2147483654, "data": {"local_path": "", "filename": "087506_13303.479266.jpg", "width": 1920, "height": 1080, "id_view": 4, "id_intrinsic": 0, "id_pose": 4}}}}, {"key": 3, "value": {"polymorphic_id": 1073741824, "ptr_wrapper": {"id": 2147483655, "data": {"local_path": "", "filename": "087505_13303.379656.jpg", "width": 1920, "height": 1080, "id_view": 3, "id_intrinsic": 0, "id_pose": 3}}}}, {"key": 2, "value": {"polymorphic_id": 1073741824, "ptr_wrapper": {"id": 2147483656, "data": {"local_path": "", "filename": "087504_13303.248047.jpg", "width": 1920, "height": 1080, "id_view": 2, "id_intrinsic": 0, "id_pose": 2}}}}, {"key": 1, "value": {"polymorphic_id": 1073741824, "ptr_wrapper": {"id": 2147483657, "data": {"local_path": "", "filename": "087503_13303.179461.jpg", "width": 1920, "height": 1080, "id_view": 1, "id_intrinsic": 0, "id_pose": 1}}}}, {"key": 0, "value": {"polymorphic_id": 1073741824, "ptr_wrapper": {"id": 2147483658, "data": {"local_path": "", "filename": "087502_13303.047852.jpg", "width": 1920, "height": 1080, "id_view": 0, "id_intrinsic": 0, "id_pose": 0}}}}], "intrinsics": [{"key": 0, "value": {"polymorphic_id": 2147483649, "polymorphic_name": "pinhole_radial_k3", "ptr_wrapper": {"id": 2147483659, "data": {"width": 1920, "height": 1080, "focal_length": 1739.13, "principal_point": [960.0, 540.0], "disto_k3": [0.0, 0.0, 0.0]}}}}], "extrinsics": [{"key": 0, "value": {"rotation": [[0.9999999755503136, -1.951714499211133e-05, 0.0002202690473233545], [1.952032807115601e-05, 0.9999999997050956, -1.4448727923523482e-05], [-0.00022026876526047836, 1.4453027294323911e-05, 0.9999999756363902]], "center": [0.00015898407494483965, -1.713698081965231e-05, 0.0001616335657879777]}}, {"key": 1, "value": {"rotation": [[0.9999999718633243, 0.00011268401765040858, -0.00020874784479722456], [-0.00011275155066908449, 0.9999999413072937, -0.0003235312921360238], [0.00020871137573941825, 0.00032355481967612644, 0.9999999258759175]], "center": [-0.0020721267293354203, -0.011201800773128878, 2.0022950296486585e-05]}}, {"key": 2, "value": {"rotation": [[0.9999999991371638, 1.2495472404379564e-05, 3.9617360669676684e-05], [-1.2531043874332569e-05, 0.9999995967169463, 0.0008980027381122837], [-3.9606123724206905e-05, -0.0008980032337843339, 0.9999995960106919]], "center": [-0.0031740716746748417, -0.02351652901480248, 8.333782140042137e-05]}}, {"key": 3, "value": {"rotation": [[0.9999993600050632, -0.0011312458736140443, 1.6499612809647478e-05], [0.0011312479587050413, 0.999999352085104, -0.0001269150439804707], [-1.635602999945334e-05, 0.00012693362790880793, 0.9999999918101673]], "center": [-0.004208251720341667, -0.03392025025304644, 0.000815694317619715]}}, {"key": 4, "value": {"rotation": [[0.9999983623447463, -0.0017399792028987963, 0.0004977752487171004], [0.0017399155122604136, 0.9999984781083394, 0.0001283550367156945], [-0.0004979978262515606, -0.00012748873963753764, 0.9999998678723846]], "center": [-0.005600541899953288, -0.04551823307847138, 0.0008473432849196886]}}, {"key": 5, "value": {"rotation": [[0.9999978760935483, -0.001903393377615322, 0.0007905074583968935], [0.0019020011942528904, 0.9999966456273631, 0.0017581596854217398], [-0.0007938512762423071, -0.0017566524051251104, 0.9999981419845134]], "center": [-0.006629587757451061, -0.058237208885140654, 0.0009095530400951634]}}, {"key": 6, "value": {"rotation": [[0.999996561124443, -0.002210008673520824, 0.0014119493440429834], [0.002206270633448027, 0.9999940720496371, 0.0026435270903743284], [-0.0014177831918757914, -0.0026404028572399553, 0.9999955090717022]], "center": [-0.008523930144383792, -0.07013741392676234, 0.0007016829396565319]}}, {"key": 7, "value": {"rotation": [[0.999996120238165, -0.0022260897373564347, 0.0016745247378804119], [0.0022187523101658032, 0.9999879858247921, 0.004370966055891081], [-0.0016842347825261601, -0.0043672337419532, 0.9999890452513173]], "center": [-0.00929862762260877, -0.0829781174473673, 0.0006730989228626127]}}, {"key": 8, "value": {"rotation": [[0.9999994888745899, -0.0007452435731453732, -0.0006832734259400273], [0.0007406643561553357, 0.9999774288369171, -0.006677816485971461], [0.0006882346034829102, 0.0066773069964976735, 0.9999774696983956]], "center": [-0.007239073058164328, -0.08356380131134605, 0.012949594009545276]}}, {"key": 9, "value": {"rotation": [[0.9999994184432057, -0.0010728370338011976, -0.00011015420269658838], [0.0010722870631997118, 0.9999875326055221, -0.00487696975328041], [0.00011538502312474853, 0.004876848800118969, 0.9999881014452512]], "center": [-0.008362605454614478, -0.09668287268021789, 0.012552492002122204]}}], "structure": [], "control_points": []}