{"sfm_data_version": "0.3", "root_path": "/mnt/ST8000/jialei/SFM_E/ex_sea_12/6-3/images", "views": [{"key": 9, "value": {"polymorphic_id": 1073741824, "ptr_wrapper": {"id": 2147483649, "data": {"local_path": "", "filename": "087511_13303.979266.jpg", "width": 1920, "height": 1080, "id_view": 9, "id_intrinsic": 0, "id_pose": 9}}}}, {"key": 8, "value": {"polymorphic_id": 1073741824, "ptr_wrapper": {"id": 2147483650, "data": {"local_path": "", "filename": "087510_13303.879656.jpg", "width": 1920, "height": 1080, "id_view": 8, "id_intrinsic": 0, "id_pose": 8}}}}, {"key": 7, "value": {"polymorphic_id": 1073741824, "ptr_wrapper": {"id": 2147483651, "data": {"local_path": "", "filename": "087509_13303.781047.jpg", "width": 1920, "height": 1080, "id_view": 7, "id_intrinsic": 0, "id_pose": 7}}}}, {"key": 6, "value": {"polymorphic_id": 1073741824, "ptr_wrapper": {"id": 2147483652, "data": {"local_path": "", "filename": "087508_13303.679461.jpg", "width": 1920, "height": 1080, "id_view": 6, "id_intrinsic": 0, "id_pose": 6}}}}, {"key": 5, "value": {"polymorphic_id": 1073741824, "ptr_wrapper": {"id": 2147483653, "data": {"local_path": "", "filename": "087507_13303.580852.jpg", "width": 1920, "height": 1080, "id_view": 5, "id_intrinsic": 0, "id_pose": 5}}}}, {"key": 4, "value": {"polymorphic_id": 1073741824, "ptr_wrapper": {"id": 2147483654, "data": {"local_path": "", "filename": "087506_13303.479266.jpg", "width": 1920, "height": 1080, "id_view": 4, "id_intrinsic": 0, "id_pose": 4}}}}, {"key": 3, "value": {"polymorphic_id": 1073741824, "ptr_wrapper": {"id": 2147483655, "data": {"local_path": "", "filename": "087505_13303.379656.jpg", "width": 1920, "height": 1080, "id_view": 3, "id_intrinsic": 0, "id_pose": 3}}}}, {"key": 2, "value": {"polymorphic_id": 1073741824, "ptr_wrapper": {"id": 2147483656, "data": {"local_path": "", "filename": "087504_13303.248047.jpg", "width": 1920, "height": 1080, "id_view": 2, "id_intrinsic": 0, "id_pose": 2}}}}, {"key": 1, "value": {"polymorphic_id": 1073741824, "ptr_wrapper": {"id": 2147483657, "data": {"local_path": "", "filename": "087503_13303.179461.jpg", "width": 1920, "height": 1080, "id_view": 1, "id_intrinsic": 0, "id_pose": 1}}}}, {"key": 0, "value": {"polymorphic_id": 1073741824, "ptr_wrapper": {"id": 2147483658, "data": {"local_path": "", "filename": "087502_13303.047852.jpg", "width": 1920, "height": 1080, "id_view": 0, "id_intrinsic": 0, "id_pose": 0}}}}], "intrinsics": [{"key": 0, "value": {"polymorphic_id": 2147483649, "polymorphic_name": "pinhole_radial_k3", "ptr_wrapper": {"id": 2147483659, "data": {"width": 1920, "height": 1080, "focal_length": 1739.13, "principal_point": [960.0, 540.0], "disto_k3": [0.0, 0.0, 0.0]}}}}], "extrinsics": [{"key": 0, "value": {"rotation": [[0.999999948280135, 0.0003199463624562395, 3.2772733661082296e-05], [-0.00031994289153122475, 0.9999999432151575, -0.00010585947299638286], [-3.2806601153404316e-05, 0.00010584898211817434, 0.9999999938598602]], "center": [102655.28827440832, -59731.17478743388, 609.3316321677055]}}, {"key": 1, "value": {"rotation": [[0.9999998192895372, 0.00045210827319105463, -0.00039625623255772324], [-0.00045227268330146953, 0.9999998116465407, -0.00041491722442108555], [0.000396068570411644, 0.00041509636531077403, 0.9999998354123343]], "center": [102653.91878717353, -59738.052186156565, 609.2454482501536]}}, {"key": 2, "value": {"rotation": [[0.9999999271337238, 0.00035194246153987056, -0.00014788187966498798], [-0.0003518230696760307, 0.9999996128100062, 0.0008065980195959144], [0.00014816569849912032, -0.0008065459325652613, 0.9999996637652359]], "center": [102653.24383053432, -59745.62416130837, 609.2851967438544]}}, {"key": 3, "value": {"rotation": [[0.9999996719228751, -0.0007918011453481508, -0.00017089496112314924], [0.0007917637916253161, 0.9999996626763997, -0.00021853417422516236], [0.0001710679390857418, 0.00021839879408672318, 0.9999999615188631]], "center": [102652.61021760722, -59752.02109612589, 609.736192350969]}}, {"key": 4, "value": {"rotation": [[0.9999989711268871, -0.0014004907530336323, 0.00031043649391278256], [0.0014004794508274937, 0.9999990186575923, 3.662185679689275e-05], [-0.0003104874778400761, -3.6187059187142205e-05, 0.9999999511440106]], "center": [102651.75658805766, -59759.152440521066, 609.756464154669]}}, {"key": 5, "value": {"rotation": [[0.999998595226031, -0.0015638783062788765, 0.0006031837256086673], [0.0015628712773710588, 0.9999973902750544, 0.0016663962467906386], [-0.000605788192405051, -0.0016654512073608434, 0.9999984296452382]], "center": [102651.12653789386, -59766.97295338541, 609.7955474798086]}}, {"key": 6, "value": {"rotation": [[0.9999975008406914, -0.0018704371858539336, 0.001224653871099783], [0.0018673075445395477, 0.9999950009649301, 0.0025517068177839833], [-0.0012294205563315322, -0.0025494136352491826, 0.9999959944995845]], "center": [102649.96425546799, -59774.2902382975, 609.6686251023374]}}, {"key": 7, "value": {"rotation": [[0.9999971146375694, -0.0018864943803896554, 0.0014872308118132932], [0.001880115124253166, 0.999989076987381, 0.004279143961753054], [-0.00149528714780908, -0.004276335449729292, 0.9999897384830846]], "center": [102649.49060713087, -59782.1855478449, 609.6518611129609]}}, {"key": 8, "value": {"rotation": [[0.9999995385754615, -0.00040586283373672554, -0.0008707032921570151], [0.00039995958229723704, 0.9999770076328391, -0.006769360236076102], [0.0008734307043552278, 0.006769008866402147, 0.9999767085476403]], "center": [102650.75846789418, -59782.544537090944, 617.1998978531259]}}, {"key": 9, "value": {"rotation": [[0.9999996867901005, -0.0007334038744247462, -0.00029755412381283006], [0.0007319164340164106, 0.9999873886927071, -0.00496857664474587], [0.0003011943446279826, 0.004968357303785214, 0.9999876122771071]], "center": [102650.07035295544, -59790.61109550078, 616.9566052887546]}}], "structure": [], "control_points": []}