{"sfm_data_version": "0.3", "root_path": "/mnt/ST8000/jialei/SFM_E/ex_sea_12/1-5/images", "views": [{"key": 9, "value": {"polymorphic_id": 1073741824, "ptr_wrapper": {"id": 2147483649, "data": {"local_path": "", "filename": "075418_15357.965820.jpg", "width": 1920, "height": 1080, "id_view": 9, "id_intrinsic": 0, "id_pose": 9}}}}, {"key": 8, "value": {"polymorphic_id": 1073741824, "ptr_wrapper": {"id": 2147483650, "data": {"local_path": "", "filename": "075417_15357.866211.jpg", "width": 1920, "height": 1080, "id_view": 8, "id_intrinsic": 0, "id_pose": 8}}}}, {"key": 7, "value": {"polymorphic_id": 1073741824, "ptr_wrapper": {"id": 2147483651, "data": {"local_path": "", "filename": "075416_15357.766602.jpg", "width": 1920, "height": 1080, "id_view": 7, "id_intrinsic": 0, "id_pose": 7}}}}, {"key": 6, "value": {"polymorphic_id": 1073741824, "ptr_wrapper": {"id": 2147483652, "data": {"local_path": "", "filename": "075415_15357.666016.jpg", "width": 1920, "height": 1080, "id_view": 6, "id_intrinsic": 0, "id_pose": 6}}}}, {"key": 5, "value": {"polymorphic_id": 1073741824, "ptr_wrapper": {"id": 2147483653, "data": {"local_path": "", "filename": "075414_15357.566406.jpg", "width": 1920, "height": 1080, "id_view": 5, "id_intrinsic": 0, "id_pose": 5}}}}, {"key": 4, "value": {"polymorphic_id": 1073741824, "ptr_wrapper": {"id": 2147483654, "data": {"local_path": "", "filename": "075413_15357.497820.jpg", "width": 1920, "height": 1080, "id_view": 4, "id_intrinsic": 0, "id_pose": 4}}}}, {"key": 3, "value": {"polymorphic_id": 1073741824, "ptr_wrapper": {"id": 2147483655, "data": {"local_path": "", "filename": "075412_15357.398211.jpg", "width": 1920, "height": 1080, "id_view": 3, "id_intrinsic": 0, "id_pose": 3}}}}, {"key": 2, "value": {"polymorphic_id": 1073741824, "ptr_wrapper": {"id": 2147483656, "data": {"local_path": "", "filename": "075411_15357.299602.jpg", "width": 1920, "height": 1080, "id_view": 2, "id_intrinsic": 0, "id_pose": 2}}}}, {"key": 1, "value": {"polymorphic_id": 1073741824, "ptr_wrapper": {"id": 2147483657, "data": {"local_path": "", "filename": "075410_15357.198016.jpg", "width": 1920, "height": 1080, "id_view": 1, "id_intrinsic": 0, "id_pose": 1}}}}, {"key": 0, "value": {"polymorphic_id": 1073741824, "ptr_wrapper": {"id": 2147483658, "data": {"local_path": "", "filename": "075409_15357.099406.jpg", "width": 1920, "height": 1080, "id_view": 0, "id_intrinsic": 0, "id_pose": 0}}}}], "intrinsics": [{"key": 0, "value": {"polymorphic_id": 2147483649, "polymorphic_name": "pinhole_radial_k3", "ptr_wrapper": {"id": 2147483659, "data": {"width": 1920, "height": 1080, "focal_length": 1739.13, "principal_point": [960.0, 540.0], "disto_k3": [0.0, 0.0, 0.0]}}}}], "extrinsics": [{"key": 0, "value": {"rotation": [[0.999999850029882, -0.00046588593154667446, 0.0002879071241658008], [0.0004659213688683556, 0.9999998838903017, -0.00012303113848878837], [-0.00028784977226041394, 0.00012316526211922376, 0.9999999509864121]], "center": [0.0002510898557230173, -0.00046918986572633866, 0.00016725822436333378]}}, {"key": 1, "value": {"rotation": [[0.9999995663812401, 1.4420083461915153e-05, 0.0009311441312070168], [-1.4477699306847818e-05, 0.999999997981269, 6.186968731366185e-05], [-0.0009311432371612324, -6.188314131054751e-05, 0.9999995645712796]], "center": [-4.202147644894957e-05, -0.011706701541497352, 0.0007524242658126154]}}, {"key": 2, "value": {"rotation": [[0.9999987296380015, -0.0011096028072720024, 0.0011443356122317963], [0.0011098936932345778, 0.9999993519131656, -0.0002535926625647528], [-0.001144053483472662, 0.00025486243128918786, 0.999999313093148]], "center": [0.001033167094463138, -0.023223519582015937, 0.0014737499612350294]}}, {"key": 3, "value": {"rotation": [[0.9999987661428417, -0.0015708344998897341, -1.384805408938622e-05], [0.001570824793796782, 0.9999985383975699, -0.0006750645827249402], [1.4908448585249293e-05, 0.0006750419969248992, 0.9999997720479943]], "center": [0.0011883132525686508, -0.03392101884826596, 0.0021811487029673726]}}, {"key": 4, "value": {"rotation": [[0.9999963643247622, -0.002098366074903033, 0.0016935752340861013], [0.002096806710183339, 0.9999973766516035, 0.000922004084175326], [-0.0016955054933393931, -0.0009184496321529289, 0.9999981408539695]], "center": [0.0007031337165289086, -0.04678262569677337, 0.0016164321770055156]}}, {"key": 5, "value": {"rotation": [[0.999994990460972, -0.002861372627134058, 0.0013533660445178178], [0.002860127872528905, 0.9999954858969239, 0.0009207900563644683], [-0.001355994658746623, -0.0009169146436851395, 0.9999986602721136]], "center": [0.0012293161997013976, -0.05831656173793854, 0.002227838500942831]}}, {"key": 6, "value": {"rotation": [[0.9999917752699665, -0.0035105149151722142, 0.002031176371511964], [0.003507087676661913, 0.9999924247486995, 0.0016884256704875], [-0.0020370882283399865, -0.0016812882700205285, 0.9999965117645676]], "center": [0.00014484312137735865, -0.07041849893542533, 0.0022571905412517544]}}, {"key": 7, "value": {"rotation": [[0.9999878885474047, -0.00473583736996725, 0.0013396278998460331], [0.00473542566090932, 0.9999887396542884, 0.00031033600847324346], [-0.001341082516038974, -0.0003039885415204092, 0.9999990545438788]], "center": [0.0013428127437507507, -0.08081618183413013, 0.0036621421577796775]}}, {"key": 8, "value": {"rotation": [[0.9999823888695208, -0.005840171708215448, 0.001055625514485261], [0.005840532586443787, 0.9999828864476453, -0.0003391031443689484], [-0.0010536270283928782, 0.0003452625875956096, 0.9999993853317262]], "center": [0.0015581501392704221, -0.09151562189746332, 0.004536200821460397]}}, {"key": 9, "value": {"rotation": [[0.9999773423133305, -0.006731527917062576, -3.7307799983126496e-05], [0.006731474310359966, 0.9999765145396692, -0.0012874869723509962], [4.597367828948907e-05, 0.0012872066643773896, 0.9999991704923676]], "center": [0.0023952169908669474, -0.10220946009044801, 0.005813703757335235]}}], "structure": [], "control_points": []}