{"sfm_data_version": "0.3", "root_path": "/mnt/ST8000/jialei/SFM_E/ex_sea_12/1-5/images", "views": [{"key": 9, "value": {"polymorphic_id": 1073741824, "ptr_wrapper": {"id": 2147483649, "data": {"local_path": "", "filename": "075418_15357.965820.jpg", "width": 1920, "height": 1080, "id_view": 9, "id_intrinsic": 0, "id_pose": 9}}}}, {"key": 8, "value": {"polymorphic_id": 1073741824, "ptr_wrapper": {"id": 2147483650, "data": {"local_path": "", "filename": "075417_15357.866211.jpg", "width": 1920, "height": 1080, "id_view": 8, "id_intrinsic": 0, "id_pose": 8}}}}, {"key": 7, "value": {"polymorphic_id": 1073741824, "ptr_wrapper": {"id": 2147483651, "data": {"local_path": "", "filename": "075416_15357.766602.jpg", "width": 1920, "height": 1080, "id_view": 7, "id_intrinsic": 0, "id_pose": 7}}}}, {"key": 6, "value": {"polymorphic_id": 1073741824, "ptr_wrapper": {"id": 2147483652, "data": {"local_path": "", "filename": "075415_15357.666016.jpg", "width": 1920, "height": 1080, "id_view": 6, "id_intrinsic": 0, "id_pose": 6}}}}, {"key": 5, "value": {"polymorphic_id": 1073741824, "ptr_wrapper": {"id": 2147483653, "data": {"local_path": "", "filename": "075414_15357.566406.jpg", "width": 1920, "height": 1080, "id_view": 5, "id_intrinsic": 0, "id_pose": 5}}}}, {"key": 4, "value": {"polymorphic_id": 1073741824, "ptr_wrapper": {"id": 2147483654, "data": {"local_path": "", "filename": "075413_15357.497820.jpg", "width": 1920, "height": 1080, "id_view": 4, "id_intrinsic": 0, "id_pose": 4}}}}, {"key": 3, "value": {"polymorphic_id": 1073741824, "ptr_wrapper": {"id": 2147483655, "data": {"local_path": "", "filename": "075412_15357.398211.jpg", "width": 1920, "height": 1080, "id_view": 3, "id_intrinsic": 0, "id_pose": 3}}}}, {"key": 2, "value": {"polymorphic_id": 1073741824, "ptr_wrapper": {"id": 2147483656, "data": {"local_path": "", "filename": "075411_15357.299602.jpg", "width": 1920, "height": 1080, "id_view": 2, "id_intrinsic": 0, "id_pose": 2}}}}, {"key": 1, "value": {"polymorphic_id": 1073741824, "ptr_wrapper": {"id": 2147483657, "data": {"local_path": "", "filename": "075410_15357.198016.jpg", "width": 1920, "height": 1080, "id_view": 1, "id_intrinsic": 0, "id_pose": 1}}}}, {"key": 0, "value": {"polymorphic_id": 1073741824, "ptr_wrapper": {"id": 2147483658, "data": {"local_path": "", "filename": "075409_15357.099406.jpg", "width": 1920, "height": 1080, "id_view": 0, "id_intrinsic": 0, "id_pose": 0}}}}], "intrinsics": [{"key": 0, "value": {"polymorphic_id": 2147483649, "polymorphic_name": "pinhole_radial_k3", "ptr_wrapper": {"id": 2147483659, "data": {"width": 1920, "height": 1080, "focal_length": 1739.13, "principal_point": [960.0, 540.0], "disto_k3": [0.0, 0.0, 0.0]}}}}], "extrinsics": [{"key": 0, "value": {"rotation": [[0.9999994001195757, -0.0009317362789741005, 0.0005758715095193259], [0.0009318780282496259, 0.9999995355612438, -0.00024592811458090414], [-0.0005756421019159035, 0.0002464646090602584, 0.9999998039456643]], "center": [102655.28827413793, -59731.174787554126, 609.3316322820074]}}, {"key": 1, "value": {"rotation": [[0.9999991551001862, -0.00045135096313120857, 0.0012190493107728743], [0.00045142586161674896, 0.9999998962367239, -6.116562219201858e-05], [-0.0012190215771178503, 6.171588089863347e-05, 0.9999992550884951]], "center": [102655.10527182162, -59738.063716524404, 609.6911589927657]}}, {"key": 2, "value": {"rotation": [[0.99999773328367, -0.0015753470757436225, 0.0014323788302599693], [0.0015758875902846985, 0.9999986874858788, -0.00037630416258787653], [-0.0014317841405804136, 0.0003785605776362047, 0.9999989033424307]], "center": [102655.7609897919, -59745.12425230006, 610.1344197470394]}}, {"key": 3, "value": {"rotation": [[0.9999978882737077, -0.0020367213798098177, 0.00027425197707577694], [0.0020369395632829435, 0.999997607318363, -0.0007976432566548616], [-0.0002726267438038162, 0.0007982002069529435, 0.9999996442754809]], "center": [102655.8529204187, -59751.68225024839, 610.5689185231879]}}, {"key": 4, "value": {"rotation": [[0.9999947491863503, -0.0025640414793614945, 0.0019817393928740503], [0.002562461143653608, 0.9999963972283373, 0.0007995769088391785], [-0.00198378240147975, -0.0007944945802188283, 0.9999977166902664]], "center": [102655.5519114214, -59759.56684832658, 610.2236084714712]}}, {"key": 5, "value": {"rotation": [[0.9999931177508465, -0.003327089204890256, 0.0016416236980002622], [0.00332578166003843, 0.9999941507037604, 0.0007985828793101912], [-0.001644271052133926, -0.0007931177012764385, 0.9999983336671215]], "center": [102655.87108059746, -59766.6377296401, 610.5993885175079]}}, {"key": 6, "value": {"rotation": [[0.9999894050035115, -0.003976146436957849, 0.002319512930810835], [0.003972518977155725, 0.9999908826924621, 0.0015664050967618575], [-0.0023257200391425077, -0.0015571741915699911, 0.9999960831097474]], "center": [102655.20279217367, -59774.05640295821, 610.6181038846781]}}, {"key": 7, "value": {"rotation": [[0.9999851464396873, -0.005201552113460484, 0.0016281141268416899], [0.0052012517430202725, 0.9999864556003183, 0.00018866960293062836], [-0.001629073449785155, -0.00018019856907528422, 0.9999986568231835]], "center": [102655.9339789983, -59780.43084631044, 611.4803927369969]}}, {"key": 8, "value": {"rotation": [[0.9999792139796836, -0.006305918740490437, 0.001344246039515357], [0.006306542716599915, 0.9999800075522419, -0.0004604506297967172], [-0.001341315600491182, 0.00046891860393031366, 0.9999989904933917]], "center": [102656.06277936435, -59786.990038654534, 612.017071677127]}}, {"key": 9, "value": {"rotation": [[0.9999740667229507, -0.007197407106141088, 0.0002514209902452463], [0.007197754330162272, 0.9999731037598478, -0.0014085771188824465], [-0.00024127612500095014, 0.0014103502563829434, 0.9999989763484688]], "center": [102656.5726558532, -59793.54594392994, 612.8011878788762]}}], "structure": [], "control_points": []}