{"sfm_data_version": "0.3", "root_path": "/mnt/ST8000/jialei/SFM_E/ex_sea_12/6-3/images", "views": [{"key": 9, "value": {"polymorphic_id": 1073741824, "ptr_wrapper": {"id": 2147483649, "data": {"local_path": "", "filename": "087511_13303.979266.jpg", "width": 1920, "height": 1080, "id_view": 9, "id_intrinsic": 0, "id_pose": 9}}}}, {"key": 8, "value": {"polymorphic_id": 1073741824, "ptr_wrapper": {"id": 2147483650, "data": {"local_path": "", "filename": "087510_13303.879656.jpg", "width": 1920, "height": 1080, "id_view": 8, "id_intrinsic": 0, "id_pose": 8}}}}, {"key": 7, "value": {"polymorphic_id": 1073741824, "ptr_wrapper": {"id": 2147483651, "data": {"local_path": "", "filename": "087509_13303.781047.jpg", "width": 1920, "height": 1080, "id_view": 7, "id_intrinsic": 0, "id_pose": 7}}}}, {"key": 6, "value": {"polymorphic_id": 1073741824, "ptr_wrapper": {"id": 2147483652, "data": {"local_path": "", "filename": "087508_13303.679461.jpg", "width": 1920, "height": 1080, "id_view": 6, "id_intrinsic": 0, "id_pose": 6}}}}, {"key": 5, "value": {"polymorphic_id": 1073741824, "ptr_wrapper": {"id": 2147483653, "data": {"local_path": "", "filename": "087507_13303.580852.jpg", "width": 1920, "height": 1080, "id_view": 5, "id_intrinsic": 0, "id_pose": 5}}}}, {"key": 4, "value": {"polymorphic_id": 1073741824, "ptr_wrapper": {"id": 2147483654, "data": {"local_path": "", "filename": "087506_13303.479266.jpg", "width": 1920, "height": 1080, "id_view": 4, "id_intrinsic": 0, "id_pose": 4}}}}, {"key": 3, "value": {"polymorphic_id": 1073741824, "ptr_wrapper": {"id": 2147483655, "data": {"local_path": "", "filename": "087505_13303.379656.jpg", "width": 1920, "height": 1080, "id_view": 3, "id_intrinsic": 0, "id_pose": 3}}}}, {"key": 2, "value": {"polymorphic_id": 1073741824, "ptr_wrapper": {"id": 2147483656, "data": {"local_path": "", "filename": "087504_13303.248047.jpg", "width": 1920, "height": 1080, "id_view": 2, "id_intrinsic": 0, "id_pose": 2}}}}, {"key": 1, "value": {"polymorphic_id": 1073741824, "ptr_wrapper": {"id": 2147483657, "data": {"local_path": "", "filename": "087503_13303.179461.jpg", "width": 1920, "height": 1080, "id_view": 1, "id_intrinsic": 0, "id_pose": 1}}}}, {"key": 0, "value": {"polymorphic_id": 1073741824, "ptr_wrapper": {"id": 2147483658, "data": {"local_path": "", "filename": "087502_13303.047852.jpg", "width": 1920, "height": 1080, "id_view": 0, "id_intrinsic": 0, "id_pose": 0}}}}], "intrinsics": [{"key": 0, "value": {"polymorphic_id": 2147483649, "polymorphic_name": "pinhole_radial_k3", "ptr_wrapper": {"id": 2147483659, "data": {"width": 1920, "height": 1080, "focal_length": 1739.13, "principal_point": [960.0, 540.0], "disto_k3": [0.0, 0.0, 0.0]}}}}], "extrinsics": [{"key": 0, "value": {"rotation": [[0.9999999789425994, 0.0002031163782373825, 2.9300819586739293e-05], [-0.0002031144919276225, 0.999999977300761, -6.43659891640604e-05], [-2.9313892708233523e-05, 6.436003638759659e-05, 0.9999999974992408]], "center": [102655.28827441043, -59731.174787439944, 609.3316321633595]}}, {"key": 1, "value": {"rotation": [[0.9999998523423993, 0.00035237372309185566, -0.00041370030092343973], [-0.0003525311053296722, 0.9999998655033197, -0.0003804144609866694], [0.00041356619722217753, 0.00038056024703994487, 0.9999998420684371]], "center": [102653.914986808, -59738.030212588055, 609.2727378985737]}}, {"key": 2, "value": {"rotation": [[0.9999999700891948, 0.00018885329632527346, -0.00015542214059016928], [-0.00018872223733650895, 0.9999996270120354, 0.0008428283971537461], [0.00015558125354061015, -0.0008427990403299702, 0.999999632742058]], "center": [102653.24227010347, -59745.56945746495, 609.3462054559417]}}, {"key": 3, "value": {"rotation": [[0.9999995754019744, -0.000904244992776472, -0.00017758621554552105], [0.0009042118955307985, 0.9999995738344194, -0.0001863647695807112], [0.00017775465927405396, 0.0001862041148820095, 0.9999999668656535]], "center": [102652.66232368675, -59751.89767585068, 609.7747537951306]}}, {"key": 4, "value": {"rotation": [[0.9999987812050019, -0.001527014507176936, 0.00032529249290097506], [0.0015269902965579865, 0.999998831362383, 7.466259134717312e-05], [-0.00032540612361212627, -7.416578186859365e-05, 0.9999999443051439]], "center": [102651.81797997921, -59758.97731867757, 609.8251396456482]}}, {"key": 5, "value": {"rotation": [[0.9999982245208342, -0.0017751484350095007, 0.0006322999394305891], [0.0017740668380141938, 0.9999969693308333, 0.001707048916313146], [-0.0006353282883509671, -0.0017059241431291422, 0.9999983430890189]], "center": [102651.18860871282, -59766.767843928494, 609.9070988626107]}}, {"key": 6, "value": {"rotation": [[0.9999969288944118, -0.0021286699646254894, 0.0012692383257374852], [0.002125371305778252, 0.999994375311476, 0.0025946372045851816], [-0.0012747543129537494, -0.002591931633462661, 0.9999958284372232]], "center": [102650.02377285446, -59774.06000836953, 609.8298180714276]}}, {"key": 7, "value": {"rotation": [[0.9999963089348416, -0.002234939671502869, 0.0015450441285352666], [0.0022282385446831983, 0.999988162968924, 0.004325375709071093], [-0.0015546927935663176, -0.004321917016947077, 0.9999894519261769]], "center": [102649.54574213698, -59781.91447747683, 609.8570977692253]}}, {"key": 8, "value": {"rotation": [[0.9999940224961885, -0.0022359928857741793, 0.0026372917375214436], [0.002220512275814452, 0.9999803747307068, 0.005858282911230553], [-0.0026503390588732702, -0.0058523917546440775, 0.999979362393856]], "center": [102647.78691386103, -59789.47396772517, 609.5370703048604]}}, {"key": 9, "value": {"rotation": [[0.9999912483084088, -0.00266364403201092, 0.003226190797624898], [0.0026388434643763907, 0.9999671241582819, 0.007667275121281979], [-0.003246507625505483, -0.007658694607153666, 0.9999654016940543]], "center": [102647.08851453342, -59797.49951889733, 609.3433096781481]}}], "structure": [], "control_points": []}