{"sfm_data_version": "0.3", "root_path": "/mnt/ST8000/jialei/SFM_E/ex_sea_12/6-3/images", "views": [{"key": 9, "value": {"polymorphic_id": 1073741824, "ptr_wrapper": {"id": 2147483649, "data": {"local_path": "", "filename": "087511_13303.979266.jpg", "width": 1920, "height": 1080, "id_view": 9, "id_intrinsic": 0, "id_pose": 9}}}}, {"key": 8, "value": {"polymorphic_id": 1073741824, "ptr_wrapper": {"id": 2147483650, "data": {"local_path": "", "filename": "087510_13303.879656.jpg", "width": 1920, "height": 1080, "id_view": 8, "id_intrinsic": 0, "id_pose": 8}}}}, {"key": 7, "value": {"polymorphic_id": 1073741824, "ptr_wrapper": {"id": 2147483651, "data": {"local_path": "", "filename": "087509_13303.781047.jpg", "width": 1920, "height": 1080, "id_view": 7, "id_intrinsic": 0, "id_pose": 7}}}}, {"key": 6, "value": {"polymorphic_id": 1073741824, "ptr_wrapper": {"id": 2147483652, "data": {"local_path": "", "filename": "087508_13303.679461.jpg", "width": 1920, "height": 1080, "id_view": 6, "id_intrinsic": 0, "id_pose": 6}}}}, {"key": 5, "value": {"polymorphic_id": 1073741824, "ptr_wrapper": {"id": 2147483653, "data": {"local_path": "", "filename": "087507_13303.580852.jpg", "width": 1920, "height": 1080, "id_view": 5, "id_intrinsic": 0, "id_pose": 5}}}}, {"key": 4, "value": {"polymorphic_id": 1073741824, "ptr_wrapper": {"id": 2147483654, "data": {"local_path": "", "filename": "087506_13303.479266.jpg", "width": 1920, "height": 1080, "id_view": 4, "id_intrinsic": 0, "id_pose": 4}}}}, {"key": 3, "value": {"polymorphic_id": 1073741824, "ptr_wrapper": {"id": 2147483655, "data": {"local_path": "", "filename": "087505_13303.379656.jpg", "width": 1920, "height": 1080, "id_view": 3, "id_intrinsic": 0, "id_pose": 3}}}}, {"key": 2, "value": {"polymorphic_id": 1073741824, "ptr_wrapper": {"id": 2147483656, "data": {"local_path": "", "filename": "087504_13303.248047.jpg", "width": 1920, "height": 1080, "id_view": 2, "id_intrinsic": 0, "id_pose": 2}}}}, {"key": 1, "value": {"polymorphic_id": 1073741824, "ptr_wrapper": {"id": 2147483657, "data": {"local_path": "", "filename": "087503_13303.179461.jpg", "width": 1920, "height": 1080, "id_view": 1, "id_intrinsic": 0, "id_pose": 1}}}}, {"key": 0, "value": {"polymorphic_id": 1073741824, "ptr_wrapper": {"id": 2147483658, "data": {"local_path": "", "filename": "087502_13303.047852.jpg", "width": 1920, "height": 1080, "id_view": 0, "id_intrinsic": 0, "id_pose": 0}}}}], "intrinsics": [{"key": 0, "value": {"polymorphic_id": 2147483649, "polymorphic_name": "pinhole_radial_k3", "ptr_wrapper": {"id": 2147483659, "data": {"width": 1920, "height": 1080, "focal_length": 1739.13, "principal_point": [960.0, 540.0], "disto_k3": [0.0, 0.0, 0.0]}}}}], "extrinsics": [{"key": 0, "value": {"rotation": [[0.999999973086021, -7.792972603930822e-05, 0.0002185289803359256], [7.792834778598872e-05, 0.9999999969436437, 6.315466708040761e-06], [-0.00021852947183061366, -6.298436935681031e-06, 0.9999999761025995]], "center": [0.00018642634864577738, -3.80510789020091e-05, 0.0001455724011742119]}}, {"key": 1, "value": {"rotation": [[0.9999999722624446, 7.13589535595136e-05, -0.00022446159962808887], [-7.142848144725893e-05, 0.99999994947296, -0.0003097612782583306], [0.00022443948404602938, 0.0003097773026175215, 0.9999999268324676]], "center": [-0.002051684423175304, -0.011194460358002848, 4.851144323186761e-05]}}, {"key": 2, "value": {"rotation": [[0.9999999951800572, -9.217975110059094e-05, 3.3805013568912886e-05], [9.214883138751226e-05, 0.9999995785016337, 0.0009135125329584619], [-3.3889206678080764e-05, -0.000913509413462888, 0.999999582175949]], "center": [-0.003149985975114316, -0.023464105920200526, 0.00016700329188562097]}}, {"key": 3, "value": {"rotation": [[0.9999992974929213, -0.0011852763171166655, 1.1563560596645267e-05], [0.0011852776445810842, 0.9999992908910998, -0.0001154738183180579], [-1.1426684014780028e-05, 0.00011548744322674467, 0.9999999932660402]], "center": [-0.004096861521672331, -0.0337629174453092, 0.0008635487763070601]}}, {"key": 4, "value": {"rotation": [[0.9999982331170875, -0.0018080811189463634, 0.0005143980663201408], [0.0018080064060421804, 0.9999983549449977, 0.00014567132304533212], [-0.0005146606056758634, -0.00014474103066200997, 0.9999998570872368]], "center": [-0.005474264687794479, -0.04528449025872734, 0.0009444757326666838]}}, {"key": 5, "value": {"rotation": [[0.9999975486035664, -0.0020562365751130543, 0.0008213878532503475], [0.002054773507577226, 0.999996308118769, 0.001778104233316915], [-0.000825041023742889, -0.0017764121084782344, 0.9999980818318247]], "center": [-0.006502140096950086, -0.057963109558505914, 0.0010767719858504909]}}, {"key": 6, "value": {"rotation": [[0.9999960330966441, -0.0024098027360964663, 0.001458300980409231], [0.0024059092645917894, 0.9999935526445534, 0.0026657587916856266], [-0.0014647155310544486, -0.0026622396770388107, 0.9999953835335011]], "center": [-0.00840119462233481, -0.06983039505782655, 0.0009498013096860301]}}, {"key": 7, "value": {"rotation": [[0.9999953310803203, -0.002516091754564156, 0.0017340991448934384], [0.0025084472377378195, 0.999987189086444, 0.004396516285426829], [-0.0017451389678738215, -0.004392145862235448, 0.999988831709988]], "center": [-0.009182779235708803, -0.08261314442261523, 0.0009931471659848819]}}, {"key": 8, "value": {"rotation": [[0.9999928376557912, -0.0025172215117455657, 0.0028263462244870912], [0.002500428702925618, 0.999979294694468, 0.00592942144361252], [-0.0028412133713350573, -0.005922311897831092, 0.9999784266314762]], "center": [-0.01204859002884105, -0.09491519681897125, 0.0004708982623495208]}}, {"key": 9, "value": {"rotation": [[0.9999898318455597, -0.0029449134759151007, 0.0034152145042201953], [0.0029184138214288463, 0.9999657987175893, 0.00773849183371289], [-0.003437886888388815, -0.007728446138320565, 0.999964225387103]], "center": [-0.013188829571991734, -0.10797625202883554, 0.00015441859829904765]}}], "structure": [], "control_points": []}