{"sfm_data_version": "0.3", "root_path": "/mnt/ST8000/jialei/SFM_E/ex_sea_12/1-2/images", "views": [{"key": 9, "value": {"polymorphic_id": 1073741824, "ptr_wrapper": {"id": 2147483649, "data": {"local_path": "", "filename": "038735_11734.566406.jpg", "width": 1920, "height": 1080, "id_view": 9, "id_intrinsic": 0, "id_pose": 9}}}}, {"key": 8, "value": {"polymorphic_id": 1073741824, "ptr_wrapper": {"id": 2147483650, "data": {"local_path": "", "filename": "038734_11734.465820.jpg", "width": 1920, "height": 1080, "id_view": 8, "id_intrinsic": 0, "id_pose": 8}}}}, {"key": 7, "value": {"polymorphic_id": 1073741824, "ptr_wrapper": {"id": 2147483651, "data": {"local_path": "", "filename": "038733_11734.399211.jpg", "width": 1920, "height": 1080, "id_view": 7, "id_intrinsic": 0, "id_pose": 7}}}}, {"key": 6, "value": {"polymorphic_id": 1073741824, "ptr_wrapper": {"id": 2147483652, "data": {"local_path": "", "filename": "038732_11734.299602.jpg", "width": 1920, "height": 1080, "id_view": 6, "id_intrinsic": 0, "id_pose": 6}}}}, {"key": 5, "value": {"polymorphic_id": 1073741824, "ptr_wrapper": {"id": 2147483653, "data": {"local_path": "", "filename": "038731_11734.198016.jpg", "width": 1920, "height": 1080, "id_view": 5, "id_intrinsic": 0, "id_pose": 5}}}}, {"key": 4, "value": {"polymorphic_id": 1073741824, "ptr_wrapper": {"id": 2147483654, "data": {"local_path": "", "filename": "038730_11734.100406.jpg", "width": 1920, "height": 1080, "id_view": 4, "id_intrinsic": 0, "id_pose": 4}}}}, {"key": 3, "value": {"polymorphic_id": 1073741824, "ptr_wrapper": {"id": 2147483655, "data": {"local_path": "", "filename": "038729_11733.998820.jpg", "width": 1920, "height": 1080, "id_view": 3, "id_intrinsic": 0, "id_pose": 3}}}}, {"key": 2, "value": {"polymorphic_id": 1073741824, "ptr_wrapper": {"id": 2147483656, "data": {"local_path": "", "filename": "038728_11733.899211.jpg", "width": 1920, "height": 1080, "id_view": 2, "id_intrinsic": 0, "id_pose": 2}}}}, {"key": 1, "value": {"polymorphic_id": 1073741824, "ptr_wrapper": {"id": 2147483657, "data": {"local_path": "", "filename": "038727_11733.798602.jpg", "width": 1920, "height": 1080, "id_view": 1, "id_intrinsic": 0, "id_pose": 1}}}}, {"key": 0, "value": {"polymorphic_id": 1073741824, "ptr_wrapper": {"id": 2147483658, "data": {"local_path": "", "filename": "038726_11733.699016.jpg", "width": 1920, "height": 1080, "id_view": 0, "id_intrinsic": 0, "id_pose": 0}}}}], "intrinsics": [{"key": 0, "value": {"polymorphic_id": 2147483649, "polymorphic_name": "pinhole_radial_k3", "ptr_wrapper": {"id": 2147483659, "data": {"width": 1920, "height": 1080, "focal_length": 1739.13, "principal_point": [960.0, 540.0], "disto_k3": [0.0, 0.0, 0.0]}}}}], "extrinsics": [{"key": 0, "value": {"rotation": [[0.9999990483273808, -0.0013796046228415836, -5.951234957289211e-06], [0.0013796054825078513, 0.999999037546627, 0.00014695078138664714], [5.748495252163857e-06, -0.00014695885189398722, 0.9999999891850253]], "center": [-0.0003707523317734666, -0.0012480756935647102, 0.0007416243682655313]}}, {"key": 1, "value": {"rotation": [[0.9999998600670378, 2.9709331560726577e-05, 0.0005281886599155709], [-3.0273009959100225e-05, 0.9999994300672095, 0.001067215442595507], [-0.0005281566526261012, -0.0010672312831174517, 0.999999291033718]], "center": [-0.0004213466590653231, -0.010663855556060144, 0.0025205267289926925]}}, {"key": 2, "value": {"rotation": [[0.9999995016462992, -0.0008256722763394005, 0.0005612240599351571], [0.0008248389248107891, 0.999998559440435, 0.0014834951305069393], [-0.0005624481322598128, -0.0014830314717514306, 0.9999987421340849]], "center": [-0.0004313231004007827, -0.02109810980693514, 0.003335722970939134]}}, {"key": 3, "value": {"rotation": [[0.9999943172140141, -0.0023437484774720416, 0.002423299971579002], [0.0023408059930763174, 0.9999965205284536, 0.0012163709502024276], [-0.0024261424073382535, -0.0012106915627300636, 0.999996324022723]], "center": [-0.0021449643709327212, -0.030575026111420472, 0.00226125810915236]}}, {"key": 4, "value": {"rotation": [[0.9999911953963523, -0.003301638056108935, 0.0025900416832070473], [0.003298544510750206, 0.9999938424642163, 0.0011977636504473857], [-0.0025939803169832197, -0.0011892097368363529, 0.9999959285148695]], "center": [-0.001624300399717892, -0.04052585195600257, 0.00322702675080248]}}, {"key": 5, "value": {"rotation": [[0.9999856225506013, -0.004747332380241693, 0.0024934970137942365], [0.0047470719878008535, 0.9999887265031332, 0.00011033668374302595], [-0.002493992708274916, -9.849828755701531e-05, 0.9999968851443776]], "center": [-0.0013879904903644838, -0.04954764613893218, 0.004941090459938652]}}, {"key": 6, "value": {"rotation": [[0.9999786087378283, -0.006014878273061435, 0.0025696898874596357], [0.0060143804852432385, 0.999981893169009, 0.0002013988637945564], [-0.0025708547481692002, -0.00018593946290632057, 0.9999966780606718]], "center": [-0.0008426465604214189, -0.059907322679203165, 0.006137135020365653]}}, {"key": 7, "value": {"rotation": [[0.9999650435730548, -0.007816915385161969, 0.002967737488316874], [0.007816697140095188, 0.9999694455324571, 8.51312432048121e-05], [-0.0029683122744028666, -6.193036218314454e-05, 0.9999955926337231]], "center": [-0.0011468492955534234, -0.07041411526335724, 0.007013540628960486]}}, {"key": 8, "value": {"rotation": [[0.9999591491638578, -0.008283647536234751, 0.003616792361866349], [0.00828257693791686, 0.9999656505446706, 0.0003108858949303991], [-0.0036192433961962406, -0.0002809168339759256, 0.9999934110597783]], "center": [-0.002318493541017105, -0.08023105354289001, 0.00694904282437667]}}, {"key": 9, "value": {"rotation": [[0.9999444819219372, -0.009624186429136143, 0.004290467275903573], [0.009623859407240578, 0.999953684901574, 9.686006323648132e-05], [-0.0042912007617954846, -5.55638318971545e-05, 0.99999079121194]], "center": [-0.0023260448043307892, -0.09032777628331792, 0.007390290150945177]}}], "structure": [], "control_points": []}