{"sfm_data_version": "0.3", "root_path": "/mnt/ST8000/jialei/SFM_E/ex_sea_12/1-2/images", "views": [{"key": 9, "value": {"polymorphic_id": 1073741824, "ptr_wrapper": {"id": 2147483649, "data": {"local_path": "", "filename": "038735_11734.566406.jpg", "width": 1920, "height": 1080, "id_view": 9, "id_intrinsic": 0, "id_pose": 9}}}}, {"key": 8, "value": {"polymorphic_id": 1073741824, "ptr_wrapper": {"id": 2147483650, "data": {"local_path": "", "filename": "038734_11734.465820.jpg", "width": 1920, "height": 1080, "id_view": 8, "id_intrinsic": 0, "id_pose": 8}}}}, {"key": 7, "value": {"polymorphic_id": 1073741824, "ptr_wrapper": {"id": 2147483651, "data": {"local_path": "", "filename": "038733_11734.399211.jpg", "width": 1920, "height": 1080, "id_view": 7, "id_intrinsic": 0, "id_pose": 7}}}}, {"key": 6, "value": {"polymorphic_id": 1073741824, "ptr_wrapper": {"id": 2147483652, "data": {"local_path": "", "filename": "038732_11734.299602.jpg", "width": 1920, "height": 1080, "id_view": 6, "id_intrinsic": 0, "id_pose": 6}}}}, {"key": 5, "value": {"polymorphic_id": 1073741824, "ptr_wrapper": {"id": 2147483653, "data": {"local_path": "", "filename": "038731_11734.198016.jpg", "width": 1920, "height": 1080, "id_view": 5, "id_intrinsic": 0, "id_pose": 5}}}}, {"key": 4, "value": {"polymorphic_id": 1073741824, "ptr_wrapper": {"id": 2147483654, "data": {"local_path": "", "filename": "038730_11734.100406.jpg", "width": 1920, "height": 1080, "id_view": 4, "id_intrinsic": 0, "id_pose": 4}}}}, {"key": 3, "value": {"polymorphic_id": 1073741824, "ptr_wrapper": {"id": 2147483655, "data": {"local_path": "", "filename": "038729_11733.998820.jpg", "width": 1920, "height": 1080, "id_view": 3, "id_intrinsic": 0, "id_pose": 3}}}}, {"key": 2, "value": {"polymorphic_id": 1073741824, "ptr_wrapper": {"id": 2147483656, "data": {"local_path": "", "filename": "038728_11733.899211.jpg", "width": 1920, "height": 1080, "id_view": 2, "id_intrinsic": 0, "id_pose": 2}}}}, {"key": 1, "value": {"polymorphic_id": 1073741824, "ptr_wrapper": {"id": 2147483657, "data": {"local_path": "", "filename": "038727_11733.798602.jpg", "width": 1920, "height": 1080, "id_view": 1, "id_intrinsic": 0, "id_pose": 1}}}}, {"key": 0, "value": {"polymorphic_id": 1073741824, "ptr_wrapper": {"id": 2147483658, "data": {"local_path": "", "filename": "038726_11733.699016.jpg", "width": 1920, "height": 1080, "id_view": 0, "id_intrinsic": 0, "id_pose": 0}}}}], "intrinsics": [{"key": 0, "value": {"polymorphic_id": 2147483649, "polymorphic_name": "pinhole_radial_k3", "ptr_wrapper": {"id": 2147483659, "data": {"width": 1920, "height": 1080, "focal_length": 1739.13, "principal_point": [960.0, 540.0], "disto_k3": [0.0, 0.0, 0.0]}}}}], "extrinsics": [{"key": 0, "value": {"rotation": [[0.9999999273093779, -0.00034645110345688163, 0.00015922585276450656], [0.0003464140114315726, 0.9999999128726011, 0.00023292085005195102], [-0.00015930653457709077, -0.00023286567505440976, 0.9999999601975017]], "center": [102655.28827454554, -59731.174787562704, 609.3316319818557]}}, {"key": 1, "value": {"rotation": [[0.9999991947477344, 0.0010628170427643053, 0.0006934867101075039], [-0.0010636161488942332, 0.9999987697098737, 0.0011529524823416838], [-0.0006922604793699118, -0.0011536891575879996, 0.9999990948879683]], "center": [102655.26202921712, -59737.17879213958, 610.4654109852917]}}, {"key": 2, "value": {"rotation": [[0.9999997146219373, 0.0002074326860720123, 0.0007264487080841369], [-0.00020857255493961368, 0.9999987467814704, 0.0015693734345714912], [-0.0007261222583381634, -0.0015695245039697725, 0.9999985046685304]], "center": [102655.26245593837, -59743.832136733115, 610.9846411152074]}}, {"key": 3, "value": {"rotation": [[0.9999957909916644, -0.001310808031803305, 0.002588393567423051], [0.001307439920824634, 0.9999982970462855, 0.0013024996666653387], [-0.002590096486533063, -0.0012991100153524487, 0.9999958018478665]], "center": [102654.17612694437, -59749.87606359443, 610.2988207058575]}}, {"key": 4, "value": {"rotation": [[0.9999936312891535, -0.0022687146462470045, 0.002755052628663065], [0.0022651837552090212, 0.9999966100727555, 0.0012840504475108152], [-0.0027579564332918575, -0.0012778015693055383, 0.9999953804390599]], "center": [102654.5145766463, -59756.22081378166, 610.9141441647386]}}, {"key": 5, "value": {"rotation": [[0.9999895680405886, -0.003714405656649827, 0.0026583830828741744], [0.0037138953754282103, 0.9999930840892336, 0.00019686249613053158], [-0.0026590959249031838, -0.00018698748583128336, 0.9999964471159589]], "center": [102654.67102008623, -59761.973404941724, 612.0066312365877]}}, {"key": 6, "value": {"rotation": [[0.9999838512312056, -0.0049819646605884695, 0.0027344661138058914], [0.004981195195072501, 0.9999875522592637, 0.0002881335691350791], [-0.0027358675471396074, -0.00027450800666543515, 0.9999962198299138]], "center": [102655.02545179462, -59768.578850865764, 612.768768057311]}}, {"key": 7, "value": {"rotation": [[0.9999720821197196, -0.006784049016580792, 0.003132356955034655], [0.006783542932102104, 0.9999769766875922, 0.00017216279817040229], [-0.003133452798663509, -0.00015090951386676374, 0.9999950793378315]], "center": [102654.83830953062, -59775.27864595418, 613.3269927445522]}}, {"key": 8, "value": {"rotation": [[0.9999665626978888, -0.007250842768811674, 0.003781370824411882], [0.007249389099558111, 0.9999736436318485, 0.00039799412844227107], [-0.003784156954058527, -0.00037056819215638823, 0.9999927713915541]], "center": [102654.09769689183, -59781.53908255128, 613.2852061633417]}}, {"key": 9, "value": {"rotation": [[0.9999531691694049, -0.008591453972151417, 0.0044549283617051905], [0.008590718555760433, 0.9999630821330919, 0.000184188982502993], [-0.004456346346418158, -0.00014590932103835893, 0.999990059794451]], "center": [102654.09948703327, -59787.97718161548, 613.5660102540648]}}], "structure": [], "control_points": []}