{"sfm_data_version": "0.3", "root_path": "/mnt/ST8000/jialei/SFM_E/ex_sea_12/6-3/images", "views": [{"key": 9, "value": {"polymorphic_id": 1073741824, "ptr_wrapper": {"id": 2147483649, "data": {"local_path": "", "filename": "087511_13303.979266.jpg", "width": 1920, "height": 1080, "id_view": 9, "id_intrinsic": 0, "id_pose": 9}}}}, {"key": 8, "value": {"polymorphic_id": 1073741824, "ptr_wrapper": {"id": 2147483650, "data": {"local_path": "", "filename": "087510_13303.879656.jpg", "width": 1920, "height": 1080, "id_view": 8, "id_intrinsic": 0, "id_pose": 8}}}}, {"key": 7, "value": {"polymorphic_id": 1073741824, "ptr_wrapper": {"id": 2147483651, "data": {"local_path": "", "filename": "087509_13303.781047.jpg", "width": 1920, "height": 1080, "id_view": 7, "id_intrinsic": 0, "id_pose": 7}}}}, {"key": 6, "value": {"polymorphic_id": 1073741824, "ptr_wrapper": {"id": 2147483652, "data": {"local_path": "", "filename": "087508_13303.679461.jpg", "width": 1920, "height": 1080, "id_view": 6, "id_intrinsic": 0, "id_pose": 6}}}}, {"key": 5, "value": {"polymorphic_id": 1073741824, "ptr_wrapper": {"id": 2147483653, "data": {"local_path": "", "filename": "087507_13303.580852.jpg", "width": 1920, "height": 1080, "id_view": 5, "id_intrinsic": 0, "id_pose": 5}}}}, {"key": 4, "value": {"polymorphic_id": 1073741824, "ptr_wrapper": {"id": 2147483654, "data": {"local_path": "", "filename": "087506_13303.479266.jpg", "width": 1920, "height": 1080, "id_view": 4, "id_intrinsic": 0, "id_pose": 4}}}}, {"key": 3, "value": {"polymorphic_id": 1073741824, "ptr_wrapper": {"id": 2147483655, "data": {"local_path": "", "filename": "087505_13303.379656.jpg", "width": 1920, "height": 1080, "id_view": 3, "id_intrinsic": 0, "id_pose": 3}}}}, {"key": 2, "value": {"polymorphic_id": 1073741824, "ptr_wrapper": {"id": 2147483656, "data": {"local_path": "", "filename": "087504_13303.248047.jpg", "width": 1920, "height": 1080, "id_view": 2, "id_intrinsic": 0, "id_pose": 2}}}}, {"key": 1, "value": {"polymorphic_id": 1073741824, "ptr_wrapper": {"id": 2147483657, "data": {"local_path": "", "filename": "087503_13303.179461.jpg", "width": 1920, "height": 1080, "id_view": 1, "id_intrinsic": 0, "id_pose": 1}}}}, {"key": 0, "value": {"polymorphic_id": 1073741824, "ptr_wrapper": {"id": 2147483658, "data": {"local_path": "", "filename": "087502_13303.047852.jpg", "width": 1920, "height": 1080, "id_view": 0, "id_intrinsic": 0, "id_pose": 0}}}}], "intrinsics": [{"key": 0, "value": {"polymorphic_id": 2147483649, "polymorphic_name": "pinhole_radial_k3", "ptr_wrapper": {"id": 2147483659, "data": {"width": 1920, "height": 1080, "focal_length": 1739.13, "principal_point": [960.0, 540.0], "disto_k3": [0.0, 0.0, 0.0]}}}}], "extrinsics": [{"key": 0, "value": {"rotation": [[0.9999999626052161, 0.0002704108895392733, 4.0835249221204645e-05], [-0.00027040732253852883, 0.9999999596265619, -8.733129388367863e-05], [-4.085886290540887e-05, 8.732024846753668e-05, 0.9999999953528639]], "center": [102655.28827440817, -59731.17478743372, 609.3316321651727]}}, {"key": 1, "value": {"rotation": [[0.9999998334863517, 0.00040957829589360846, -0.0004065376841256485], [-0.0004097461840965271, 0.9999998307804695, -0.00041297348263134403], [0.00040636847035626766, 0.000413139991130373, 0.9999998320899931]], "center": [102653.95109621272, -59737.79902099592, 609.2596133866535]}}, {"key": 2, "value": {"rotation": [[0.9999999508264771, 0.0002773751538447605, -0.00014632179534779512], [-0.0002772498816932647, 0.99999959565333, 0.0008554681059545645], [0.00014655902178055521, -0.0008554274961877478, 0.9999996233820553]], "center": [102653.29190259968, -59745.12822464615, 609.316754136171]}}, {"key": 3, "value": {"rotation": [[0.9999996266774126, -0.0008450939000931731, -0.00018017029658381507], [0.000845053631651892, 0.999999617974652, -0.00022346120509626614], [0.0001803590734555292, 0.00022330886810970966, 0.9999999588018765]], "center": [102652.71274114931, -59751.211512956055, 609.7645641474098]}}, {"key": 4, "value": {"rotation": [[0.9999988807003563, -0.0014609339686915853, 0.00032290861522294833], [0.0014609209400929845, 0.9999989320310722, 4.057982410519717e-05], [-0.0003229675548100914, -4.010803472652114e-05, 0.999999947041651]], "center": [102651.87591407193, -59758.06818194655, 609.7996574311211]}}, {"key": 5, "value": {"rotation": [[0.99999841124631, -0.0016673484495853433, 0.0006304395321380569], [0.0016662538586428547, 0.9999971105112275, 0.0017327917574422418], [-0.0006333268781403392, -0.001731738532159891, 0.999998299987916]], "center": [102651.25725493963, -59765.65658521483, 609.8610016801246]}}, {"key": 6, "value": {"rotation": [[0.9999971923858495, -0.0019984179295118613, 0.0012733994651741795], [0.0019950397894869503, 0.9999945022921546, 0.002648622605249476], [-0.0012786855192988037, -0.002646074686338257, 0.9999956816167246]], "center": [102650.11288953939, -59772.72732379153, 609.7608703694985]}}, {"key": 7, "value": {"rotation": [[0.9999966773374789, -0.0020605848637685795, 0.0015489686961279892], [0.002053686227118599, 0.9999880246721216, 0.004442171229229574], [-0.0015581036175172352, -0.004438975373716259, 0.9999889338441448]], "center": [102649.64370189418, -59780.38778569629, 609.7667387354165]}}, {"key": 8, "value": {"rotation": [[0.9999995471274457, -0.0005835675488913611, -0.0007517937346854805], [0.0005789493682210232, 0.9999810528264428, -0.006128523945414629], [0.0007553558980162722, 0.006128085919466579, 0.9999809378185324]], "center": [102650.95124279034, -59780.768230575675, 616.91903611464]}}, {"key": 9, "value": {"rotation": [[0.999999527749929, -0.0009593602625617513, -0.00015533127870926325], [0.0009586896055507003, 0.9999904598616784, -0.004261584197233402], [0.00015941819136180575, 0.004261433270217612, 0.9999909073448239]], "center": [102650.25930543986, -59788.602012070245, 616.7092471388593]}}], "structure": [], "control_points": []}