{"sfm_data_version": "0.3", "root_path": "/mnt/ST8000/jialei/SFM_E/ex_sea_12/6-3/images", "views": [{"key": 9, "value": {"polymorphic_id": 1073741824, "ptr_wrapper": {"id": 2147483649, "data": {"local_path": "", "filename": "087511_13303.979266.jpg", "width": 1920, "height": 1080, "id_view": 9, "id_intrinsic": 0, "id_pose": 9}}}}, {"key": 8, "value": {"polymorphic_id": 1073741824, "ptr_wrapper": {"id": 2147483650, "data": {"local_path": "", "filename": "087510_13303.879656.jpg", "width": 1920, "height": 1080, "id_view": 8, "id_intrinsic": 0, "id_pose": 8}}}}, {"key": 7, "value": {"polymorphic_id": 1073741824, "ptr_wrapper": {"id": 2147483651, "data": {"local_path": "", "filename": "087509_13303.781047.jpg", "width": 1920, "height": 1080, "id_view": 7, "id_intrinsic": 0, "id_pose": 7}}}}, {"key": 6, "value": {"polymorphic_id": 1073741824, "ptr_wrapper": {"id": 2147483652, "data": {"local_path": "", "filename": "087508_13303.679461.jpg", "width": 1920, "height": 1080, "id_view": 6, "id_intrinsic": 0, "id_pose": 6}}}}, {"key": 5, "value": {"polymorphic_id": 1073741824, "ptr_wrapper": {"id": 2147483653, "data": {"local_path": "", "filename": "087507_13303.580852.jpg", "width": 1920, "height": 1080, "id_view": 5, "id_intrinsic": 0, "id_pose": 5}}}}, {"key": 4, "value": {"polymorphic_id": 1073741824, "ptr_wrapper": {"id": 2147483654, "data": {"local_path": "", "filename": "087506_13303.479266.jpg", "width": 1920, "height": 1080, "id_view": 4, "id_intrinsic": 0, "id_pose": 4}}}}, {"key": 3, "value": {"polymorphic_id": 1073741824, "ptr_wrapper": {"id": 2147483655, "data": {"local_path": "", "filename": "087505_13303.379656.jpg", "width": 1920, "height": 1080, "id_view": 3, "id_intrinsic": 0, "id_pose": 3}}}}, {"key": 2, "value": {"polymorphic_id": 1073741824, "ptr_wrapper": {"id": 2147483656, "data": {"local_path": "", "filename": "087504_13303.248047.jpg", "width": 1920, "height": 1080, "id_view": 2, "id_intrinsic": 0, "id_pose": 2}}}}, {"key": 1, "value": {"polymorphic_id": 1073741824, "ptr_wrapper": {"id": 2147483657, "data": {"local_path": "", "filename": "087503_13303.179461.jpg", "width": 1920, "height": 1080, "id_view": 1, "id_intrinsic": 0, "id_pose": 1}}}}, {"key": 0, "value": {"polymorphic_id": 1073741824, "ptr_wrapper": {"id": 2147483658, "data": {"local_path": "", "filename": "087502_13303.047852.jpg", "width": 1920, "height": 1080, "id_view": 0, "id_intrinsic": 0, "id_pose": 0}}}}], "intrinsics": [{"key": 0, "value": {"polymorphic_id": 2147483649, "polymorphic_name": "pinhole_radial_k3", "ptr_wrapper": {"id": 2147483659, "data": {"width": 1920, "height": 1080, "focal_length": 1739.13, "principal_point": [960.0, 540.0], "disto_k3": [0.0, 0.0, 0.0]}}}}], "extrinsics": [{"key": 0, "value": {"rotation": [[0.9999999738645635, -4.4284182891870524e-05, 0.000224298424903509], [4.4285345278130225e-05, 0.9999999990060016, -5.17735628534734e-06], [-0.00022429819540556383, 5.187289283238251e-06, 0.9999999748317054]], "center": [0.00017909753208041965, -2.5351766449075564e-05, 0.0001527433470589354]}}, {"key": 1, "value": {"rotation": [[0.9999999706165262, 9.492000654789626e-05, -0.00022306308303644484], [-9.499380304610367e-05, 0.9999999407588437, -0.00033084510949912393], [0.00022303166600197072, 0.0003308662893883216, 0.9999999203921841]], "center": [-0.001999827772606771, -0.010802119520333938, 3.4285563712141156e-05]}}, {"key": 2, "value": {"rotation": [[0.9999999986144233, -3.730454108048276e-05, 3.714195444232757e-05], [3.7269699641609e-05, 0.9999995597390625, 0.0009376207393791008], [-3.717691560157334e-05, -0.000937619353810471, 0.9999995597438154]], "center": [-0.0030760886440763554, -0.02272622032870543, 0.00012607516494668827]}}, {"key": 3, "value": {"rotation": [[0.9999993274606663, -0.0011597706531320195, 3.2011234949058624e-06], [0.00115977109327924, 0.9999993175102908, -0.00014110267161026953], [-3.0374745725596175e-06, 0.00014110628928368213, 0.9999999900398946]], "center": [-0.004021617934739524, -0.03262334128861015, 0.0008536644044628015]}}, {"key": 4, "value": {"rotation": [[0.9999982953948908, -0.0017756517802323762, 0.0005062292640592007], [0.001775589702246508, 0.9999984160685426, 0.00012305127115650363], [-0.0005064469584354653, -0.0001221522059344499, 0.9999998642951494]], "center": [-0.005386635492322487, -0.04377854615270544, 0.0009095935130113928]}}, {"key": 5, "value": {"rotation": [[0.9999977045653429, -0.0019820913648528555, 0.0008137431206422137], [0.001980611569253173, 0.999996390924101, 0.0018153006870353042], [-0.0008173382755979195, -0.001813684811092053, 0.9999980212508169]], "center": [-0.006397081737703384, -0.05612437955959906, 0.0010081995343060532]}}, {"key": 6, "value": {"rotation": [[0.9999962635633214, -0.0023132132601703733, 0.001456675602014839], [0.002309228632972214, 0.999993604007288, 0.0027311916147392647], [-0.001462984113787599, -0.0027278176128056244, 0.999995209332802]], "center": [-0.008262525666655968, -0.0676276947451387, 0.0008440011929525468]}}, {"key": 7, "value": {"rotation": [[0.9999956783946943, -0.002375402665916149, 0.0017322396225778333], [0.0023675439717062386, 0.9999869605995397, 0.004524750428157688], [-0.0017429651394413894, -0.004520629720496251, 0.9999882629208472]], "center": [-0.009029805884032654, -0.0800908348623168, 0.0008523843126866541]}}, {"key": 8, "value": {"rotation": [[0.999999435080869, -0.0008981973342564737, -0.0005684008192577612], [0.0008947443885291583, 0.9999813211800496, -0.006046215633163798], [0.0005738208969652609, 0.0060457036440974355, 0.999981559928495]], "center": [-0.0069047993487533045, -0.08071143450132848, 0.012489332657709249]}}, {"key": 9, "value": {"rotation": [[0.9999991880190988, -0.001274039018846773, 2.803072962042541e-05], [0.0012741450393538528, 0.9999904553523978, -0.0041792054894989545], [-2.270599121554834e-05, 0.004179237811278987, 0.9999912666897421]], "center": [-0.008034512111597529, -0.09345641837858074, 0.01214675701439892]}}], "structure": [], "control_points": []}