{"sfm_data_version": "0.3", "root_path": "/mnt/ST8000/jialei/SFM_E/ex_sea_12/6-3/images", "views": [{"key": 9, "value": {"polymorphic_id": 1073741824, "ptr_wrapper": {"id": 2147483649, "data": {"local_path": "", "filename": "087511_13303.979266.jpg", "width": 1920, "height": 1080, "id_view": 9, "id_intrinsic": 0, "id_pose": 9}}}}, {"key": 8, "value": {"polymorphic_id": 1073741824, "ptr_wrapper": {"id": 2147483650, "data": {"local_path": "", "filename": "087510_13303.879656.jpg", "width": 1920, "height": 1080, "id_view": 8, "id_intrinsic": 0, "id_pose": 8}}}}, {"key": 7, "value": {"polymorphic_id": 1073741824, "ptr_wrapper": {"id": 2147483651, "data": {"local_path": "", "filename": "087509_13303.781047.jpg", "width": 1920, "height": 1080, "id_view": 7, "id_intrinsic": 0, "id_pose": 7}}}}, {"key": 6, "value": {"polymorphic_id": 1073741824, "ptr_wrapper": {"id": 2147483652, "data": {"local_path": "", "filename": "087508_13303.679461.jpg", "width": 1920, "height": 1080, "id_view": 6, "id_intrinsic": 0, "id_pose": 6}}}}, {"key": 5, "value": {"polymorphic_id": 1073741824, "ptr_wrapper": {"id": 2147483653, "data": {"local_path": "", "filename": "087507_13303.580852.jpg", "width": 1920, "height": 1080, "id_view": 5, "id_intrinsic": 0, "id_pose": 5}}}}, {"key": 4, "value": {"polymorphic_id": 1073741824, "ptr_wrapper": {"id": 2147483654, "data": {"local_path": "", "filename": "087506_13303.479266.jpg", "width": 1920, "height": 1080, "id_view": 4, "id_intrinsic": 0, "id_pose": 4}}}}, {"key": 3, "value": {"polymorphic_id": 1073741824, "ptr_wrapper": {"id": 2147483655, "data": {"local_path": "", "filename": "087505_13303.379656.jpg", "width": 1920, "height": 1080, "id_view": 3, "id_intrinsic": 0, "id_pose": 3}}}}, {"key": 2, "value": {"polymorphic_id": 1073741824, "ptr_wrapper": {"id": 2147483656, "data": {"local_path": "", "filename": "087504_13303.248047.jpg", "width": 1920, "height": 1080, "id_view": 2, "id_intrinsic": 0, "id_pose": 2}}}}, {"key": 1, "value": {"polymorphic_id": 1073741824, "ptr_wrapper": {"id": 2147483657, "data": {"local_path": "", "filename": "087503_13303.179461.jpg", "width": 1920, "height": 1080, "id_view": 1, "id_intrinsic": 0, "id_pose": 1}}}}, {"key": 0, "value": {"polymorphic_id": 1073741824, "ptr_wrapper": {"id": 2147483658, "data": {"local_path": "", "filename": "087502_13303.047852.jpg", "width": 1920, "height": 1080, "id_view": 0, "id_intrinsic": 0, "id_pose": 0}}}}], "intrinsics": [{"key": 0, "value": {"polymorphic_id": 2147483649, "polymorphic_name": "pinhole_radial_k3", "ptr_wrapper": {"id": 2147483659, "data": {"width": 1920, "height": 1080, "focal_length": 1739.13, "principal_point": [960.0, 540.0], "disto_k3": [0.0, 0.0, 0.0]}}}}], "extrinsics": [{"key": 0, "value": {"rotation": [[0.9999999303186125, 0.00037154666887657874, 3.627455906470383e-05], [-0.0003715421264100769, 0.9999999231468205, -0.0001251511154660817], [-3.632105575694616e-05, 0.00012513762921856881, 0.9999999915106775]], "center": [102655.28827440503, -59731.17478743124, 609.3316321687347]}}, {"key": 1, "value": {"rotation": [[0.9999998009244965, 0.0004946916300938631, -0.0003917028963854128], [-0.0004948629283514959, 0.9999997819218679, -0.0004373407129953721], [0.00039148646217336303, 0.00043753446517389355, 0.9999998276509562]], "center": [102653.9387640837, -59737.93890392385, 609.2327988709837]}}, {"key": 2, "value": {"rotation": [[0.9999998988296349, 0.0004259792610336061, -0.0001445074043774814], [-0.0004258625497868743, 0.9999995839214473, 0.0008067205348270071], [0.00014485099046833124, -0.0008066589129191071, 0.9999996641597381]], "center": [102653.27146999257, -59745.41045884582, 609.2563768978468]}}, {"key": 3, "value": {"rotation": [[0.9999956397783896, 0.002030221526000322, -0.002144440431841195], [-0.0020519412924421576, 0.9999461255602873, -0.010175240238110134], [0.0021236669095508294, 0.010179596137679022, 0.9999459314689626]], "center": [102655.05371242571, -59745.91362926152, 615.6697920633591]}}, {"key": 4, "value": {"rotation": [[0.9999864942981669, 0.0037409102920658447, -0.0036078818508390926], [-0.003816808246705464, 0.9997666008755824, -0.021264424480628298], [0.0035274914699796977, 0.02127790788285301, 0.9997673766632208]], "center": [102656.43257384293, -59746.260852827705, 622.6462090668924]}}, {"key": 5, "value": {"rotation": [[0.9999879497014915, 0.0036258392516793723, -0.0033096437163117783], [-0.003690054349705334, 0.9998009537851341, -0.019607047437919408], [0.0032378929420476005, 0.019619023932336253, 0.9998022854290936]], "center": [102655.80718559728, -59754.0059871961, 622.6870132531938]}}, {"key": 6, "value": {"rotation": [[0.9999908015951027, 0.0033453459162727625, -0.002684284985869187], [-0.0033949995334658463, 0.999819157946553, -0.018711637587724244], [0.0026212026538694516, 0.018720578616780136, 0.9998213186529384]], "center": [102654.65293951757, -59761.22796566488, 622.5514003032342]}}, {"key": 7, "value": {"rotation": [[0.9999913679788379, 0.003380489893767946, -0.002415834408935116], [-0.0034209743238704424, 0.9998504002239271, -0.016955061389713578], [0.0023581565869723814, 0.016963179540748552, 0.9998533340632416]], "center": [102654.1826889468, -59769.055021877306, 622.5366638852603]}}, {"key": 8, "value": {"rotation": [[0.9999929934602788, 0.003498455441931853, -0.001331855800174309], [-0.0035185767780006607, 0.9998749490804978, -0.015417711202710314], [0.0012777510747225991, 0.015422289414794501, 0.9998802530010271]], "center": [102652.45910385027, -59776.54762661418, 622.1251137890908]}}, {"key": 9, "value": {"rotation": [[0.999994540620051, 0.003217345077301392, -0.0007532733552816307], [-0.0032272871041875914, 0.9999024186751443, -0.013591826424155209], [0.0007094702540323306, 0.01359418325059599, 0.9999073431242058]], "center": [102651.77837234612, -59784.52259285234, 621.8621335093005]}}], "structure": [], "control_points": []}