{"sfm_data_version": "0.3", "root_path": "/mnt/ST8000/jialei/SFM_E/ex_sea_12/6-3/images", "views": [{"key": 9, "value": {"polymorphic_id": 1073741824, "ptr_wrapper": {"id": 2147483649, "data": {"local_path": "", "filename": "087511_13303.979266.jpg", "width": 1920, "height": 1080, "id_view": 9, "id_intrinsic": 0, "id_pose": 9}}}}, {"key": 8, "value": {"polymorphic_id": 1073741824, "ptr_wrapper": {"id": 2147483650, "data": {"local_path": "", "filename": "087510_13303.879656.jpg", "width": 1920, "height": 1080, "id_view": 8, "id_intrinsic": 0, "id_pose": 8}}}}, {"key": 7, "value": {"polymorphic_id": 1073741824, "ptr_wrapper": {"id": 2147483651, "data": {"local_path": "", "filename": "087509_13303.781047.jpg", "width": 1920, "height": 1080, "id_view": 7, "id_intrinsic": 0, "id_pose": 7}}}}, {"key": 6, "value": {"polymorphic_id": 1073741824, "ptr_wrapper": {"id": 2147483652, "data": {"local_path": "", "filename": "087508_13303.679461.jpg", "width": 1920, "height": 1080, "id_view": 6, "id_intrinsic": 0, "id_pose": 6}}}}, {"key": 5, "value": {"polymorphic_id": 1073741824, "ptr_wrapper": {"id": 2147483653, "data": {"local_path": "", "filename": "087507_13303.580852.jpg", "width": 1920, "height": 1080, "id_view": 5, "id_intrinsic": 0, "id_pose": 5}}}}, {"key": 4, "value": {"polymorphic_id": 1073741824, "ptr_wrapper": {"id": 2147483654, "data": {"local_path": "", "filename": "087506_13303.479266.jpg", "width": 1920, "height": 1080, "id_view": 4, "id_intrinsic": 0, "id_pose": 4}}}}, {"key": 3, "value": {"polymorphic_id": 1073741824, "ptr_wrapper": {"id": 2147483655, "data": {"local_path": "", "filename": "087505_13303.379656.jpg", "width": 1920, "height": 1080, "id_view": 3, "id_intrinsic": 0, "id_pose": 3}}}}, {"key": 2, "value": {"polymorphic_id": 1073741824, "ptr_wrapper": {"id": 2147483656, "data": {"local_path": "", "filename": "087504_13303.248047.jpg", "width": 1920, "height": 1080, "id_view": 2, "id_intrinsic": 0, "id_pose": 2}}}}, {"key": 1, "value": {"polymorphic_id": 1073741824, "ptr_wrapper": {"id": 2147483657, "data": {"local_path": "", "filename": "087503_13303.179461.jpg", "width": 1920, "height": 1080, "id_view": 1, "id_intrinsic": 0, "id_pose": 1}}}}, {"key": 0, "value": {"polymorphic_id": 1073741824, "ptr_wrapper": {"id": 2147483658, "data": {"local_path": "", "filename": "087502_13303.047852.jpg", "width": 1920, "height": 1080, "id_view": 0, "id_intrinsic": 0, "id_pose": 0}}}}], "intrinsics": [{"key": 0, "value": {"polymorphic_id": 2147483649, "polymorphic_name": "pinhole_radial_k3", "ptr_wrapper": {"id": 2147483659, "data": {"width": 1920, "height": 1080, "focal_length": 1739.13, "principal_point": [960.0, 540.0], "disto_k3": [0.0, 0.0, 0.0]}}}}], "extrinsics": [{"key": 0, "value": {"rotation": [[0.9999999753333491, 6.281791607982422e-06, 0.00022202216215306864], [-6.276440533380922e-06, 0.9999999996898445, -2.4102222172659302e-05], [-0.00022202231348934402, 2.410082806924232e-05, 0.999999975062621]], "center": [0.0001493166007087801, -5.16562125164904e-06, 0.00016671716887496516]}}, {"key": 1, "value": {"rotation": [[0.9999999704125243, 0.00012947003839187604, -0.00020594285559919599], [-0.0001295392954319582, 0.999999935055985, -0.00033631472891474783], [0.0002058992995435803, 0.0003363413966564547, 0.9999999222399687]], "center": [-0.002048760412533717, -0.011001730729745586, 4.510365646105987e-06]}}, {"key": 2, "value": {"rotation": [[0.9999999973051683, 6.073265938591767e-05, 4.124570101398803e-05], [-6.07700755829152e-05, 0.9999995861399534, 0.0009077592851368918], [-4.119055330857616e-05, -0.0009077617891950019, 0.9999995871358509]], "center": [-0.003138118896447082, -0.02314890399779107, 4.1414691247419825e-05]}}, {"key": 3, "value": {"rotation": [[0.9999966956731297, 0.001665178458164506, -0.001958525855082068], [-0.001684828341072212, 0.999947831453914, -0.010074508627038273], [0.0019416478268934334, 0.010077775117436068, 0.9999473328392844]], "center": [-0.00024271045316001877, -0.02396909151573422, 0.010469068521293503]}}, {"key": 4, "value": {"rotation": [[0.9999884468396139, 0.0033760183227115144, -0.0034217959585189773], [-0.0034477009348547684, 0.9997700719822712, -0.02116403852832416], [0.0033495590099030005, 0.021175591345917677, 0.9997701609798073]], "center": [0.0019967868966940306, -0.024535587086101623, 0.02181197811377096]}}, {"key": 5, "value": {"rotation": [[0.99998980481716, 0.003260916622005012, -0.0031235691961178642], [-0.003321242354115903, 0.999804211113025, -0.01950663450950233], [0.003059348127270211, 0.01951680976610707, 0.9998048482206864]], "center": [0.0009753930227158506, -0.03712758494683529, 0.021876857125289934]}}, {"key": 6, "value": {"rotation": [[0.9999924381039744, 0.002980359072518439, -0.0024982383129271285], [-0.003026347233379316, 0.9998222170198382, -0.018611168043915157], [0.002442326205144871, 0.01861858784480415, 0.9998236760696223]], "center": [-0.0009054760280690956, -0.04886867107255082, 0.021654836110112045]}}, {"key": 7, "value": {"rotation": [[0.9999929674598534, 0.0030154757136649796, -0.0022297840831264205], [-0.003052636889300493, 0.9998532912804226, -0.016854593549801577], [0.002178632336845543, 0.01686128174034312, 0.9998554649244129]], "center": [-0.0016746724760190875, -0.061593943889457346, 0.021629448259259432]}}, {"key": 8, "value": {"rotation": [[0.9999944346814422, 0.003133331123528935, -0.001145793268303182], [-0.0031505159270884928, 0.9998777204362926, -0.015317259040595688], [0.0010976591167231836, 0.015320783635110639, 0.9998820274078687]], "center": [-0.004481274012688269, -0.07377464205110394, 0.020958580703846843]}}, {"key": 9, "value": {"rotation": [[0.9999957716977153, 0.0028521617481779304, -0.0005672389743114841], [-0.002859555397229506, 0.9999048991263817, -0.013491317429774408], [0.0005287056098837257, 0.013492882435676612, 0.9999088271407325]], "center": [-0.005592692002742646, -0.08674022737808798, 0.020529499738624914]}}], "structure": [], "control_points": []}