{"sfm_data_version": "0.3", "root_path": "/mnt/ST8000/jialei/SFM_E/ex_sea_12/6-3/images", "views": [{"key": 9, "value": {"polymorphic_id": 1073741824, "ptr_wrapper": {"id": 2147483649, "data": {"local_path": "", "filename": "087511_13303.979266.jpg", "width": 1920, "height": 1080, "id_view": 9, "id_intrinsic": 0, "id_pose": 9}}}}, {"key": 8, "value": {"polymorphic_id": 1073741824, "ptr_wrapper": {"id": 2147483650, "data": {"local_path": "", "filename": "087510_13303.879656.jpg", "width": 1920, "height": 1080, "id_view": 8, "id_intrinsic": 0, "id_pose": 8}}}}, {"key": 7, "value": {"polymorphic_id": 1073741824, "ptr_wrapper": {"id": 2147483651, "data": {"local_path": "", "filename": "087509_13303.781047.jpg", "width": 1920, "height": 1080, "id_view": 7, "id_intrinsic": 0, "id_pose": 7}}}}, {"key": 6, "value": {"polymorphic_id": 1073741824, "ptr_wrapper": {"id": 2147483652, "data": {"local_path": "", "filename": "087508_13303.679461.jpg", "width": 1920, "height": 1080, "id_view": 6, "id_intrinsic": 0, "id_pose": 6}}}}, {"key": 5, "value": {"polymorphic_id": 1073741824, "ptr_wrapper": {"id": 2147483653, "data": {"local_path": "", "filename": "087507_13303.580852.jpg", "width": 1920, "height": 1080, "id_view": 5, "id_intrinsic": 0, "id_pose": 5}}}}, {"key": 4, "value": {"polymorphic_id": 1073741824, "ptr_wrapper": {"id": 2147483654, "data": {"local_path": "", "filename": "087506_13303.479266.jpg", "width": 1920, "height": 1080, "id_view": 4, "id_intrinsic": 0, "id_pose": 4}}}}, {"key": 3, "value": {"polymorphic_id": 1073741824, "ptr_wrapper": {"id": 2147483655, "data": {"local_path": "", "filename": "087505_13303.379656.jpg", "width": 1920, "height": 1080, "id_view": 3, "id_intrinsic": 0, "id_pose": 3}}}}, {"key": 2, "value": {"polymorphic_id": 1073741824, "ptr_wrapper": {"id": 2147483656, "data": {"local_path": "", "filename": "087504_13303.248047.jpg", "width": 1920, "height": 1080, "id_view": 2, "id_intrinsic": 0, "id_pose": 2}}}}, {"key": 1, "value": {"polymorphic_id": 1073741824, "ptr_wrapper": {"id": 2147483657, "data": {"local_path": "", "filename": "087503_13303.179461.jpg", "width": 1920, "height": 1080, "id_view": 1, "id_intrinsic": 0, "id_pose": 1}}}}, {"key": 0, "value": {"polymorphic_id": 1073741824, "ptr_wrapper": {"id": 2147483658, "data": {"local_path": "", "filename": "087502_13303.047852.jpg", "width": 1920, "height": 1080, "id_view": 0, "id_intrinsic": 0, "id_pose": 0}}}}], "intrinsics": [{"key": 0, "value": {"polymorphic_id": 2147483649, "polymorphic_name": "pinhole_radial_k3", "ptr_wrapper": {"id": 2147483659, "data": {"width": 1920, "height": 1080, "focal_length": 1739.13, "principal_point": [960.0, 540.0], "disto_k3": [0.0, 0.0, 0.0]}}}}], "extrinsics": [{"key": 0, "value": {"rotation": [[0.9999999699913724, -0.00010579031244148293, 0.00022096530033287423], [0.00010578685757323166, 0.9999999942821565, 1.5646972045479277e-05], [-0.00022096695436749065, -1.5623596351180937e-05, 0.9999999754647538]], "center": [0.00020597110680204174, -4.220077045514232e-05, 0.00013260554203071482]}}, {"key": 1, "value": {"rotation": [[0.9999999696253473, 5.0752025005671156e-05, -0.0002411919079436211], [-5.082861496898479e-05, 0.9999999482884946, -0.00031755229488759923], [0.00024117577904921372, 0.00031756454469268104, 0.9999999204934986]], "center": [-0.0019795264105834224, -0.010791738459420802, 5.926668059131769e-05]}}, {"key": 2, "value": {"rotation": [[0.9999999890868168, -0.00014479726379660568, 2.9327784571418354e-05], [0.00014476925528707799, 0.9999995356284574, 0.0009527773778292806], [-2.9465730509754775e-05, -0.0009527731216699214, 0.9999995456774716]], "center": [-0.003050461065428575, -0.02267169415150103, 0.0002067247466918197]}}, {"key": 3, "value": {"rotation": [[0.9999992602253376, -0.0012163523207628431, -5.984125992214051e-06], [0.0012163515168656428, 0.9999992514586358, -0.00013255623307266754], [6.145356594551027e-06, 0.00013254885621019456, 0.9999999911965177]], "center": [-0.003887809739200063, -0.0324673996214769, 0.0008984417736533056]}}, {"key": 4, "value": {"rotation": [[0.9999981605138621, -0.0018464572307030414, 0.0005191960977439058], [0.0018463860739901562, 0.9999982859749624, 0.00013749764463405974], [-0.0005194490913489856, -0.00013653875526451603, 0.9999998557648948]], "center": [-0.0052386905064167825, -0.04354876303391784, 0.0010043535863217374]}}, {"key": 5, "value": {"rotation": [[0.9999973610808581, -0.002137681652956686, 0.0008415155800050784], [0.00213613692340012, 0.9999960398074089, 0.0018322905181680595], [-0.000845429101264938, -0.0018304880903994842, 0.999997967279427]], "center": [-0.0062458497759490025, -0.05585468072248376, 0.001173900880048777]}}, {"key": 6, "value": {"rotation": [[0.999995709480514, -0.002515615665435031, 0.0015008991933738302], [0.002511481414971564, 0.9999930647607342, 0.0027500711873992174], [-0.0015078069064389079, -0.002746289907735313, 0.9999950921929949]], "center": [-0.008114235462616725, -0.06732461444376306, 0.0010902742879224196]}}, {"key": 7, "value": {"rotation": [[0.9999948408551101, -0.0026679646104328415, 0.0017889181093100393], [0.002659806340537489, 0.9999861230864072, 0.004547423979299701], [-0.0018010256508934177, -0.004542642342750694, 0.9999880602822973]], "center": [-0.008884697898694846, -0.07973162861489914, 0.0011721456881299101]}}, {"key": 8, "value": {"rotation": [[0.9999920772060146, -0.0027090192378761415, 0.0029166316137633013], [0.0026910799882735705, 0.9999775466173153, 0.006137128784040295], [-0.0029331917254588075, -0.0061292312718643355, 0.9999769141886821]], "center": [-0.011727990650670699, -0.09167044387650902, 0.0007211397055858503]}}, {"key": 9, "value": {"rotation": [[0.9999886947449818, -0.0031853148240656745, 0.003530460550728546], [0.0031569490842252496, 0.9999629262304092, 0.008011231940051966], [-0.003555847959105236, -0.007999995886829413, 0.999961677271236]], "center": [-0.012872136563360299, -0.10435667339526032, 0.0004591661193083067]}}], "structure": [], "control_points": []}