{"sfm_data_version": "0.3", "root_path": "/mnt/ST8000/jialei/SFM_E/ex_sea_12/6-3/images", "views": [{"key": 9, "value": {"polymorphic_id": 1073741824, "ptr_wrapper": {"id": 2147483649, "data": {"local_path": "", "filename": "087511_13303.979266.jpg", "width": 1920, "height": 1080, "id_view": 9, "id_intrinsic": 0, "id_pose": 9}}}}, {"key": 8, "value": {"polymorphic_id": 1073741824, "ptr_wrapper": {"id": 2147483650, "data": {"local_path": "", "filename": "087510_13303.879656.jpg", "width": 1920, "height": 1080, "id_view": 8, "id_intrinsic": 0, "id_pose": 8}}}}, {"key": 7, "value": {"polymorphic_id": 1073741824, "ptr_wrapper": {"id": 2147483651, "data": {"local_path": "", "filename": "087509_13303.781047.jpg", "width": 1920, "height": 1080, "id_view": 7, "id_intrinsic": 0, "id_pose": 7}}}}, {"key": 6, "value": {"polymorphic_id": 1073741824, "ptr_wrapper": {"id": 2147483652, "data": {"local_path": "", "filename": "087508_13303.679461.jpg", "width": 1920, "height": 1080, "id_view": 6, "id_intrinsic": 0, "id_pose": 6}}}}, {"key": 5, "value": {"polymorphic_id": 1073741824, "ptr_wrapper": {"id": 2147483653, "data": {"local_path": "", "filename": "087507_13303.580852.jpg", "width": 1920, "height": 1080, "id_view": 5, "id_intrinsic": 0, "id_pose": 5}}}}, {"key": 4, "value": {"polymorphic_id": 1073741824, "ptr_wrapper": {"id": 2147483654, "data": {"local_path": "", "filename": "087506_13303.479266.jpg", "width": 1920, "height": 1080, "id_view": 4, "id_intrinsic": 0, "id_pose": 4}}}}, {"key": 3, "value": {"polymorphic_id": 1073741824, "ptr_wrapper": {"id": 2147483655, "data": {"local_path": "", "filename": "087505_13303.379656.jpg", "width": 1920, "height": 1080, "id_view": 3, "id_intrinsic": 0, "id_pose": 3}}}}, {"key": 2, "value": {"polymorphic_id": 1073741824, "ptr_wrapper": {"id": 2147483656, "data": {"local_path": "", "filename": "087504_13303.248047.jpg", "width": 1920, "height": 1080, "id_view": 2, "id_intrinsic": 0, "id_pose": 2}}}}, {"key": 1, "value": {"polymorphic_id": 1073741824, "ptr_wrapper": {"id": 2147483657, "data": {"local_path": "", "filename": "087503_13303.179461.jpg", "width": 1920, "height": 1080, "id_view": 1, "id_intrinsic": 0, "id_pose": 1}}}}, {"key": 0, "value": {"polymorphic_id": 1073741824, "ptr_wrapper": {"id": 2147483658, "data": {"local_path": "", "filename": "087502_13303.047852.jpg", "width": 1920, "height": 1080, "id_view": 0, "id_intrinsic": 0, "id_pose": 0}}}}], "intrinsics": [{"key": 0, "value": {"polymorphic_id": 2147483649, "polymorphic_name": "pinhole_radial_k3", "ptr_wrapper": {"id": 2147483659, "data": {"width": 1920, "height": 1080, "focal_length": 1739.13, "principal_point": [960.0, 540.0], "disto_k3": [0.0, 0.0, 0.0]}}}}], "extrinsics": [{"key": 0, "value": {"rotation": [[0.9999999885535575, 0.00014739350588244377, 3.417658805090349e-05], [-0.0001473919432830098, 0.9999999880926778, -4.571935276363708e-05], [-3.418332637964235e-05, 4.5714314886585546e-05, 0.9999999983708509]], "center": [102655.28827440763, -59731.174787442345, 609.3316321600636]}}, {"key": 1, "value": {"rotation": [[0.9999998622323054, 0.0003039074643127172, -0.0004279902145592628], [-0.00030406963127677225, 0.9999998819922508, -0.0003788893554160491], [0.00042787501674984135, 0.0003790194420440678, 0.999999836633603]], "center": [102653.94748817121, -59737.77807165807, 609.2872393350742]}}, {"key": 2, "value": {"rotation": [[0.9999999817308569, 0.00010837479531955644, -0.00015745853463108178], [-0.00010823439447160461, 0.9999995968422256, 0.0008914037813192937], [0.000157555076852789, -0.0008913867226049656, 0.9999995903029706]], "center": [102653.29152724044, -59745.075537481134, 609.378386518771]}}, {"key": 3, "value": {"rotation": [[0.9999995175720189, -0.0009631825777468143, -0.00019270457214309118], [0.0009631451677675007, 0.9999995173323558, -0.00019412995759917264], [0.00019289146172378087, 0.00019394426146798085, 0.9999999625892533]], "center": [102652.7787856282, -59751.092688376586, 609.8037413598779]}}, {"key": 4, "value": {"rotation": [[0.9999986754846293, -0.0015932555018821786, 0.00033251450163463754], [0.001593230378725104, 0.999998727934374, 7.580628668377691e-05], [-0.0003326348574377575, -7.527641407182522e-05, 0.9999999418437553]], "center": [102651.9507378476, -59757.89966116604, 609.8693706380265]}}, {"key": 5, "value": {"rotation": [[0.99999800998709, -0.0018844603282112103, 0.0006548519926140629], [0.0018832983353296573, 0.9999966591730607, 0.0017705451411867336], [-0.0006581863269448088, -0.0017693083361114783, 0.9999982181677982]], "center": [102651.33401995138, -59765.458764902694, 609.9740949418766]}}, {"key": 6, "value": {"rotation": [[0.999996577232262, -0.0022623542638999065, 0.001314259086702548], [0.002258814984318187, 0.9999938354986408, 0.0026882558626373067], [-0.0013203327720639282, -0.0026852779932435645, 0.9999955229917137]], "center": [102650.18813163068, -59772.50450600533, 609.9233736027209]}}, {"key": 7, "value": {"rotation": [[0.9999958009749459, -0.0024146857410468885, 0.001602287505411371], [0.002407477369002189, 0.9999870417224247, 0.004485581339261909], [-0.0016130980118253429, -0.004481705033285591, 0.9999886560530573]], "center": [102649.71681126337, -59780.1256751118, 609.974219328842]}}, {"key": 8, "value": {"rotation": [[0.9999932583542199, -0.0024556718320920836, 0.0027300040228650123], [0.0024390501111281188, 0.9999785707692866, 0.006075280797646329], [-0.00274486441690578, -0.006068581223639848, 0.9999778187746298]], "center": [102647.97211360563, -59787.459593823456, 609.6979634242265]}}, {"key": 9, "value": {"rotation": [[0.999990111133454, -0.002931930573133962, 0.0033438627988915566], [0.0029052729299984337, 0.9999641833854914, 0.007949297792233403], [-0.0033670498222787364, -0.007939504348617206, 0.9999628129316579]], "center": [102647.27126081703, -59795.25234302435, 609.5376545448003]}}], "structure": [], "control_points": []}