{"sfm_data_version": "0.3", "root_path": "/mnt/ST8000/jialei/SFM_E/ex_sea_12/6-3/images", "views": [{"key": 9, "value": {"polymorphic_id": 1073741824, "ptr_wrapper": {"id": 2147483649, "data": {"local_path": "", "filename": "087511_13303.979266.jpg", "width": 1920, "height": 1080, "id_view": 9, "id_intrinsic": 0, "id_pose": 9}}}}, {"key": 8, "value": {"polymorphic_id": 1073741824, "ptr_wrapper": {"id": 2147483650, "data": {"local_path": "", "filename": "087510_13303.879656.jpg", "width": 1920, "height": 1080, "id_view": 8, "id_intrinsic": 0, "id_pose": 8}}}}, {"key": 7, "value": {"polymorphic_id": 1073741824, "ptr_wrapper": {"id": 2147483651, "data": {"local_path": "", "filename": "087509_13303.781047.jpg", "width": 1920, "height": 1080, "id_view": 7, "id_intrinsic": 0, "id_pose": 7}}}}, {"key": 6, "value": {"polymorphic_id": 1073741824, "ptr_wrapper": {"id": 2147483652, "data": {"local_path": "", "filename": "087508_13303.679461.jpg", "width": 1920, "height": 1080, "id_view": 6, "id_intrinsic": 0, "id_pose": 6}}}}, {"key": 5, "value": {"polymorphic_id": 1073741824, "ptr_wrapper": {"id": 2147483653, "data": {"local_path": "", "filename": "087507_13303.580852.jpg", "width": 1920, "height": 1080, "id_view": 5, "id_intrinsic": 0, "id_pose": 5}}}}, {"key": 4, "value": {"polymorphic_id": 1073741824, "ptr_wrapper": {"id": 2147483654, "data": {"local_path": "", "filename": "087506_13303.479266.jpg", "width": 1920, "height": 1080, "id_view": 4, "id_intrinsic": 0, "id_pose": 4}}}}, {"key": 3, "value": {"polymorphic_id": 1073741824, "ptr_wrapper": {"id": 2147483655, "data": {"local_path": "", "filename": "087505_13303.379656.jpg", "width": 1920, "height": 1080, "id_view": 3, "id_intrinsic": 0, "id_pose": 3}}}}, {"key": 2, "value": {"polymorphic_id": 1073741824, "ptr_wrapper": {"id": 2147483656, "data": {"local_path": "", "filename": "087504_13303.248047.jpg", "width": 1920, "height": 1080, "id_view": 2, "id_intrinsic": 0, "id_pose": 2}}}}, {"key": 1, "value": {"polymorphic_id": 1073741824, "ptr_wrapper": {"id": 2147483657, "data": {"local_path": "", "filename": "087503_13303.179461.jpg", "width": 1920, "height": 1080, "id_view": 1, "id_intrinsic": 0, "id_pose": 1}}}}, {"key": 0, "value": {"polymorphic_id": 1073741824, "ptr_wrapper": {"id": 2147483658, "data": {"local_path": "", "filename": "087502_13303.047852.jpg", "width": 1920, "height": 1080, "id_view": 0, "id_intrinsic": 0, "id_pose": 0}}}}], "intrinsics": [{"key": 0, "value": {"polymorphic_id": 2147483649, "polymorphic_name": "pinhole_radial_k3", "ptr_wrapper": {"id": 2147483659, "data": {"width": 1920, "height": 1080, "focal_length": 1739.13, "principal_point": [960.0, 540.0], "disto_k3": [0.0, 0.0, 0.0]}}}}], "extrinsics": [{"key": 0, "value": {"rotation": [[0.9999999631105311, -0.0001794835526550086, 0.00020387395837684986], [0.0001794757009701299, 0.9999999831519524, 3.853008869336202e-05], [-0.00020388087045917098, -3.8493496850436884e-05, 0.9999999784754204]], "center": [0.0002279073320619655, -6.515948919419999e-05, 0.00010199111984973931]}}, {"key": 1, "value": {"rotation": [[0.999999967881291, -2.026000788132598e-06, -0.00025344291732174666], [1.954965598841315e-06, 0.9999999607194372, -0.0002802807561742648], [0.000253443475215399, 0.00028028025169982417, 0.9999999286046901]], "center": [-0.002043786111038336, -0.011382153031214258, 7.715796345044852e-05]}}, {"key": 2, "value": {"rotation": [[0.9999999658533134, -0.00026076769001272704, 1.713427655966418e-05], [0.00026075175293592475, 0.9999995394497646, 0.0009236388806718644], [-1.737512384576387e-05, -0.0009236343813399998, 0.9999995732987264]], "center": [-0.0031397873935296357, -0.023773746118509895, 0.00028131145956556834]}}, {"key": 3, "value": {"rotation": [[0.9999991878651846, -0.001274461786970446, 4.015532586978635e-06], [0.0012744621141733612, 0.9999991844644557, -8.256357213175819e-05], [-3.9103051945007825e-06, 8.256862272315914e-05, 0.9999999965835661]], "center": [-0.003977983621930243, -0.03416146235479357, 0.0009170638862088979]}}, {"key": 4, "value": {"rotation": [[0.9999980143570767, -0.0019200701385433574, 0.0005334909246612076], [0.0019199725367758534, 0.9999981400329976, 0.0001834012085186582], [-0.0005338420755695469, -0.0001823765564253515, 0.9999998408757023]], "center": [-0.005338818152586415, -0.0457753421362392, 0.0010794885930832912]}}, {"key": 5, "value": {"rotation": [[0.9999969948916843, -0.0022959336394671992, 0.0008595907885480905], [0.0022943926112491205, 0.999995766787499, 0.0017894607084695004], [-0.000863695632754673, -0.0017874830921922665, 0.999998029465083]], "center": [-0.006363205036749791, -0.05857344503165408, 0.0013212056684526853]}}, {"key": 6, "value": {"rotation": [[0.9999951531096863, -0.002720636994723806, 0.0015138994279979233], [0.002716596130970897, 0.9999927592846272, 0.002664860930470615], [-0.0015211385855162314, -0.0026607353608531707, 0.9999953033013421]], "center": [-0.00827597945027285, -0.07058432352824323, 0.0013196425304265018]}}, {"key": 7, "value": {"rotation": [[0.9999939782064148, -0.002962686821823423, 0.0018072182226611692], [0.0029547678729139543, 0.9999860909858563, 0.004368887918360843], [-0.001820136732699093, -0.004363521699475889, 0.9999888233278672]], "center": [-0.009061999105016951, -0.08345718821084111, 0.0014751963953908197]}}, {"key": 8, "value": {"rotation": [[0.9999909999596177, -0.0030810731480359795, 0.0029166741367822355], [0.0030638552632377544, 0.9999779634291606, 0.005889435201579924], [-0.0029347556439426443, -0.005880445929020135, 0.9999784035492898]], "center": [-0.01199437669164567, -0.09590388871433429, 0.0011532614010694908]}}, {"key": 9, "value": {"rotation": [[0.9999871072408444, -0.0036513019654939413, 0.00352892987244067], [0.0036241253135301608, 0.9999639636034229, 0.007677057394818286], [-0.003556833957279161, -0.007664169132285891, 0.999964304084757]], "center": [-0.01315296018829725, -0.10909415193121116, 0.0010002429743570557]}}], "structure": [], "control_points": []}