{"sfm_data_version": "0.3", "root_path": "/mnt/ST8000/jialei/SFM_E/ex_sea_12/6-3/images", "views": [{"key": 9, "value": {"polymorphic_id": 1073741824, "ptr_wrapper": {"id": 2147483649, "data": {"local_path": "", "filename": "087511_13303.979266.jpg", "width": 1920, "height": 1080, "id_view": 9, "id_intrinsic": 0, "id_pose": 9}}}}, {"key": 8, "value": {"polymorphic_id": 1073741824, "ptr_wrapper": {"id": 2147483650, "data": {"local_path": "", "filename": "087510_13303.879656.jpg", "width": 1920, "height": 1080, "id_view": 8, "id_intrinsic": 0, "id_pose": 8}}}}, {"key": 7, "value": {"polymorphic_id": 1073741824, "ptr_wrapper": {"id": 2147483651, "data": {"local_path": "", "filename": "087509_13303.781047.jpg", "width": 1920, "height": 1080, "id_view": 7, "id_intrinsic": 0, "id_pose": 7}}}}, {"key": 6, "value": {"polymorphic_id": 1073741824, "ptr_wrapper": {"id": 2147483652, "data": {"local_path": "", "filename": "087508_13303.679461.jpg", "width": 1920, "height": 1080, "id_view": 6, "id_intrinsic": 0, "id_pose": 6}}}}, {"key": 5, "value": {"polymorphic_id": 1073741824, "ptr_wrapper": {"id": 2147483653, "data": {"local_path": "", "filename": "087507_13303.580852.jpg", "width": 1920, "height": 1080, "id_view": 5, "id_intrinsic": 0, "id_pose": 5}}}}, {"key": 4, "value": {"polymorphic_id": 1073741824, "ptr_wrapper": {"id": 2147483654, "data": {"local_path": "", "filename": "087506_13303.479266.jpg", "width": 1920, "height": 1080, "id_view": 4, "id_intrinsic": 0, "id_pose": 4}}}}, {"key": 3, "value": {"polymorphic_id": 1073741824, "ptr_wrapper": {"id": 2147483655, "data": {"local_path": "", "filename": "087505_13303.379656.jpg", "width": 1920, "height": 1080, "id_view": 3, "id_intrinsic": 0, "id_pose": 3}}}}, {"key": 2, "value": {"polymorphic_id": 1073741824, "ptr_wrapper": {"id": 2147483656, "data": {"local_path": "", "filename": "087504_13303.248047.jpg", "width": 1920, "height": 1080, "id_view": 2, "id_intrinsic": 0, "id_pose": 2}}}}, {"key": 1, "value": {"polymorphic_id": 1073741824, "ptr_wrapper": {"id": 2147483657, "data": {"local_path": "", "filename": "087503_13303.179461.jpg", "width": 1920, "height": 1080, "id_view": 1, "id_intrinsic": 0, "id_pose": 1}}}}, {"key": 0, "value": {"polymorphic_id": 1073741824, "ptr_wrapper": {"id": 2147483658, "data": {"local_path": "", "filename": "087502_13303.047852.jpg", "width": 1920, "height": 1080, "id_view": 0, "id_intrinsic": 0, "id_pose": 0}}}}], "intrinsics": [{"key": 0, "value": {"polymorphic_id": 2147483649, "polymorphic_name": "pinhole_radial_k3", "ptr_wrapper": {"id": 2147483659, "data": {"width": 1920, "height": 1080, "focal_length": 1739.13, "principal_point": [960.0, 540.0], "disto_k3": [0.0, 0.0, 0.0]}}}}], "extrinsics": [{"key": 0, "value": {"rotation": [[1.0, 4.5690513083293e-14, 1.585688939247266e-14], [-4.569042471523212e-14, 0.9999999999999999, 5.440249214821847e-15], [-1.585674670677494e-14, -5.440215915948868e-15, 1.0000000000000002]], "center": [102655.28827440468, -59731.1747874578, 609.3316321519918]}}, {"key": 1, "value": {"rotation": [[0.9999998796850463, 0.0001774399293192095, -0.00045732369777356585], [-0.00017758572207097743, 0.9999999334230165, -0.00031877464405436206], [0.0004572671039760202, 0.0003188558198601134, 0.999999844618869]], "center": [102653.89488966728, -59738.12272026014, 609.3169384619828]}}, {"key": 2, "value": {"rotation": [[0.9999999792605899, -8.12913305467881e-05, -0.00018673654943035165], [8.145657919211978e-05, 0.9999996049882163, 0.0008850922193797759], [0.00018666452534306477, -0.0008851074119439843, 0.9999995908705287]], "center": [102653.2234280567, -59745.73023181725, 609.4427015491959]}}, {"key": 3, "value": {"rotation": [[0.9999993805393375, -0.001094986055522074, -0.00019981611387324185], [0.001094961828271378, 0.9999993931702212, -0.0001213168742519627], [0.00019994883290446627, 0.0001210980080835873, 0.9999999726778682]], "center": [102652.71007027329, -59752.10749296322, 609.8333504437074]}}, {"key": 4, "value": {"rotation": [[0.9999984308535975, -0.0017405742061001206, 0.00032968435778315094], [0.0017405266378122182, 0.999998474839863, 0.0001445163336506523], [-0.0003299353963644324, -0.00014394228247653073, 0.9999999352116248]], "center": [102651.8759324152, -59759.23758414833, 609.9335103344739]}}, {"key": 5, "value": {"rotation": [[0.9999975453328293, -0.0021164253190039855, 0.0006557988908008499], [0.0021152745581394794, 0.9999962306753247, 0.0017504995532955623], [-0.0006595012204573866, -0.0017491080616927543, 0.9999982528380382]], "center": [102651.24848551319, -59767.0946497479, 610.0823349418199]}}, {"key": 6, "value": {"rotation": [[0.9999959131746585, -0.002541103787090378, 0.001310124239988347], [0.0025376570733921014, 0.9999933326770244, 0.0026258137930022527], [-0.0013167879703404335, -0.002622478415715218, 0.999995694328931]], "center": [102650.07552622913, -59774.46852943718, 610.0818985586469]}}, {"key": 7, "value": {"rotation": [[0.999994841515457, -0.002783142519379344, 0.0016034525852225868], [0.0027761774101262592, 0.9999867727807172, 0.004329792442238092], [-0.0016154818054497082, -0.004325318638225332, 0.9999893408617986]], "center": [102649.59441420225, -59782.37146825832, 610.1777981354901]}}, {"key": 8, "value": {"rotation": [[0.9999921107063371, -0.002901486630685487, 0.002712913639774305], [0.002885576255182139, 0.9999787233895159, 0.005850317764754017], [-0.002729830536947167, -0.00584244329069782, 0.9999792067246374]], "center": [102647.7955122878, -59790.01302591432, 609.9808183056052]}}, {"key": 9, "value": {"rotation": [[0.9999884451574017, -0.0034716925469168427, 0.0033251921060062704], [0.00344621324715753, 0.9999648929961158, 0.007637826230071274], [-0.0033515915528716336, -0.007626278655106313, 0.9999653027520196]], "center": [102647.08567376323, -59798.110869081356, 609.8873345899675]}}], "structure": [], "control_points": []}