{"sfm_data_version": "0.3", "root_path": "/mnt/ST8000/jialei/SFM_E/ex_sea_12/1-2/images", "views": [{"key": 9, "value": {"polymorphic_id": 1073741824, "ptr_wrapper": {"id": 2147483649, "data": {"local_path": "", "filename": "038735_11734.566406.jpg", "width": 1920, "height": 1080, "id_view": 9, "id_intrinsic": 0, "id_pose": 9}}}}, {"key": 8, "value": {"polymorphic_id": 1073741824, "ptr_wrapper": {"id": 2147483650, "data": {"local_path": "", "filename": "038734_11734.465820.jpg", "width": 1920, "height": 1080, "id_view": 8, "id_intrinsic": 0, "id_pose": 8}}}}, {"key": 7, "value": {"polymorphic_id": 1073741824, "ptr_wrapper": {"id": 2147483651, "data": {"local_path": "", "filename": "038733_11734.399211.jpg", "width": 1920, "height": 1080, "id_view": 7, "id_intrinsic": 0, "id_pose": 7}}}}, {"key": 6, "value": {"polymorphic_id": 1073741824, "ptr_wrapper": {"id": 2147483652, "data": {"local_path": "", "filename": "038732_11734.299602.jpg", "width": 1920, "height": 1080, "id_view": 6, "id_intrinsic": 0, "id_pose": 6}}}}, {"key": 5, "value": {"polymorphic_id": 1073741824, "ptr_wrapper": {"id": 2147483653, "data": {"local_path": "", "filename": "038731_11734.198016.jpg", "width": 1920, "height": 1080, "id_view": 5, "id_intrinsic": 0, "id_pose": 5}}}}, {"key": 4, "value": {"polymorphic_id": 1073741824, "ptr_wrapper": {"id": 2147483654, "data": {"local_path": "", "filename": "038730_11734.100406.jpg", "width": 1920, "height": 1080, "id_view": 4, "id_intrinsic": 0, "id_pose": 4}}}}, {"key": 3, "value": {"polymorphic_id": 1073741824, "ptr_wrapper": {"id": 2147483655, "data": {"local_path": "", "filename": "038729_11733.998820.jpg", "width": 1920, "height": 1080, "id_view": 3, "id_intrinsic": 0, "id_pose": 3}}}}, {"key": 2, "value": {"polymorphic_id": 1073741824, "ptr_wrapper": {"id": 2147483656, "data": {"local_path": "", "filename": "038728_11733.899211.jpg", "width": 1920, "height": 1080, "id_view": 2, "id_intrinsic": 0, "id_pose": 2}}}}, {"key": 1, "value": {"polymorphic_id": 1073741824, "ptr_wrapper": {"id": 2147483657, "data": {"local_path": "", "filename": "038727_11733.798602.jpg", "width": 1920, "height": 1080, "id_view": 1, "id_intrinsic": 0, "id_pose": 1}}}}, {"key": 0, "value": {"polymorphic_id": 1073741824, "ptr_wrapper": {"id": 2147483658, "data": {"local_path": "", "filename": "038726_11733.699016.jpg", "width": 1920, "height": 1080, "id_view": 0, "id_intrinsic": 0, "id_pose": 0}}}}], "intrinsics": [{"key": 0, "value": {"polymorphic_id": 2147483649, "polymorphic_name": "pinhole_radial_k3", "ptr_wrapper": {"id": 2147483659, "data": {"width": 1920, "height": 1080, "focal_length": 1739.13, "principal_point": [960.0, 540.0], "disto_k3": [0.0, 0.0, 0.0]}}}}], "extrinsics": [{"key": 0, "value": {"rotation": [[0.999999951856151, -0.0003017005852479452, 7.255655207185259e-05], [0.0003016920493758453, 0.9999999475729455, 0.00011762658506971283], [-7.259203627748243e-05, -0.00011760468967182607, 0.9999999904497664]], "center": [102655.28827441702, -59731.174787488475, 609.3316320794809]}}, {"key": 1, "value": {"rotation": [[0.9999992526069151, 0.0010415830160718867, 0.0006402268602341942], [-0.0010422390421041781, 0.9999989313514727, 0.0010251993425583038], [-0.0006391583458334062, -0.0010258658457609445, 0.9999992695376708]], "center": [102655.39465293844, -59737.25582716264, 610.362466092817]}}, {"key": 2, "value": {"rotation": [[0.9999997458012985, 0.00015510706909971014, 0.0006959447797130647], [-0.00015610122402266824, 0.9999989672666902, 0.001428669997243813], [-0.0006957224641717207, -0.0014287782719097407, 0.9999987372806539]], "center": [102655.44855685504, -59744.01709476557, 610.8831114168552]}}, {"key": 3, "value": {"rotation": [[0.9999955593172454, -0.0013835285134253434, 0.0026395444007262354], [0.0013803778632722774, 0.9999983331657532, 0.0011950827043146102], [-0.0026411934320405292, -0.0011914338286716005, 0.9999958022825327]], "center": [102654.30227038274, -59750.23485516903, 610.3863760178226]}}, {"key": 4, "value": {"rotation": [[0.9999932644269393, -0.00233559392803921, 0.002831272109552279], [0.0023322321171262163, 0.9999965721647074, 0.0011901059563256232], [-0.0028340420086631134, -0.001183494756533816, 0.9999952837619057]], "center": [102654.71056587229, -59756.685654827605, 610.9960670940518]}}, {"key": 5, "value": {"rotation": [[0.9999894813986488, -0.003695592982005258, 0.002716557485849796], [0.003695280044049338, 0.9999931652045113, 0.00012020673704982771], [-0.0027169831539087226, -0.0001101670319771466, 0.9999963029260492]], "center": [102655.00037193902, -59762.52380262291, 612.0177111460087]}}, {"key": 6, "value": {"rotation": [[0.9999837553432732, -0.004962856287374511, 0.0028034098946391694], [0.004962257436522636, 0.9999876636076318, 0.00022053046160524194], [-0.002804469771662624, -0.0002066156375663349, 0.9999960461218226]], "center": [102655.45021048968, -59769.22866449402, 612.7755136406902]}}, {"key": 7, "value": {"rotation": [[0.9999719472887447, -0.006753093646767346, 0.0032404261689332227], [0.006752734193509871, 0.9999771926059284, 0.00012185597555522808], [-0.0032411751680709155, -9.997082057224537e-05, 0.9999947423808614]], "center": [102655.34581220329, -59776.01612212488, 613.3558097348238]}}, {"key": 8, "value": {"rotation": [[0.9999660905124256, -0.007237948417744871, 0.003928094703506715], [0.007236600335683693, 0.9999737516335762, 0.00035729463113781245], [-0.003930577677547634, -0.00032885646400997756, 0.9999922211760186]], "center": [102654.59660958033, -59782.41933913554, 613.368300552051]}}, {"key": 9, "value": {"rotation": [[0.9999526489826246, -0.008562981699249465, 0.004623325324071059], [0.008562438107597041, 0.9999633322210858, 0.00013735704147393958], [-0.004624331982832553, -9.776360053962644e-05, 0.9999893029407819]], "center": [102654.66378524416, -59788.97265531578, 613.7140122322957]}}], "structure": [], "control_points": []}