{"sfm_data_version": "0.3", "root_path": "/mnt/ST8000/jialei/SFM_E/ex_sea_12/1-2/images", "views": [{"key": 9, "value": {"polymorphic_id": 1073741824, "ptr_wrapper": {"id": 2147483649, "data": {"local_path": "", "filename": "038735_11734.566406.jpg", "width": 1920, "height": 1080, "id_view": 9, "id_intrinsic": 0, "id_pose": 9}}}}, {"key": 8, "value": {"polymorphic_id": 1073741824, "ptr_wrapper": {"id": 2147483650, "data": {"local_path": "", "filename": "038734_11734.465820.jpg", "width": 1920, "height": 1080, "id_view": 8, "id_intrinsic": 0, "id_pose": 8}}}}, {"key": 7, "value": {"polymorphic_id": 1073741824, "ptr_wrapper": {"id": 2147483651, "data": {"local_path": "", "filename": "038733_11734.399211.jpg", "width": 1920, "height": 1080, "id_view": 7, "id_intrinsic": 0, "id_pose": 7}}}}, {"key": 6, "value": {"polymorphic_id": 1073741824, "ptr_wrapper": {"id": 2147483652, "data": {"local_path": "", "filename": "038732_11734.299602.jpg", "width": 1920, "height": 1080, "id_view": 6, "id_intrinsic": 0, "id_pose": 6}}}}, {"key": 5, "value": {"polymorphic_id": 1073741824, "ptr_wrapper": {"id": 2147483653, "data": {"local_path": "", "filename": "038731_11734.198016.jpg", "width": 1920, "height": 1080, "id_view": 5, "id_intrinsic": 0, "id_pose": 5}}}}, {"key": 4, "value": {"polymorphic_id": 1073741824, "ptr_wrapper": {"id": 2147483654, "data": {"local_path": "", "filename": "038730_11734.100406.jpg", "width": 1920, "height": 1080, "id_view": 4, "id_intrinsic": 0, "id_pose": 4}}}}, {"key": 3, "value": {"polymorphic_id": 1073741824, "ptr_wrapper": {"id": 2147483655, "data": {"local_path": "", "filename": "038729_11733.998820.jpg", "width": 1920, "height": 1080, "id_view": 3, "id_intrinsic": 0, "id_pose": 3}}}}, {"key": 2, "value": {"polymorphic_id": 1073741824, "ptr_wrapper": {"id": 2147483656, "data": {"local_path": "", "filename": "038728_11733.899211.jpg", "width": 1920, "height": 1080, "id_view": 2, "id_intrinsic": 0, "id_pose": 2}}}}, {"key": 1, "value": {"polymorphic_id": 1073741824, "ptr_wrapper": {"id": 2147483657, "data": {"local_path": "", "filename": "038727_11733.798602.jpg", "width": 1920, "height": 1080, "id_view": 1, "id_intrinsic": 0, "id_pose": 1}}}}, {"key": 0, "value": {"polymorphic_id": 1073741824, "ptr_wrapper": {"id": 2147483658, "data": {"local_path": "", "filename": "038726_11733.699016.jpg", "width": 1920, "height": 1080, "id_view": 0, "id_intrinsic": 0, "id_pose": 0}}}}], "intrinsics": [{"key": 0, "value": {"polymorphic_id": 2147483649, "polymorphic_name": "pinhole_radial_k3", "ptr_wrapper": {"id": 2147483659, "data": {"width": 1920, "height": 1080, "focal_length": 1739.13, "principal_point": [960.0, 540.0], "disto_k3": [0.0, 0.0, 0.0]}}}}], "extrinsics": [{"key": 0, "value": {"rotation": [[0.9999990777484868, -0.0013572284966890894, -4.9325282848916916e-05], [0.0013572328994839121, 0.9999990749684667, 8.933681937662474e-05], [4.920398674441347e-05, -8.940368288226674e-05, 0.9999999947929745]], "center": [-0.00033766313676954115, -0.0010493278506595821, 0.0005674812902368263]}}, {"key": 1, "value": {"rotation": [[0.9999998655818302, -1.3928940787197348e-05, 0.0005183071543195392], [1.3412145382859048e-05, 0.9999995028322404, 0.0009970734107224188], [-0.0005183207848104309, -0.000997066325086729, 0.9999993686009544]], "center": [-0.00017910766795259278, -0.010683044378903255, 0.002200781325868105]}}, {"key": 2, "value": {"rotation": [[0.9999994298700087, -0.0009004033471307851, 0.0005740500588452566], [0.0008995986923382384, 0.9999986147495724, 0.0014004360495736027], [-0.0005753102209486405, -0.0013999188364607568, 0.9999988546220446]], "center": [-0.00010491847604386396, -0.021394313146787587, 0.003025880446726703]}}, {"key": 3, "value": {"rotation": [[0.9999938562812218, -0.0024389789905414926, 0.0025176936459966773], [0.002436047763988737, 0.9999963522794717, 0.001166661494392628], [-0.0025205299250277533, -0.001160521104775791, 0.9999961500524203]], "center": [-0.0019313588535273232, -0.031242596077358017, 0.002239451314513265]}}, {"key": 4, "value": {"rotation": [[0.9999905798371779, -0.0033910360598726342, 0.0027094485317443393], [0.0033878990149708394, 0.9999935864285566, 0.001161568774334513], [-0.0027133700761023745, -0.001152378494155752, 0.999995654813878]], "center": [-0.00129520609405178, -0.04146261008640161, 0.0032055344871480705]}}, {"key": 5, "value": {"rotation": [[0.9999853473096418, -0.004751033588853358, 0.0025947727940981245], [0.0047508121340756266, 0.999988710641862, 9.150351728225138e-05], [-0.0025951782370628148, -7.917489843421451e-05, 0.9999966293849465]], "center": [-0.0008456602834274448, -0.05071184437125513, 0.004824229484554334]}}, {"key": 6, "value": {"rotation": [[0.9999782942162557, -0.006018287701075349, 0.002681661704139783], [0.006017795235736978, 0.9999818745367219, 0.0001916729641531764], [-0.0026827666408217794, -0.00017553111271427014, 0.9999963859694594]], "center": [-0.0001440912238031447, -0.06133440666908014, 0.006024954281835388]}}, {"key": 7, "value": {"rotation": [[0.9999646498060744, -0.007808499307926166, 0.0031187299938644545], [0.007808247899171491, 0.9999695108634656, 9.278053284875897e-05], [-0.00311935938320634, -6.842543611626888e-05, 0.9999951324456529]], "center": [-0.0003207166924899368, -0.07208689831950424, 0.006944583959743716]}}, {"key": 8, "value": {"rotation": [[0.9999583650965171, -0.00829332828639992, 0.003806412935538052], [0.00829213884087289, 0.9999655657792715, 0.0003281603051858798], [-0.003809003405816247, -0.0002965833377160846, 0.9999927017390572]], "center": [-0.0015183085002992368, -0.08222962295779047, 0.006964803194461945]}}, {"key": 9, "value": {"rotation": [[0.9999436097288503, -0.009618327088413777, 0.004501682625209165], [0.009617938051564457, 0.9999537407252247, 0.00010806140477436666], [-0.004502513750572326, -6.475840654537367e-05, 0.9999898615367433]], "center": [-0.0014227802615300205, -0.09261148501655092, 0.007512760370391874]}}], "structure": [], "control_points": []}