{"sfm_data_version": "0.3", "root_path": "/mnt/ST8000/jialei/SFM_E/ex_sea_12/1-5/images", "views": [{"key": 9, "value": {"polymorphic_id": 1073741824, "ptr_wrapper": {"id": 2147483649, "data": {"local_path": "", "filename": "075418_15357.965820.jpg", "width": 1920, "height": 1080, "id_view": 9, "id_intrinsic": 0, "id_pose": 9}}}}, {"key": 8, "value": {"polymorphic_id": 1073741824, "ptr_wrapper": {"id": 2147483650, "data": {"local_path": "", "filename": "075417_15357.866211.jpg", "width": 1920, "height": 1080, "id_view": 8, "id_intrinsic": 0, "id_pose": 8}}}}, {"key": 7, "value": {"polymorphic_id": 1073741824, "ptr_wrapper": {"id": 2147483651, "data": {"local_path": "", "filename": "075416_15357.766602.jpg", "width": 1920, "height": 1080, "id_view": 7, "id_intrinsic": 0, "id_pose": 7}}}}, {"key": 6, "value": {"polymorphic_id": 1073741824, "ptr_wrapper": {"id": 2147483652, "data": {"local_path": "", "filename": "075415_15357.666016.jpg", "width": 1920, "height": 1080, "id_view": 6, "id_intrinsic": 0, "id_pose": 6}}}}, {"key": 5, "value": {"polymorphic_id": 1073741824, "ptr_wrapper": {"id": 2147483653, "data": {"local_path": "", "filename": "075414_15357.566406.jpg", "width": 1920, "height": 1080, "id_view": 5, "id_intrinsic": 0, "id_pose": 5}}}}, {"key": 4, "value": {"polymorphic_id": 1073741824, "ptr_wrapper": {"id": 2147483654, "data": {"local_path": "", "filename": "075413_15357.497820.jpg", "width": 1920, "height": 1080, "id_view": 4, "id_intrinsic": 0, "id_pose": 4}}}}, {"key": 3, "value": {"polymorphic_id": 1073741824, "ptr_wrapper": {"id": 2147483655, "data": {"local_path": "", "filename": "075412_15357.398211.jpg", "width": 1920, "height": 1080, "id_view": 3, "id_intrinsic": 0, "id_pose": 3}}}}, {"key": 2, "value": {"polymorphic_id": 1073741824, "ptr_wrapper": {"id": 2147483656, "data": {"local_path": "", "filename": "075411_15357.299602.jpg", "width": 1920, "height": 1080, "id_view": 2, "id_intrinsic": 0, "id_pose": 2}}}}, {"key": 1, "value": {"polymorphic_id": 1073741824, "ptr_wrapper": {"id": 2147483657, "data": {"local_path": "", "filename": "075410_15357.198016.jpg", "width": 1920, "height": 1080, "id_view": 1, "id_intrinsic": 0, "id_pose": 1}}}}, {"key": 0, "value": {"polymorphic_id": 1073741824, "ptr_wrapper": {"id": 2147483658, "data": {"local_path": "", "filename": "075409_15357.099406.jpg", "width": 1920, "height": 1080, "id_view": 0, "id_intrinsic": 0, "id_pose": 0}}}}], "intrinsics": [{"key": 0, "value": {"polymorphic_id": 2147483649, "polymorphic_name": "pinhole_radial_k3", "ptr_wrapper": {"id": 2147483659, "data": {"width": 1920, "height": 1080, "focal_length": 1739.13, "principal_point": [960.0, 540.0], "disto_k3": [0.0, 0.0, 0.0]}}}}], "extrinsics": [{"key": 0, "value": {"rotation": [[0.9999998723932555, -0.00038927885217898917, 0.0003219867201515963], [0.00038933014684328684, 0.9999999115292307, -0.00015925943437641488], [-0.00032192469533535073, 0.00015938477319091553, 0.9999999354804902]], "center": [0.00023332320707040012, -0.000509247061365594, 0.000291139385615376]}}, {"key": 1, "value": {"rotation": [[0.9999995186570446, 0.00012416138539334185, 0.0009732777761545375], [-0.0001242160468266196, 0.9999999907114716, 5.6101965313899125e-05], [-0.0009732708014164829, -5.6222835027424036e-05, 0.9999995247913571]], "center": [-0.0001284519961374293, -0.011202474131328436, 0.0010740732812692267]}}, {"key": 2, "value": {"rotation": [[0.9999987478632925, -0.0010618674691706736, 0.0011733325723739295], [0.0010622285950069082, 0.9999993886498356, -0.00030719760291915557], [-0.0011730056519157388, 0.00030844356567557733, 0.9999992644598832]], "center": [0.0007367832998680698, -0.022232422525302827, 0.0017923948106071614]}}, {"key": 3, "value": {"rotation": [[0.9999987316151562, -0.0015926063139313068, 1.93185931819919e-05], [0.001592621162169838, 0.999998416074988, -0.0007946101871429515], [-1.8053061381642104e-05, 0.0007946399464717286, 0.9999996841106712]], "center": [0.0007929173769170638, -0.03242095391207536, 0.0028681646177279945]}}, {"key": 4, "value": {"rotation": [[0.9999966965341758, -0.001901658282238673, 0.0017293399070470205], [0.0019002410204465824, 0.9999978576724996, 0.0008208133015190648], [-0.0017308971086475822, -0.0008175244273607427, 0.9999981678228264]], "center": [0.00030498314931735, -0.044720607822957385, 0.0017327898258690528]}}, {"key": 5, "value": {"rotation": [[0.9999954706861384, -0.002659760627519596, 0.0014086449565999287], [0.002658591999542811, 0.999996120793202, 0.0008308351990456924], [-0.0014108493149252142, -0.0008270864237205365, 0.9999986627152349]], "center": [0.0006785897175595896, -0.05573967783734863, 0.002423699304678926]}}, {"key": 6, "value": {"rotation": [[0.9999927170290324, -0.003201386638148045, 0.0020777421610435162], [0.0031979743704350443, 0.9999935358378438, 0.001643545695544048], [-0.002082990355410125, -0.0016368891594691496, 0.9999964908663725]], "center": [-0.00041522025728614963, -0.06727934701159138, 0.0022289368825002265]}}, {"key": 7, "value": {"rotation": [[0.9999881866321821, -0.004627712152421278, 0.001486901582174281], [0.004627465265182819, 0.9999892788703777, 0.00016943884448401478], [-0.00148766975510932, -0.0001625562574164796, 0.9999988802064546]], "center": [0.00038794719561286556, -0.07723491125469639, 0.0039701829557558625]}}, {"key": 8, "value": {"rotation": [[0.9999822900014125, -0.0058240401396374855, 0.0012248428402546778], [0.005824675856512279, 0.9999829032529367, -0.0005160939786635805], [-0.0012218161473787836, 0.0005232191511594788, 0.9999991167031208]], "center": [0.00038266444566242624, -0.08743283553304516, 0.004977187033731395]}}, {"key": 9, "value": {"rotation": [[0.9999762555949898, -0.00689040457040709, 0.00010281575768134405], [0.006890571742459426, 0.9999747712290328, -0.0017253772069626802], [-9.092461677351429e-05, 0.0017260446982619126, 0.999998506250091]], "center": [0.0009981722722222966, -0.09746498872721283, 0.006799975930542105]}}], "structure": [], "control_points": []}