{"sfm_data_version": "0.3", "root_path": "/mnt/ST8000/jialei/SFM_E/ex_sea_12/1-5/images", "views": [{"key": 9, "value": {"polymorphic_id": 1073741824, "ptr_wrapper": {"id": 2147483649, "data": {"local_path": "", "filename": "075418_15357.965820.jpg", "width": 1920, "height": 1080, "id_view": 9, "id_intrinsic": 0, "id_pose": 9}}}}, {"key": 8, "value": {"polymorphic_id": 1073741824, "ptr_wrapper": {"id": 2147483650, "data": {"local_path": "", "filename": "075417_15357.866211.jpg", "width": 1920, "height": 1080, "id_view": 8, "id_intrinsic": 0, "id_pose": 8}}}}, {"key": 7, "value": {"polymorphic_id": 1073741824, "ptr_wrapper": {"id": 2147483651, "data": {"local_path": "", "filename": "075416_15357.766602.jpg", "width": 1920, "height": 1080, "id_view": 7, "id_intrinsic": 0, "id_pose": 7}}}}, {"key": 6, "value": {"polymorphic_id": 1073741824, "ptr_wrapper": {"id": 2147483652, "data": {"local_path": "", "filename": "075415_15357.666016.jpg", "width": 1920, "height": 1080, "id_view": 6, "id_intrinsic": 0, "id_pose": 6}}}}, {"key": 5, "value": {"polymorphic_id": 1073741824, "ptr_wrapper": {"id": 2147483653, "data": {"local_path": "", "filename": "075414_15357.566406.jpg", "width": 1920, "height": 1080, "id_view": 5, "id_intrinsic": 0, "id_pose": 5}}}}, {"key": 4, "value": {"polymorphic_id": 1073741824, "ptr_wrapper": {"id": 2147483654, "data": {"local_path": "", "filename": "075413_15357.497820.jpg", "width": 1920, "height": 1080, "id_view": 4, "id_intrinsic": 0, "id_pose": 4}}}}, {"key": 3, "value": {"polymorphic_id": 1073741824, "ptr_wrapper": {"id": 2147483655, "data": {"local_path": "", "filename": "075412_15357.398211.jpg", "width": 1920, "height": 1080, "id_view": 3, "id_intrinsic": 0, "id_pose": 3}}}}, {"key": 2, "value": {"polymorphic_id": 1073741824, "ptr_wrapper": {"id": 2147483656, "data": {"local_path": "", "filename": "075411_15357.299602.jpg", "width": 1920, "height": 1080, "id_view": 2, "id_intrinsic": 0, "id_pose": 2}}}}, {"key": 1, "value": {"polymorphic_id": 1073741824, "ptr_wrapper": {"id": 2147483657, "data": {"local_path": "", "filename": "075410_15357.198016.jpg", "width": 1920, "height": 1080, "id_view": 1, "id_intrinsic": 0, "id_pose": 1}}}}, {"key": 0, "value": {"polymorphic_id": 1073741824, "ptr_wrapper": {"id": 2147483658, "data": {"local_path": "", "filename": "075409_15357.099406.jpg", "width": 1920, "height": 1080, "id_view": 0, "id_intrinsic": 0, "id_pose": 0}}}}], "intrinsics": [{"key": 0, "value": {"polymorphic_id": 2147483649, "polymorphic_name": "pinhole_radial_k3", "ptr_wrapper": {"id": 2147483659, "data": {"width": 1920, "height": 1080, "focal_length": 1739.13, "principal_point": [960.0, 540.0], "disto_k3": [0.0, 0.0, 0.0]}}}}], "extrinsics": [{"key": 0, "value": {"rotation": [[0.9999999859371265, 0.0001532132272938039, 6.82015661612951e-05], [-0.00015320829101320943, 0.9999999856443833, -7.237716010027169e-05], [-6.821265432050082e-05, 7.236671003704495e-05, 0.9999999950550464]], "center": [102655.28827448805, -59731.17478745276, 609.331632178496]}}, {"key": 1, "value": {"rotation": [[0.9999995189573496, 0.0006665966351352465, 0.000719537348074173], [-0.0006666997771374659, 0.9999997675147894, 0.00014311455175108973], [-0.000719441781113765, -0.00014359419829652252, 0.9999997308920787]], "center": [102655.06937105689, -59737.75433664077, 609.8128442376678]}}, {"key": 2, "value": {"rotation": [[0.999999442355613, -0.0005194498320241957, 0.000919489170628013], [0.0005196527736409456, 0.9999998406734211, -0.00022048611766715612], [-0.0009193744926522002, 0.0002209638098121079, 0.9999995529626685]], "center": [102655.6055315659, -59744.54065251198, 610.2540916527787]}}, {"key": 3, "value": {"rotation": [[0.9999994211452623, -0.0010500883870019637, -0.00023457092715437305], [0.0010499220687271865, 0.9999991981758866, -0.0007080333567618878], [0.00023531423667526172, 0.0007077866657202538, 0.999999721832584]], "center": [102655.64363887573, -59750.809545957316, 610.9154431586397]}}, {"key": 4, "value": {"rotation": [[0.999997987725506, -0.0013592899167897167, 0.0014754239599217983], [0.0013579521667644752, 0.9999986663745655, 0.0009073119662669053], [-0.0014766552922660242, -0.0009053065853429796, 0.9999984999534419]], "center": [102655.34734829068, -59758.377445751685, 610.2162814609029]}}, {"key": 5, "value": {"rotation": [[0.9999970917548053, -0.0021173649624557107, 0.0011546633915205157], [0.0021163064956394705, 0.9999973400458073, 0.0009171412797992514], [-0.0011566022429802727, -0.000914694990891861, 0.9999989128015714]], "center": [102655.58100891375, -59765.157230957935, 610.6407399792964]}}, {"key": 6, "value": {"rotation": [[0.9999948017450626, -0.002659050491920303, 0.0018237141594260702], [0.0026558964367987496, 0.9999949771380535, 0.0017297146532301109], [-0.0018283043977611467, -0.0017248620657947318, 0.9999968410719522]], "center": [102654.91182504084, -59772.25777573719, 610.5204586827329]}}, {"key": 7, "value": {"rotation": [[0.9999908951733261, -0.004085326938141131, 0.0012327506880897184], [0.004085015258494067, 0.9999916237151472, 0.00025524474973532386], [-0.001233783120470661, -0.000250206620405507, 0.9999992075876154]], "center": [102655.40959723118, -59778.3831140937, 611.5911639062559]}}, {"key": 8, "value": {"rotation": [[0.9999855810390432, -0.005281635185759524, 0.0009705893939886666], [0.005282055106674244, 0.9999859571434183, -0.0004305923970681433], [-0.0009683015321858509, 0.00043571289503802155, 0.999999436273049]], "center": [102655.40990806145, -59784.65780367502, 612.2102139437615]}}, {"key": 9, "value": {"rotation": [[0.999979840365518, -0.006347905288723884, -0.00015152887049655665], [0.006347648298822386, 0.9999785084088937, -0.0016401467616747264], [0.00016193711020282488, 0.0016391518449383159, 0.9999986434778805]], "center": [102655.79225432346, -59790.830333094396, 613.3311164828938]}}], "structure": [], "control_points": []}