{"sfm_data_version": "0.3", "root_path": "/mnt/ST8000/jialei/SFM_E/ex_sea_12/1-5/images", "views": [{"key": 9, "value": {"polymorphic_id": 1073741824, "ptr_wrapper": {"id": 2147483649, "data": {"local_path": "", "filename": "075418_15357.965820.jpg", "width": 1920, "height": 1080, "id_view": 9, "id_intrinsic": 0, "id_pose": 9}}}}, {"key": 8, "value": {"polymorphic_id": 1073741824, "ptr_wrapper": {"id": 2147483650, "data": {"local_path": "", "filename": "075417_15357.866211.jpg", "width": 1920, "height": 1080, "id_view": 8, "id_intrinsic": 0, "id_pose": 8}}}}, {"key": 7, "value": {"polymorphic_id": 1073741824, "ptr_wrapper": {"id": 2147483651, "data": {"local_path": "", "filename": "075416_15357.766602.jpg", "width": 1920, "height": 1080, "id_view": 7, "id_intrinsic": 0, "id_pose": 7}}}}, {"key": 6, "value": {"polymorphic_id": 1073741824, "ptr_wrapper": {"id": 2147483652, "data": {"local_path": "", "filename": "075415_15357.666016.jpg", "width": 1920, "height": 1080, "id_view": 6, "id_intrinsic": 0, "id_pose": 6}}}}, {"key": 5, "value": {"polymorphic_id": 1073741824, "ptr_wrapper": {"id": 2147483653, "data": {"local_path": "", "filename": "075414_15357.566406.jpg", "width": 1920, "height": 1080, "id_view": 5, "id_intrinsic": 0, "id_pose": 5}}}}, {"key": 4, "value": {"polymorphic_id": 1073741824, "ptr_wrapper": {"id": 2147483654, "data": {"local_path": "", "filename": "075413_15357.497820.jpg", "width": 1920, "height": 1080, "id_view": 4, "id_intrinsic": 0, "id_pose": 4}}}}, {"key": 3, "value": {"polymorphic_id": 1073741824, "ptr_wrapper": {"id": 2147483655, "data": {"local_path": "", "filename": "075412_15357.398211.jpg", "width": 1920, "height": 1080, "id_view": 3, "id_intrinsic": 0, "id_pose": 3}}}}, {"key": 2, "value": {"polymorphic_id": 1073741824, "ptr_wrapper": {"id": 2147483656, "data": {"local_path": "", "filename": "075411_15357.299602.jpg", "width": 1920, "height": 1080, "id_view": 2, "id_intrinsic": 0, "id_pose": 2}}}}, {"key": 1, "value": {"polymorphic_id": 1073741824, "ptr_wrapper": {"id": 2147483657, "data": {"local_path": "", "filename": "075410_15357.198016.jpg", "width": 1920, "height": 1080, "id_view": 1, "id_intrinsic": 0, "id_pose": 1}}}}, {"key": 0, "value": {"polymorphic_id": 1073741824, "ptr_wrapper": {"id": 2147483658, "data": {"local_path": "", "filename": "075409_15357.099406.jpg", "width": 1920, "height": 1080, "id_view": 0, "id_intrinsic": 0, "id_pose": 0}}}}], "intrinsics": [{"key": 0, "value": {"polymorphic_id": 2147483649, "polymorphic_name": "pinhole_radial_k3", "ptr_wrapper": {"id": 2147483659, "data": {"width": 1920, "height": 1080, "focal_length": 1739.13, "principal_point": [960.0, 540.0], "disto_k3": [0.0, 0.0, 0.0]}}}}], "extrinsics": [{"key": 0, "value": {"rotation": [[0.9999999986900694, 4.0725024082032586e-05, 3.100538880254966e-05], [-4.072446510079741e-05, 0.9999999990082379, -1.802893669089513e-05], [-3.100612300068072e-05, 1.8027673989404257e-05, 0.9999999993568118]], "center": [102655.28827443876, -59731.17478746398, 609.3316321609364]}}, {"key": 1, "value": {"rotation": [[0.9999996291471274, 0.0005332852210685276, 0.0006762488308913366], [-0.0005334048835855052, 0.9999998421135918, 0.00017678241392687534], [-0.0006761544486721362, -0.0001771430627955027, 0.9999997557177188]], "center": [102655.09337243384, -59737.96233038209, 609.7387526820943]}}, {"key": 2, "value": {"rotation": [[0.9999994187830757, -0.0006139596518930754, 0.0008862770769131085], [0.0006140956171322854, 0.9999997997161597, -0.00015314768503363492], [-0.0008861828729067375, 0.00015369185489008495, 0.9999995955292833]], "center": [102655.7061384425, -59744.93795287391, 610.1767929126584]}}, {"key": 3, "value": {"rotation": [[0.9999993577490235, -0.0011008795791295207, -0.0002693802028262735], [0.0011007188230740417, 0.9999992164904361, -0.0005961850272165123], [0.0002700363196861562, 0.000595888132456259, 0.9999997859988372]], "center": [102655.78039738575, -59751.40232437186, 610.7010661052776]}}, {"key": 4, "value": {"rotation": [[0.9999977895724134, -0.0015394100282909008, 0.001432154688884592], [0.001537969157112969, 0.9999983106577742, 0.0010066441622896957], [-0.0014337019076035493, -0.0010044393274359746, 0.9999984677990654]], "center": [102655.48593664213, -59759.18458338301, 610.2095960976089]}}, {"key": 5, "value": {"rotation": [[0.999996748967966, -0.0023017225024873594, 0.0010973272170399378], [0.002300619148540505, 0.9999968478582237, 0.0010056963507901304], [-0.0010996385920302842, -0.0010031685492314175, 0.9999988922233013]], "center": [102655.77668306732, -59766.15825692468, 610.6067920219025]}}, {"key": 6, "value": {"rotation": [[0.9999942070279576, -0.0029077190185171605, 0.0017694859807927611], [0.0029045539520850027, 0.9999941821473495, 0.0017886413261668384], [-0.001774676552585425, -0.0017834913971191005, 0.9999968348357765]], "center": [102655.10945027464, -59773.471463466085, 610.5675314134148]}}, {"key": 7, "value": {"rotation": [[0.9999905038404672, -0.004212667900201088, 0.0011160905215568805], [0.004212250274822338, 0.9999910576432541, 0.00037627270564283125], [-0.0011176656530260528, -0.00037156787989115744, 0.9999993063801595]], "center": [102655.75566112147, -59779.76754295847, 611.5148505331446]}}, {"key": 8, "value": {"rotation": [[0.9999853149079022, -0.005353873513795517, 0.0008402421928641587], [0.005354115060664777, 0.9999856258711556, -0.0002854872869964933], [-0.000838701652290238, 0.0002899818479686597, 0.9999996062449564]], "center": [102655.83730572482, -59786.23448079282, 612.0843091569803]}}, {"key": 9, "value": {"rotation": [[0.9999800703885388, -0.006307827388942806, -0.0002648383759827758], [0.006307471413254751, 0.9999792310573867, -0.0013241065853506076], [0.0002731851113546949, 0.0013224097359350255, 0.9999990883007778]], "center": [102656.30471364356, -59792.661665846324, 612.9936291457556]}}], "structure": [], "control_points": []}