{"sfm_data_version": "0.3", "root_path": "/mnt/ST8000/jialei/SFM_E/ex_sea_12/1-5/images", "views": [{"key": 9, "value": {"polymorphic_id": 1073741824, "ptr_wrapper": {"id": 2147483649, "data": {"local_path": "", "filename": "075418_15357.965820.jpg", "width": 1920, "height": 1080, "id_view": 9, "id_intrinsic": 0, "id_pose": 9}}}}, {"key": 8, "value": {"polymorphic_id": 1073741824, "ptr_wrapper": {"id": 2147483650, "data": {"local_path": "", "filename": "075417_15357.866211.jpg", "width": 1920, "height": 1080, "id_view": 8, "id_intrinsic": 0, "id_pose": 8}}}}, {"key": 7, "value": {"polymorphic_id": 1073741824, "ptr_wrapper": {"id": 2147483651, "data": {"local_path": "", "filename": "075416_15357.766602.jpg", "width": 1920, "height": 1080, "id_view": 7, "id_intrinsic": 0, "id_pose": 7}}}}, {"key": 6, "value": {"polymorphic_id": 1073741824, "ptr_wrapper": {"id": 2147483652, "data": {"local_path": "", "filename": "075415_15357.666016.jpg", "width": 1920, "height": 1080, "id_view": 6, "id_intrinsic": 0, "id_pose": 6}}}}, {"key": 5, "value": {"polymorphic_id": 1073741824, "ptr_wrapper": {"id": 2147483653, "data": {"local_path": "", "filename": "075414_15357.566406.jpg", "width": 1920, "height": 1080, "id_view": 5, "id_intrinsic": 0, "id_pose": 5}}}}, {"key": 4, "value": {"polymorphic_id": 1073741824, "ptr_wrapper": {"id": 2147483654, "data": {"local_path": "", "filename": "075413_15357.497820.jpg", "width": 1920, "height": 1080, "id_view": 4, "id_intrinsic": 0, "id_pose": 4}}}}, {"key": 3, "value": {"polymorphic_id": 1073741824, "ptr_wrapper": {"id": 2147483655, "data": {"local_path": "", "filename": "075412_15357.398211.jpg", "width": 1920, "height": 1080, "id_view": 3, "id_intrinsic": 0, "id_pose": 3}}}}, {"key": 2, "value": {"polymorphic_id": 1073741824, "ptr_wrapper": {"id": 2147483656, "data": {"local_path": "", "filename": "075411_15357.299602.jpg", "width": 1920, "height": 1080, "id_view": 2, "id_intrinsic": 0, "id_pose": 2}}}}, {"key": 1, "value": {"polymorphic_id": 1073741824, "ptr_wrapper": {"id": 2147483657, "data": {"local_path": "", "filename": "075410_15357.198016.jpg", "width": 1920, "height": 1080, "id_view": 1, "id_intrinsic": 0, "id_pose": 1}}}}, {"key": 0, "value": {"polymorphic_id": 1073741824, "ptr_wrapper": {"id": 2147483658, "data": {"local_path": "", "filename": "075409_15357.099406.jpg", "width": 1920, "height": 1080, "id_view": 0, "id_intrinsic": 0, "id_pose": 0}}}}], "intrinsics": [{"key": 0, "value": {"polymorphic_id": 2147483649, "polymorphic_name": "pinhole_radial_k3", "ptr_wrapper": {"id": 2147483659, "data": {"width": 1920, "height": 1080, "focal_length": 1739.13, "principal_point": [960.0, 540.0], "disto_k3": [0.0, 0.0, 0.0]}}}}], "extrinsics": [{"key": 0, "value": {"rotation": [[0.9999998547280872, -0.0004455219257913702, 0.0003034040510388808], [0.00044556200929811034, 0.9999998920176039, -0.00013205785318035908], [-0.00030334518360752914, 0.00013219301931465026, 0.9999999452533511]], "center": [0.00024010450830041412, -0.00048768130182204675, 0.00023393712413377553]}}, {"key": 1, "value": {"rotation": [[0.9999995489774901, 4.711204415981832e-05, 0.0009485912036873586], [-4.717146540669295e-05, 0.9999999969268382, 6.261929905662036e-05], [-0.0009485882506490019, -6.266401725105576e-05, 0.9999995481266738]], "center": [-8.306893334011225e-05, -0.01154848944088499, 0.0008985589170116497]}}, {"key": 2, "value": {"rotation": [[0.999998723528709, -0.0011001086086294876, 0.001158750189611561], [0.0011004186922096446, 0.9999993588951265, -0.000266998197752725], [-0.0011584557197153377, 0.0002682729673053983, 0.9999992930047306]], "center": [0.0009097775593247814, -0.022916427913608498, 0.0016139612169307894]}}, {"key": 3, "value": {"rotation": [[0.99999874045524, -0.0015871603640437342, 3.1484611855770883e-06], [0.0015871621992161046, 0.9999984884758731, -0.0007099028963495237], [-2.0217266872031215e-06, 0.0007099069993135851, 0.9999997480139509]], "center": [0.0010254352021472726, -0.03345078461698111, 0.0024695554629869535]}}, {"key": 4, "value": {"rotation": [[0.9999964956202642, -0.0020254957653095752, 0.0017047328518174712], [0.0020239754977958834, 0.9999975529935237, 0.0008930454349886136], [-0.0017065375400719483, -0.000889591967895968, 0.9999981481761632]], "center": [0.0005396305400184579, -0.04613267892165348, 0.0016699669109447742]}}, {"key": 5, "value": {"rotation": [[0.9999951755070166, -0.0027878458590712514, 0.001369992028317256], [0.0027866249175693947, 0.9999957192470347, 0.0008923055386955913], [-0.0013724737740209332, -0.0008884835798508994, 0.9999986634554412]], "center": [0.0010077308381664526, -0.05749719379863791, 0.0023186656626039796]}}, {"key": 6, "value": {"rotation": [[0.9999921558214907, -0.0033937643363875923, 0.002042219164733927], [0.0033903450976570425, 0.999992849246283, 0.0016754152977109245], [-0.0020478905260136295, -0.0016684783277209063, 0.9999965111561462]], "center": [-8.537534209428015e-05, -0.06941433666082118, 0.0022557488666380887]}}, {"key": 7, "value": {"rotation": [[0.9999879960128364, -0.004698785839890797, 0.0013889715126585568], [0.004698424353424184, 0.999988927652346, 0.00026340331582119775], [-0.001390193809253651, -0.00025687417635003183, 0.9999990006879165]], "center": [0.0009622856194094688, -0.07967481778307638, 0.0038009650758492435]}}, {"key": 8, "value": {"rotation": [[0.9999823272605275, -0.005840020276177513, 0.0011132519002916258], [0.0058404665494391815, 0.999982865108537, -0.0003980449809011761], [-0.001110908234081855, 0.0004045398568405099, 0.9999993011149563]], "center": [0.0010899569092026537, -0.09021335405727887, 0.004730197650592299]}}, {"key": 9, "value": {"rotation": [[0.9999769198180988, -0.006794097627429668, 8.278718748743287e-06], [0.006794102509986663, 0.9999758881669029, -0.001436403807423351], [1.480548566375354e-06, 0.001436426901425842, 0.9999989683372509]], "center": [0.0018461520606787545, -0.10068735131495049, 0.006213435131626746]}}], "structure": [], "control_points": []}