{"sfm_data_version": "0.3", "root_path": "/mnt/ST8000/jialei/SFM_E/ex_sea_12/1-2/images", "views": [{"key": 9, "value": {"polymorphic_id": 1073741824, "ptr_wrapper": {"id": 2147483649, "data": {"local_path": "", "filename": "038735_11734.566406.jpg", "width": 1920, "height": 1080, "id_view": 9, "id_intrinsic": 0, "id_pose": 9}}}}, {"key": 8, "value": {"polymorphic_id": 1073741824, "ptr_wrapper": {"id": 2147483650, "data": {"local_path": "", "filename": "038734_11734.465820.jpg", "width": 1920, "height": 1080, "id_view": 8, "id_intrinsic": 0, "id_pose": 8}}}}, {"key": 7, "value": {"polymorphic_id": 1073741824, "ptr_wrapper": {"id": 2147483651, "data": {"local_path": "", "filename": "038733_11734.399211.jpg", "width": 1920, "height": 1080, "id_view": 7, "id_intrinsic": 0, "id_pose": 7}}}}, {"key": 6, "value": {"polymorphic_id": 1073741824, "ptr_wrapper": {"id": 2147483652, "data": {"local_path": "", "filename": "038732_11734.299602.jpg", "width": 1920, "height": 1080, "id_view": 6, "id_intrinsic": 0, "id_pose": 6}}}}, {"key": 5, "value": {"polymorphic_id": 1073741824, "ptr_wrapper": {"id": 2147483653, "data": {"local_path": "", "filename": "038731_11734.198016.jpg", "width": 1920, "height": 1080, "id_view": 5, "id_intrinsic": 0, "id_pose": 5}}}}, {"key": 4, "value": {"polymorphic_id": 1073741824, "ptr_wrapper": {"id": 2147483654, "data": {"local_path": "", "filename": "038730_11734.100406.jpg", "width": 1920, "height": 1080, "id_view": 4, "id_intrinsic": 0, "id_pose": 4}}}}, {"key": 3, "value": {"polymorphic_id": 1073741824, "ptr_wrapper": {"id": 2147483655, "data": {"local_path": "", "filename": "038729_11733.998820.jpg", "width": 1920, "height": 1080, "id_view": 3, "id_intrinsic": 0, "id_pose": 3}}}}, {"key": 2, "value": {"polymorphic_id": 1073741824, "ptr_wrapper": {"id": 2147483656, "data": {"local_path": "", "filename": "038728_11733.899211.jpg", "width": 1920, "height": 1080, "id_view": 2, "id_intrinsic": 0, "id_pose": 2}}}}, {"key": 1, "value": {"polymorphic_id": 1073741824, "ptr_wrapper": {"id": 2147483657, "data": {"local_path": "", "filename": "038727_11733.798602.jpg", "width": 1920, "height": 1080, "id_view": 1, "id_intrinsic": 0, "id_pose": 1}}}}, {"key": 0, "value": {"polymorphic_id": 1073741824, "ptr_wrapper": {"id": 2147483658, "data": {"local_path": "", "filename": "038726_11733.699016.jpg", "width": 1920, "height": 1080, "id_view": 0, "id_intrinsic": 0, "id_pose": 0}}}}], "intrinsics": [{"key": 0, "value": {"polymorphic_id": 2147483649, "polymorphic_name": "pinhole_radial_k3", "ptr_wrapper": {"id": 2147483659, "data": {"width": 1920, "height": 1080, "focal_length": 1739.13, "principal_point": [960.0, 540.0], "disto_k3": [0.0, 0.0, 0.0]}}}}], "extrinsics": [{"key": 0, "value": {"rotation": [[0.9999999749010352, -0.00014258867197923433, 0.000172818979308886], [0.0001425481619873318, 0.9999999623690959, 0.00023439673197438545], [-0.0001728523951242801, -0.00023437209106341318, 0.9999999575958851]], "center": [102655.2882746059, -59731.17478756909, 609.3316319879651]}}, {"key": 1, "value": {"rotation": [[0.9999989761906752, 0.0012581617081839798, 0.0006816499962861546], [-0.0012589028822139205, 0.9999986157222113, 0.00108798768103398], [-0.0006802801882539606, -0.0010888446982870326, 0.9999991758177044]], "center": [102655.23540367356, -59737.43669098705, 610.4353702919666]}}, {"key": 2, "value": {"rotation": [[0.9999996577768194, 0.00040396373707661575, 0.0007219830628859931], [-0.00040504133278949363, 0.9999988034046674, 0.0014930273781830017], [-0.0007213790700451919, -0.001493319300216424, 0.9999986248039068]], "center": [102655.23365511329, -59744.31051484271, 610.9475526790432]}}, {"key": 3, "value": {"rotation": [[0.9999960912236369, -0.0011328027334224393, 0.002556226792498659], [0.001129682788134963, 0.9999986157034175, 0.0012216415378560495], [-0.002557607132795977, -0.001218749037322351, 0.9999959866402154]], "center": [102654.17428893254, -59750.56901589065, 610.2676655062884]}}, {"key": 4, "value": {"rotation": [[0.9999940945960676, -0.0020889299315079925, 0.002728945717985512], [0.0020856329507301, 0.9999970924814835, 0.0012104394963508842], [-0.002731466306819508, -0.001204740769106483, 0.999995543835818]], "center": [102654.52714287021, -59757.14112018056, 610.8737838471382]}}, {"key": 5, "value": {"rotation": [[0.9999902767690799, -0.0035270870053607005, 0.0026468896000697126], [0.0035265733299226923, 0.9999937618780383, 0.0001987097330833096], [-0.0026475739549669123, -0.00018937335071178606, 0.9999964772387383]], "center": [102654.68060960896, -59763.148130709036, 611.9366697554045]}}, {"key": 6, "value": {"rotation": [[0.9999848191148649, -0.004794070821400646, 0.0027163256008252245], [0.004793314458374782, 0.9999884714199123, 0.00028489255942619376], [-0.002717660080554307, -0.00027186803172886696, 0.9999962701987739]], "center": [102655.05356556202, -59769.973837360194, 612.7008633221828]}}, {"key": 7, "value": {"rotation": [[0.9999734215657646, -0.006593143148262747, 0.003112334410625165], [0.006592605270688195, 0.9999782517879164, 0.000183048975310425], [-0.0031134735910136363, -0.0001625257179156404, 0.9999951399219837]], "center": [102654.87434917361, -59776.901786832364, 613.2526424792188]}}, {"key": 8, "value": {"rotation": [[0.9999680163553676, -0.007057962530617987, 0.0037618388092871486], [0.007056470950317063, 0.999975018899093, 0.0004096284726973491], [-0.003764635976823978, -0.0003830700650083354, 0.999992840361013]], "center": [102654.12469093392, -59783.387236709896, 613.2020855300996]}}, {"key": 9, "value": {"rotation": [[0.9999549539161762, -0.008401277238277837, 0.004416863056817945], [0.008400495255690076, 0.9999646960932572, 0.00019556732503575626], [-0.004418350139612811, -0.00015845467833979111, 0.9999902264893181]], "center": [102654.15544107162, -59790.052652366845, 613.4913353266877]}}], "structure": [], "control_points": []}