{"sfm_data_version": "0.3", "root_path": "/mnt/ST8000/jialei/SFM_E/ex_sea_12/1-2/images", "views": [{"key": 9, "value": {"polymorphic_id": 1073741824, "ptr_wrapper": {"id": 2147483649, "data": {"local_path": "", "filename": "038735_11734.566406.jpg", "width": 1920, "height": 1080, "id_view": 9, "id_intrinsic": 0, "id_pose": 9}}}}, {"key": 8, "value": {"polymorphic_id": 1073741824, "ptr_wrapper": {"id": 2147483650, "data": {"local_path": "", "filename": "038734_11734.465820.jpg", "width": 1920, "height": 1080, "id_view": 8, "id_intrinsic": 0, "id_pose": 8}}}}, {"key": 7, "value": {"polymorphic_id": 1073741824, "ptr_wrapper": {"id": 2147483651, "data": {"local_path": "", "filename": "038733_11734.399211.jpg", "width": 1920, "height": 1080, "id_view": 7, "id_intrinsic": 0, "id_pose": 7}}}}, {"key": 6, "value": {"polymorphic_id": 1073741824, "ptr_wrapper": {"id": 2147483652, "data": {"local_path": "", "filename": "038732_11734.299602.jpg", "width": 1920, "height": 1080, "id_view": 6, "id_intrinsic": 0, "id_pose": 6}}}}, {"key": 5, "value": {"polymorphic_id": 1073741824, "ptr_wrapper": {"id": 2147483653, "data": {"local_path": "", "filename": "038731_11734.198016.jpg", "width": 1920, "height": 1080, "id_view": 5, "id_intrinsic": 0, "id_pose": 5}}}}, {"key": 4, "value": {"polymorphic_id": 1073741824, "ptr_wrapper": {"id": 2147483654, "data": {"local_path": "", "filename": "038730_11734.100406.jpg", "width": 1920, "height": 1080, "id_view": 4, "id_intrinsic": 0, "id_pose": 4}}}}, {"key": 3, "value": {"polymorphic_id": 1073741824, "ptr_wrapper": {"id": 2147483655, "data": {"local_path": "", "filename": "038729_11733.998820.jpg", "width": 1920, "height": 1080, "id_view": 3, "id_intrinsic": 0, "id_pose": 3}}}}, {"key": 2, "value": {"polymorphic_id": 1073741824, "ptr_wrapper": {"id": 2147483656, "data": {"local_path": "", "filename": "038728_11733.899211.jpg", "width": 1920, "height": 1080, "id_view": 2, "id_intrinsic": 0, "id_pose": 2}}}}, {"key": 1, "value": {"polymorphic_id": 1073741824, "ptr_wrapper": {"id": 2147483657, "data": {"local_path": "", "filename": "038727_11733.798602.jpg", "width": 1920, "height": 1080, "id_view": 1, "id_intrinsic": 0, "id_pose": 1}}}}, {"key": 0, "value": {"polymorphic_id": 1073741824, "ptr_wrapper": {"id": 2147483658, "data": {"local_path": "", "filename": "038726_11733.699016.jpg", "width": 1920, "height": 1080, "id_view": 0, "id_intrinsic": 0, "id_pose": 0}}}}], "intrinsics": [{"key": 0, "value": {"polymorphic_id": 2147483649, "polymorphic_name": "pinhole_radial_k3", "ptr_wrapper": {"id": 2147483659, "data": {"width": 1920, "height": 1080, "focal_length": 1739.13, "principal_point": [960.0, 540.0], "disto_k3": [0.0, 0.0, 0.0]}}}}], "extrinsics": [{"key": 0, "value": {"rotation": [[0.9999991837746405, -0.001277673408817385, 8.445385470450627e-07], [0.0012776732701416085, 0.9999991728672941, 0.0001477015316452282], [-1.0332521679157306e-06, -0.00014770033204316533, 0.9999999890917721]], "center": [-0.0003476306714050984, -0.0011837479412180965, 0.0006766879228877361]}}, {"key": 1, "value": {"rotation": [[0.9999998625977764, 0.00012312119871338848, 0.0005095543138607802], [-0.0001236314887829256, 0.9999994908227092, 0.0010015336126698755], [-0.0005094307443883512, -0.0010015964720153686, 0.9999993686422126]], "center": [-0.00044181394168446716, -0.011047668690697374, 0.0024162400675885125]}}, {"key": 2, "value": {"rotation": [[0.9999995815369639, -0.0007310735047535811, 0.0005499612964102341], [0.0007302994122528901, 0.9999987443129401, 0.0014064264331249724], [-0.0005509888069325953, -0.0014060242081759247, 0.9999988597529803]], "center": [-0.0004567203720182607, -0.0218756990987592, 0.0032240032000500425]}}, {"key": 3, "value": {"rotation": [[0.999994586271661, -0.0022676763141165463, 0.0023843387980051235], [0.0022649756072622173, 0.9999967910785649, 0.0011347766618085963], [-0.0023869044530070173, -0.0011293700492190175, 0.9999965135991346]], "center": [-0.002136879126373411, -0.03173270347838933, 0.0021541406308247576]}}, {"key": 4, "value": {"rotation": [[0.9999915340822024, -0.0032237856903543686, 0.002557140931879523], [0.003220921483180853, 0.9999941817900762, 0.0011234103417203155], [-0.0025607476880807954, -0.0011151644808576429, 0.9999960994821222]], "center": [-0.001592627228436983, -0.0420860664757513, 0.0031097407375771163]}}, {"key": 5, "value": {"rotation": [[0.9999860697067073, -0.004661944594553106, 0.002475210118156977], [0.004661683028667684, 0.9999891280879074, 0.00011143306315658806], [-0.0024757027026565365, -9.989286586108984e-05, 0.9999969304540606]], "center": [-0.0013613290255314007, -0.05154883755210184, 0.004784848735640054]}}, {"key": 6, "value": {"rotation": [[0.9999791858707788, -0.005928915390143314, 0.002544756866621724], [0.0059284321479758486, 0.9999824072082998, 0.00019739848367549857], [-0.0025458824561520235, -0.0001823079565810717, 0.9999967426178588]], "center": [-0.0007858217056050557, -0.06230170622215688, 0.005989488758816495]}}, {"key": 7, "value": {"rotation": [[0.9999658143765452, -0.007727939368891157, 0.0029409235561324797], [0.007727692648618113, 0.9999701364013153, 9.524633292165207e-05], [-0.002941571787457499, -7.251652352150589e-05, 0.9999956709390158]], "center": [-0.0010803732739445803, -0.07321467617008326, 0.006859682859435924]}}, {"key": 8, "value": {"rotation": [[0.9999599933302531, -0.00819269614844982, 0.0035904691585871], [0.008191593343897232, 0.9999663965742994, 0.00032174632752926774], [-0.0035929844764217636, -0.0002923217922692482, 0.9999935024841519]], "center": [-0.002272894740559229, -0.0834296534562688, 0.006781130705929151]}}, {"key": 9, "value": {"rotation": [[0.9999455188433104, -0.009535938515028815, 0.004245612066540159], [0.009535568209548699, 0.9999545296624045, 0.00010745492408262562], [-0.004246443700675316, -6.696474636227651e-05, 0.9999909815751435]], "center": [-0.0022362948523938445, -0.09392947392393818, 0.007237678154240712]}}], "structure": [], "control_points": []}