{"sfm_data_version": "0.3", "root_path": "/mnt/ST8000/jialei/SFM_E/ex_sea_12/6-3/images", "views": [{"key": 9, "value": {"polymorphic_id": 1073741824, "ptr_wrapper": {"id": 2147483649, "data": {"local_path": "", "filename": "087511_13303.979266.jpg", "width": 1920, "height": 1080, "id_view": 9, "id_intrinsic": 0, "id_pose": 9}}}}, {"key": 8, "value": {"polymorphic_id": 1073741824, "ptr_wrapper": {"id": 2147483650, "data": {"local_path": "", "filename": "087510_13303.879656.jpg", "width": 1920, "height": 1080, "id_view": 8, "id_intrinsic": 0, "id_pose": 8}}}}, {"key": 7, "value": {"polymorphic_id": 1073741824, "ptr_wrapper": {"id": 2147483651, "data": {"local_path": "", "filename": "087509_13303.781047.jpg", "width": 1920, "height": 1080, "id_view": 7, "id_intrinsic": 0, "id_pose": 7}}}}, {"key": 6, "value": {"polymorphic_id": 1073741824, "ptr_wrapper": {"id": 2147483652, "data": {"local_path": "", "filename": "087508_13303.679461.jpg", "width": 1920, "height": 1080, "id_view": 6, "id_intrinsic": 0, "id_pose": 6}}}}, {"key": 5, "value": {"polymorphic_id": 1073741824, "ptr_wrapper": {"id": 2147483653, "data": {"local_path": "", "filename": "087507_13303.580852.jpg", "width": 1920, "height": 1080, "id_view": 5, "id_intrinsic": 0, "id_pose": 5}}}}, {"key": 4, "value": {"polymorphic_id": 1073741824, "ptr_wrapper": {"id": 2147483654, "data": {"local_path": "", "filename": "087506_13303.479266.jpg", "width": 1920, "height": 1080, "id_view": 4, "id_intrinsic": 0, "id_pose": 4}}}}, {"key": 3, "value": {"polymorphic_id": 1073741824, "ptr_wrapper": {"id": 2147483655, "data": {"local_path": "", "filename": "087505_13303.379656.jpg", "width": 1920, "height": 1080, "id_view": 3, "id_intrinsic": 0, "id_pose": 3}}}}, {"key": 2, "value": {"polymorphic_id": 1073741824, "ptr_wrapper": {"id": 2147483656, "data": {"local_path": "", "filename": "087504_13303.248047.jpg", "width": 1920, "height": 1080, "id_view": 2, "id_intrinsic": 0, "id_pose": 2}}}}, {"key": 1, "value": {"polymorphic_id": 1073741824, "ptr_wrapper": {"id": 2147483657, "data": {"local_path": "", "filename": "087503_13303.179461.jpg", "width": 1920, "height": 1080, "id_view": 1, "id_intrinsic": 0, "id_pose": 1}}}}, {"key": 0, "value": {"polymorphic_id": 1073741824, "ptr_wrapper": {"id": 2147483658, "data": {"local_path": "", "filename": "087502_13303.047852.jpg", "width": 1920, "height": 1080, "id_view": 0, "id_intrinsic": 0, "id_pose": 0}}}}], "intrinsics": [{"key": 0, "value": {"polymorphic_id": 2147483649, "polymorphic_name": "pinhole_radial_k3", "ptr_wrapper": {"id": 2147483659, "data": {"width": 1920, "height": 1080, "focal_length": 1739.13, "principal_point": [960.0, 540.0], "disto_k3": [0.0, 0.0, 0.0]}}}}], "extrinsics": [{"key": 0, "value": {"rotation": [[0.9999999956944703, 8.706698195115178e-05, 3.2099845072263766e-05], [-8.70661135301664e-05, 0.9999999958437825, -2.705414870097198e-05], [-3.210220046192639e-05, 2.705135377573418e-05, 0.9999999991188366]], "center": [102655.28827440471, -59731.174787446966, 609.3316321566477]}}, {"key": 1, "value": {"rotation": [[0.9999998701709468, 0.00025186248722603924, -0.0004429710791433437], [-0.0002520266217083034, 0.9999998996009221, -0.00037051414039273944], [0.00044287771605649605, 0.0003706257327938697, 0.9999998332479335]], "center": [102653.96234612876, -59737.65392855679, 609.3018664033373]}}, {"key": 2, "value": {"rotation": [[0.9999999863013346, 2.4899835128323446e-05, -0.00016363779770619248], [-2.4748423633977708e-05, 0.9999995716764827, 0.0009252212529711639], [0.00016366076547293326, -0.0009252171905192867, 0.9999995585940546]], "center": [102653.31581619759, -59744.83089099676, 609.4105070337587]}}, {"key": 3, "value": {"rotation": [[0.9999994576492215, -0.0010214999669731772, -0.00020307407585726028], [0.001021462038104535, 0.9999994608623254, -0.0001867896236343316], [0.00020326477196677486, 0.0001865820898694682, 0.9999999619352775]], "center": [102652.8245342488, -59750.684113449424, 609.8275215445955]}}, {"key": 4, "value": {"rotation": [[0.9999985667349363, -0.0016590123578432729, 0.0003379438863490882], [0.0016589824404928425, 0.9999986199459658, 8.878866124862598e-05], [-0.00033809072145447357, -8.8227891017541e-05, 0.9999999389552497]], "center": [102652.00677397959, -59757.350163555515, 609.909167260038]}}, {"key": 5, "value": {"rotation": [[0.9999977882765081, -0.0019929854086095655, 0.0006719012233774921], [0.0019917629220638777, 0.999996368904214, 0.0018152296961687975], [-0.0006755165099374741, -0.0018138874134385442, 0.9999981267431937]], "center": [102651.39728732416, -59764.79350145468, 610.0364259708106]}}, {"key": 6, "value": {"rotation": [[0.9999962260241583, -0.0023947351469999966, 0.00134654410146986], [0.0023910277360155822, 0.9999933652233661, 0.0027481804186537647], [-0.001353116331689301, -0.0027449504227928063, 0.9999953171507203]], "center": [102650.26071042867, -59771.716710374356, 610.0114342561382]}}, {"key": 7, "value": {"rotation": [[0.9999952853497357, -0.0025927970924721085, 0.0016451995436556175], [0.0025852398813994136, 0.9999861740420681, 0.004579111208795876], [-0.0016570495034241239, -0.004574836384414824, 0.999988162459436]], "center": [102649.79220537383, -59779.218588547206, 610.085000285919]}}, {"key": 8, "value": {"rotation": [[0.999992519551431, -0.0026729380786215968, 0.002795754497387889], [0.0026555647529035594, 0.9999772565658709, 0.006199542470078955], [-0.0028122619054678434, -0.0061920717876192775, 0.9999768744475807]], "center": [102648.07332297311, -59786.44737658281, 609.8506256627257]}}, {"key": 9, "value": {"rotation": [[0.9999890195894672, -0.0031968985396316776, 0.003426447172378198], [0.0031690307574783346, 0.9999621085205055, 0.008107944701582314], [-0.003452237615801202, -0.008096997156542687, 0.9999612595958361]], "center": [102647.37030588237, -59794.12477459099, 609.7237324054049]}}], "structure": [], "control_points": []}