{"sfm_data_version": "0.3", "root_path": "/mnt/ST8000/jialei/SFM_E/ex_sea_12/6-3/images", "views": [{"key": 9, "value": {"polymorphic_id": 1073741824, "ptr_wrapper": {"id": 2147483649, "data": {"local_path": "", "filename": "087511_13303.979266.jpg", "width": 1920, "height": 1080, "id_view": 9, "id_intrinsic": 0, "id_pose": 9}}}}, {"key": 8, "value": {"polymorphic_id": 1073741824, "ptr_wrapper": {"id": 2147483650, "data": {"local_path": "", "filename": "087510_13303.879656.jpg", "width": 1920, "height": 1080, "id_view": 8, "id_intrinsic": 0, "id_pose": 8}}}}, {"key": 7, "value": {"polymorphic_id": 1073741824, "ptr_wrapper": {"id": 2147483651, "data": {"local_path": "", "filename": "087509_13303.781047.jpg", "width": 1920, "height": 1080, "id_view": 7, "id_intrinsic": 0, "id_pose": 7}}}}, {"key": 6, "value": {"polymorphic_id": 1073741824, "ptr_wrapper": {"id": 2147483652, "data": {"local_path": "", "filename": "087508_13303.679461.jpg", "width": 1920, "height": 1080, "id_view": 6, "id_intrinsic": 0, "id_pose": 6}}}}, {"key": 5, "value": {"polymorphic_id": 1073741824, "ptr_wrapper": {"id": 2147483653, "data": {"local_path": "", "filename": "087507_13303.580852.jpg", "width": 1920, "height": 1080, "id_view": 5, "id_intrinsic": 0, "id_pose": 5}}}}, {"key": 4, "value": {"polymorphic_id": 1073741824, "ptr_wrapper": {"id": 2147483654, "data": {"local_path": "", "filename": "087506_13303.479266.jpg", "width": 1920, "height": 1080, "id_view": 4, "id_intrinsic": 0, "id_pose": 4}}}}, {"key": 3, "value": {"polymorphic_id": 1073741824, "ptr_wrapper": {"id": 2147483655, "data": {"local_path": "", "filename": "087505_13303.379656.jpg", "width": 1920, "height": 1080, "id_view": 3, "id_intrinsic": 0, "id_pose": 3}}}}, {"key": 2, "value": {"polymorphic_id": 1073741824, "ptr_wrapper": {"id": 2147483656, "data": {"local_path": "", "filename": "087504_13303.248047.jpg", "width": 1920, "height": 1080, "id_view": 2, "id_intrinsic": 0, "id_pose": 2}}}}, {"key": 1, "value": {"polymorphic_id": 1073741824, "ptr_wrapper": {"id": 2147483657, "data": {"local_path": "", "filename": "087503_13303.179461.jpg", "width": 1920, "height": 1080, "id_view": 1, "id_intrinsic": 0, "id_pose": 1}}}}, {"key": 0, "value": {"polymorphic_id": 1073741824, "ptr_wrapper": {"id": 2147483658, "data": {"local_path": "", "filename": "087502_13303.047852.jpg", "width": 1920, "height": 1080, "id_view": 0, "id_intrinsic": 0, "id_pose": 0}}}}], "intrinsics": [{"key": 0, "value": {"polymorphic_id": 2147483649, "polymorphic_name": "pinhole_radial_k3", "ptr_wrapper": {"id": 2147483659, "data": {"width": 1920, "height": 1080, "focal_length": 1739.13, "principal_point": [960.0, 540.0], "disto_k3": [0.0, 0.0, 0.0]}}}}], "extrinsics": [{"key": 0, "value": {"rotation": [[0.999999966574854, -0.0001359524763927284, 0.00021992547622455504], [0.00013594698400586956, 0.9999999904469934, 2.498861092732749e-05], [-0.00021992887138713857, -2.4958711886916953e-05, 0.9999999755041769]], "center": [0.00022218711129258752, -4.676061525824227e-05, 0.00011754982711484952]}}, {"key": 1, "value": {"rotation": [[0.9999999670359109, 2.8867764425826973e-05, -0.0002551368834360822], [-2.8949025603903655e-05, 0.9999999488590983, -0.00031850236231535753], [0.0002551276759369837, 0.00031850973778039144, 0.9999999167307044]], "center": [-0.001939387593355716, -0.01059734613226637, 6.812244166479683e-05]}}, {"key": 2, "value": {"rotation": [[0.9999999800838777, -0.00019810943776173278, 2.4184599033133912e-05], [0.00019808570819570368, 0.9999995028470281, 0.000977275677007749], [-2.4378194544593088e-05, -0.0009772708669207758, 0.9999995221735639]], "center": [-0.0029948800688779937, -0.02228456934958663, 0.0002442339734359869]}}, {"key": 3, "value": {"rotation": [[0.9999992254836692, -0.0012445070431606514, -1.530625230561085e-05], [0.00124450497276174, 0.9999992165530507, -0.00013453868384600724], [1.5473674653628457e-05, 0.00013451953093650032, 0.9999999908325305]], "center": [-0.0037971698762569585, -0.03181620775639922, 0.0009226820030460224]}}, {"key": 4, "value": {"rotation": [[0.9999980907781828, -0.001882047360877294, 0.0005256783439633593], [0.0018819733979052536, 0.9999982191235063, 0.0001411592918086178], [-0.0005259430762677221, -0.00014016970964498673, 0.9999998518681554]], "center": [-0.00513131155682584, -0.04267136245890058, 0.0010548241383312052]}}, {"key": 5, "value": {"rotation": [[0.9999971751130112, -0.002216037600810009, 0.0008596181420973239], [0.0022144290812406643, 0.9999958040611762, 0.0018676626799465554], [-0.0008637533459165185, -0.0018657538405978866, 0.9999978864441483]], "center": [-0.006126582701376074, -0.05479238443784002, 0.0012612433534895788]}}, {"key": 6, "value": {"rotation": [[0.9999953965473201, -0.0026178220733059053, 0.0015342397992172347], [0.002613517969718029, 0.9999926628077446, 0.0028006882186991273], [-0.001541560245644151, -0.0027966655625782997, 0.9999949011138709]], "center": [-0.00797996760372826, -0.06606618904535123, 0.001219610602591999]}}, {"key": 7, "value": {"rotation": [[0.999994355606277, -0.0028158993390245777, 0.001832884748122949], [0.002807384594472254, 0.9999853330739347, 0.0046316550768377845], [-0.0018459001398072297, -0.004626483321547591, 0.9999875940754213]], "center": [-0.008745659658204764, -0.07828258860021983, 0.0013386311984463293]}}, {"key": 8, "value": {"rotation": [[0.9999913558241584, -0.00289609955492561, 0.002983434988458334], [0.002877403104331188, 0.9999763156239375, 0.006252099051602095], [-0.0030014710289427027, -0.0062434604622611444, 0.999976004898677]], "center": [-0.011547356961589556, -0.09005378959635801, 0.0009558212101222369]}}, {"key": 9, "value": {"rotation": [[0.9999876205502507, -0.003420092028525338, 0.0036140997171864825], [0.0033905072485910332, 0.99996095379713, 0.008160596898014263], [-0.0036418685927145093, -0.00814824224302674, 0.9999601706775637]], "center": [-0.012694946623022478, -0.10255591531779223, 0.0007483137968231969]}}], "structure": [], "control_points": []}