{"sfm_data_version": "0.3", "root_path": "/mnt/ST8000/jialei/SFM_E/ex_sea_12/1-3/images", "views": [{"key": 9, "value": {"polymorphic_id": 1073741824, "ptr_wrapper": {"id": 2147483649, "data": {"local_path": "", "filename": "051561_13000.366211.jpg", "width": 1920, "height": 1080, "id_view": 9, "id_intrinsic": 0, "id_pose": 9}}}}, {"key": 8, "value": {"polymorphic_id": 1073741824, "ptr_wrapper": {"id": 2147483650, "data": {"local_path": "", "filename": "051560_13000.298602.jpg", "width": 1920, "height": 1080, "id_view": 8, "id_intrinsic": 0, "id_pose": 8}}}}, {"key": 7, "value": {"polymorphic_id": 1073741824, "ptr_wrapper": {"id": 2147483651, "data": {"local_path": "", "filename": "051559_13000.166016.jpg", "width": 1920, "height": 1080, "id_view": 7, "id_intrinsic": 0, "id_pose": 7}}}}, {"key": 6, "value": {"polymorphic_id": 1073741824, "ptr_wrapper": {"id": 2147483652, "data": {"local_path": "", "filename": "051558_13000.098406.jpg", "width": 1920, "height": 1080, "id_view": 6, "id_intrinsic": 0, "id_pose": 6}}}}, {"key": 5, "value": {"polymorphic_id": 1073741824, "ptr_wrapper": {"id": 2147483653, "data": {"local_path": "", "filename": "051557_12999.965820.jpg", "width": 1920, "height": 1080, "id_view": 5, "id_intrinsic": 0, "id_pose": 5}}}}, {"key": 4, "value": {"polymorphic_id": 1073741824, "ptr_wrapper": {"id": 2147483654, "data": {"local_path": "", "filename": "051556_12999.898211.jpg", "width": 1920, "height": 1080, "id_view": 4, "id_intrinsic": 0, "id_pose": 4}}}}, {"key": 3, "value": {"polymorphic_id": 1073741824, "ptr_wrapper": {"id": 2147483655, "data": {"local_path": "", "filename": "051555_12999.766602.jpg", "width": 1920, "height": 1080, "id_view": 3, "id_intrinsic": 0, "id_pose": 3}}}}, {"key": 2, "value": {"polymorphic_id": 1073741824, "ptr_wrapper": {"id": 2147483656, "data": {"local_path": "", "filename": "051554_12999.698016.jpg", "width": 1920, "height": 1080, "id_view": 2, "id_intrinsic": 0, "id_pose": 2}}}}, {"key": 1, "value": {"polymorphic_id": 1073741824, "ptr_wrapper": {"id": 2147483657, "data": {"local_path": "", "filename": "051553_12999.598406.jpg", "width": 1920, "height": 1080, "id_view": 1, "id_intrinsic": 0, "id_pose": 1}}}}, {"key": 0, "value": {"polymorphic_id": 1073741824, "ptr_wrapper": {"id": 2147483658, "data": {"local_path": "", "filename": "051552_12999.465820.jpg", "width": 1920, "height": 1080, "id_view": 0, "id_intrinsic": 0, "id_pose": 0}}}}], "intrinsics": [{"key": 0, "value": {"polymorphic_id": 2147483649, "polymorphic_name": "pinhole_radial_k3", "ptr_wrapper": {"id": 2147483659, "data": {"width": 1920, "height": 1080, "focal_length": 1739.13, "principal_point": [960.0, 540.0], "disto_k3": [0.0, 0.0, 0.0]}}}}], "extrinsics": [{"key": 0, "value": {"rotation": [[0.9999987068495079, -0.001314939385757718, 0.000925869172063019], [0.001315274709504099, 0.9999990696282008, -0.0003616561506376222], [-0.0009253927547438724, 0.00036287345526812804, 0.9999995059854304]], "center": [-8.690314025295787e-05, -0.0014630297509048806, 0.0016477573279143531]}}, {"key": 1, "value": {"rotation": [[0.9999989009478354, 2.0739819770115345e-05, 0.0014824550519725954], [-2.3637752167701236e-05, 0.9999980890406922, 0.0019548289491731884], [-0.0014824116762612288, -0.0019548618426193185, 0.9999969904808707]], "center": [0.00033526437668052417, -0.010511329813411144, 0.0032602878886129013]}}, {"key": 2, "value": {"rotation": [[0.9999982317633125, -0.001522986015145147, 0.001103169908117018], [0.0015231661418235085, 0.9999988267852611, -0.00016245924440126222], [-0.0011029211907045728, 0.00016413926818763158, 0.9999993783113807]], "center": [0.00022604721452551394, -0.019990292325733117, 0.004311279340848435]}}, {"key": 3, "value": {"rotation": [[0.999994676194458, -0.0031535607936015557, 0.0008382344912370686], [0.00315568883090879, 0.9999917704688424, -0.0025496318544146516], [-0.0008301871739060376, 0.002552263487892161, 0.9999963983636866]], "center": [0.0005134409857863972, -0.029224826262695337, 0.005755132797647855]}}, {"key": 4, "value": {"rotation": [[0.9999884326447493, -0.00466174815897475, 0.0011843482596038892], [0.004667443347398295, 0.9999773346349208, -0.004852338512369464], [-0.0011617010357914824, 0.00485781026205141, 0.9999875259872802]], "center": [-0.00021204712947059184, -0.03823836310520321, 0.006365912783849559]}}, {"key": 5, "value": {"rotation": [[0.9999806669264115, -0.005995508350632433, 0.0016491370551923565], [0.006005368201684969, 0.9999637246700491, -0.006040272904799562], [-0.0016128627255607613, 0.006050059802990494, 0.9999803975329761]], "center": [-0.00023122146280899966, -0.048333644138482235, 0.007046880214694697]}}, {"key": 6, "value": {"rotation": [[0.9999698551950852, -0.007573316754121227, 0.001712768070099023], [0.007586182352718349, 0.9999420830762075, -0.007634155521459204], [-0.0016548529939270288, 0.007646918762238006, 0.9999693925790992]], "center": [-0.00030780429892395987, -0.05817165142369285, 0.0080567600733834]}}, {"key": 7, "value": {"rotation": [[0.9999592621673542, -0.008788782101849243, 0.002057016015134485], [0.00880744847177828, 0.9999184435305678, -0.009248520899202053], [-0.001975565017223282, 0.009266261197064371, 0.9999551157658483]], "center": [-0.001253354763585785, -0.067856241355335, 0.0088331408508724]}}, {"key": 8, "value": {"rotation": [[0.9999500521856318, -0.009720046831269279, 0.0023267624610005017], [0.009744881830591768, 0.9998929824458137, -0.010911504649807145], [-0.0022204531203770805, 0.010933633669228742, 0.9999377606844978]], "center": [-0.0014908039000942619, -0.07347551300574823, 0.009416592351625676]}}, {"key": 9, "value": {"rotation": [[0.9999387395859485, -0.010976255046694895, 0.0014279007020301102], [0.010993862055125824, 0.9998554435455738, -0.012970235518133198], [-0.001285329676704699, 0.012985139099481574, 0.9999148634209764]], "center": [-0.001772531287959784, -0.08284332506700151, 0.011058092897916733]}}], "structure": [], "control_points": []}