{"sfm_data_version": "0.3", "root_path": "/mnt/ST8000/jialei/SFM_E/ex_sea_12/1-3/images", "views": [{"key": 9, "value": {"polymorphic_id": 1073741824, "ptr_wrapper": {"id": 2147483649, "data": {"local_path": "", "filename": "051561_13000.366211.jpg", "width": 1920, "height": 1080, "id_view": 9, "id_intrinsic": 0, "id_pose": 9}}}}, {"key": 8, "value": {"polymorphic_id": 1073741824, "ptr_wrapper": {"id": 2147483650, "data": {"local_path": "", "filename": "051560_13000.298602.jpg", "width": 1920, "height": 1080, "id_view": 8, "id_intrinsic": 0, "id_pose": 8}}}}, {"key": 7, "value": {"polymorphic_id": 1073741824, "ptr_wrapper": {"id": 2147483651, "data": {"local_path": "", "filename": "051559_13000.166016.jpg", "width": 1920, "height": 1080, "id_view": 7, "id_intrinsic": 0, "id_pose": 7}}}}, {"key": 6, "value": {"polymorphic_id": 1073741824, "ptr_wrapper": {"id": 2147483652, "data": {"local_path": "", "filename": "051558_13000.098406.jpg", "width": 1920, "height": 1080, "id_view": 6, "id_intrinsic": 0, "id_pose": 6}}}}, {"key": 5, "value": {"polymorphic_id": 1073741824, "ptr_wrapper": {"id": 2147483653, "data": {"local_path": "", "filename": "051557_12999.965820.jpg", "width": 1920, "height": 1080, "id_view": 5, "id_intrinsic": 0, "id_pose": 5}}}}, {"key": 4, "value": {"polymorphic_id": 1073741824, "ptr_wrapper": {"id": 2147483654, "data": {"local_path": "", "filename": "051556_12999.898211.jpg", "width": 1920, "height": 1080, "id_view": 4, "id_intrinsic": 0, "id_pose": 4}}}}, {"key": 3, "value": {"polymorphic_id": 1073741824, "ptr_wrapper": {"id": 2147483655, "data": {"local_path": "", "filename": "051555_12999.766602.jpg", "width": 1920, "height": 1080, "id_view": 3, "id_intrinsic": 0, "id_pose": 3}}}}, {"key": 2, "value": {"polymorphic_id": 1073741824, "ptr_wrapper": {"id": 2147483656, "data": {"local_path": "", "filename": "051554_12999.698016.jpg", "width": 1920, "height": 1080, "id_view": 2, "id_intrinsic": 0, "id_pose": 2}}}}, {"key": 1, "value": {"polymorphic_id": 1073741824, "ptr_wrapper": {"id": 2147483657, "data": {"local_path": "", "filename": "051553_12999.598406.jpg", "width": 1920, "height": 1080, "id_view": 1, "id_intrinsic": 0, "id_pose": 1}}}}, {"key": 0, "value": {"polymorphic_id": 1073741824, "ptr_wrapper": {"id": 2147483658, "data": {"local_path": "", "filename": "051552_12999.465820.jpg", "width": 1920, "height": 1080, "id_view": 0, "id_intrinsic": 0, "id_pose": 0}}}}], "intrinsics": [{"key": 0, "value": {"polymorphic_id": 2147483649, "polymorphic_name": "pinhole_radial_k3", "ptr_wrapper": {"id": 2147483659, "data": {"width": 1920, "height": 1080, "focal_length": 1739.13, "principal_point": [960.0, 540.0], "disto_k3": [0.0, 0.0, 0.0]}}}}], "extrinsics": [{"key": 0, "value": {"rotation": [[0.9999999946058178, -8.505215863044304e-05, 5.9619582391661555e-05], [8.50488923418457e-05, 0.999999994882596, 5.4785893976094654e-05], [-5.962424174510893e-05, -5.478082310112508e-05, 0.9999999967220057]], "center": [102655.28827455222, -59731.174787615164, 609.3316321116672]}}, {"key": 1, "value": {"rotation": [[0.9999990280583642, 0.0012503943322539556, 0.0006167627913055894], [-0.0012518542760266743, 0.9999964022152034, 0.0023724286124218483], [-0.0006137941010351504, -0.0023731984036973026, 0.999996995588556]], "center": [102655.5702932782, -59737.04521586815, 610.375116890466]}}, {"key": 2, "value": {"rotation": [[0.9999999289796624, -0.00029317304554910337, 0.00023683377153308166], [0.0002931129352943575, 0.9999999248345123, 0.0002538026349356619], [-0.00023690816182281684, -0.00025373319786852996, 0.9999999397469921]], "center": [102655.50758998483, -59743.19532043191, 611.0544696181796]}}, {"key": 3, "value": {"rotation": [[0.9999981493878275, -0.0019236404731310588, -2.8779341796401054e-05], [0.0019235746530159375, 0.9999958712680516, -0.002134785095841904], [3.288578198597574e-05, 0.0021347257859702256, 0.9999977209295753]], "center": [102655.70222443232, -59749.18663494145, 611.9885457618795]}}, {"key": 4, "value": {"rotation": [[0.9999940605918859, -0.003431978409392607, 0.0003167098815078658], [0.0034333505765570707, 0.9999842544310543, -0.004438805445971336], [-0.00030147101027656566, 0.004439866458148543, 0.9999900983015103]], "center": [102655.23908002829, -59755.03515494449, 612.3827715008993]}}, {"key": 5, "value": {"rotation": [[0.9999883378969217, -0.004765940621767653, 0.0007809482324165789], [0.004770261650400351, 0.9999727852842684, -0.005627903216084163], [-0.0007541047265795644, 0.005631562910300799, 0.999983858282347]], "center": [102655.23507827806, -59761.584940963316, 612.8218434985014]}}, {"key": 6, "value": {"rotation": [[0.9999795218617245, -0.0063437874990299745, 0.0008439297150056827], [0.0063497199862432695, 0.999953752419321, -0.0072231626463240845], [-0.0007980684763989229, 0.007228373446778973, 0.9999735565023815]], "center": [102655.19381077265, -59767.96794838019, 613.4744083570738]}}, {"key": 7, "value": {"rotation": [[0.9999707219540983, -0.007559408238468126, 0.0011876791163125723], [0.007569615411790419, 0.9999322877932915, -0.008838594401334218], [-0.0011207841526048666, 0.00884732589870473, 0.9999602335429776]], "center": [102654.5885235309, -59774.25205262787, 613.9760139284857]}}, {"key": 8, "value": {"rotation": [[0.9999628910148514, -0.008490795866761715, 0.0014570445323083975], [0.008505638524658053, 0.9999086726881189, -0.01050239955303169], [-0.0013677377336320776, 0.010514402913748801, 0.9999437867324644]], "center": [102654.43928375076, -59777.89805433054, 614.3531550251408]}}, {"key": 9, "value": {"rotation": [[0.9999523448469639, -0.009746642550101268, 0.0005576684133005116], [0.00975288020361016, 0.9998735279003387, -0.012562226389608862], [-0.0004351583535524811, 0.012567066608016065, 0.9999209366115293]], "center": [102654.26490297662, -59783.976344296054, 615.4157436526184]}}], "structure": [], "control_points": []}