{"sfm_data_version": "0.3", "root_path": "/mnt/ST8000/jialei/SFM_E/ex_sea_12/1-5/images", "views": [{"key": 9, "value": {"polymorphic_id": 1073741824, "ptr_wrapper": {"id": 2147483649, "data": {"local_path": "", "filename": "075418_15357.965820.jpg", "width": 1920, "height": 1080, "id_view": 9, "id_intrinsic": 0, "id_pose": 9}}}}, {"key": 8, "value": {"polymorphic_id": 1073741824, "ptr_wrapper": {"id": 2147483650, "data": {"local_path": "", "filename": "075417_15357.866211.jpg", "width": 1920, "height": 1080, "id_view": 8, "id_intrinsic": 0, "id_pose": 8}}}}, {"key": 7, "value": {"polymorphic_id": 1073741824, "ptr_wrapper": {"id": 2147483651, "data": {"local_path": "", "filename": "075416_15357.766602.jpg", "width": 1920, "height": 1080, "id_view": 7, "id_intrinsic": 0, "id_pose": 7}}}}, {"key": 6, "value": {"polymorphic_id": 1073741824, "ptr_wrapper": {"id": 2147483652, "data": {"local_path": "", "filename": "075415_15357.666016.jpg", "width": 1920, "height": 1080, "id_view": 6, "id_intrinsic": 0, "id_pose": 6}}}}, {"key": 5, "value": {"polymorphic_id": 1073741824, "ptr_wrapper": {"id": 2147483653, "data": {"local_path": "", "filename": "075414_15357.566406.jpg", "width": 1920, "height": 1080, "id_view": 5, "id_intrinsic": 0, "id_pose": 5}}}}, {"key": 4, "value": {"polymorphic_id": 1073741824, "ptr_wrapper": {"id": 2147483654, "data": {"local_path": "", "filename": "075413_15357.497820.jpg", "width": 1920, "height": 1080, "id_view": 4, "id_intrinsic": 0, "id_pose": 4}}}}, {"key": 3, "value": {"polymorphic_id": 1073741824, "ptr_wrapper": {"id": 2147483655, "data": {"local_path": "", "filename": "075412_15357.398211.jpg", "width": 1920, "height": 1080, "id_view": 3, "id_intrinsic": 0, "id_pose": 3}}}}, {"key": 2, "value": {"polymorphic_id": 1073741824, "ptr_wrapper": {"id": 2147483656, "data": {"local_path": "", "filename": "075411_15357.299602.jpg", "width": 1920, "height": 1080, "id_view": 2, "id_intrinsic": 0, "id_pose": 2}}}}, {"key": 1, "value": {"polymorphic_id": 1073741824, "ptr_wrapper": {"id": 2147483657, "data": {"local_path": "", "filename": "075410_15357.198016.jpg", "width": 1920, "height": 1080, "id_view": 1, "id_intrinsic": 0, "id_pose": 1}}}}, {"key": 0, "value": {"polymorphic_id": 1073741824, "ptr_wrapper": {"id": 2147483658, "data": {"local_path": "", "filename": "075409_15357.099406.jpg", "width": 1920, "height": 1080, "id_view": 0, "id_intrinsic": 0, "id_pose": 0}}}}], "intrinsics": [{"key": 0, "value": {"polymorphic_id": 2147483649, "polymorphic_name": "pinhole_radial_k3", "ptr_wrapper": {"id": 2147483659, "data": {"width": 1920, "height": 1080, "focal_length": 1739.13, "principal_point": [960.0, 540.0], "disto_k3": [0.0, 0.0, 0.0]}}}}], "extrinsics": [{"key": 0, "value": {"rotation": [[0.9999998559896268, -0.0004327202390908446, 0.0003174490828981061], [0.00043276791862482684, 0.9999998950845684, -0.0001501425347121101], [-0.000317384079879287, 0.00015027989486888864, 0.9999999383416476]], "center": [0.0002452201921471387, -0.000501373000139634, 0.0002610687302566054]}}, {"key": 1, "value": {"rotation": [[0.9999995190355168, 6.839191281805417e-05, 0.0009783921920534443], [-6.845263882098526e-05, 0.9999999957330228, 6.203378560162956e-05], [-0.000978387945269411, -6.21007292929228e-05, 0.9999995194501485]], "center": [-5.186103980929073e-05, -0.011147392166218751, 0.0009684606244427785]}}, {"key": 2, "value": {"rotation": [[0.9999987004970632, -0.0010930466950015872, 0.0011850118595910992], [0.0010933942400378055, 0.9999993594147351, -0.00029267585296964354], [-0.0011846911921161822, 0.00029397115777813547, 0.9999992550435913]], "center": [0.0008696601872943706, -0.02210933352478707, 0.0016886514833680025]}}, {"key": 3, "value": {"rotation": [[0.9999987223797441, -0.0015984924760710007, 7.789931441599693e-06], [0.0015984980191306533, 0.9999984237572065, -0.0007728435708204458], [-6.554534529647538e-06, 0.0007728550356097769, 0.9999997013260213]], "center": [0.0010156825005250142, -0.03223206600923661, 0.002624111135311513]}}, {"key": 4, "value": {"rotation": [[0.9999965005991488, -0.001991678030614258, 0.0017412662284616623], [0.001990176430207345, 0.999997646634037, 0.0008636690128698733], [-0.001742982281223635, -0.0008602005635392472, 0.9999981110320948]], "center": [0.00046467196306110975, -0.044541150842609074, 0.0017098677500295245]}}, {"key": 5, "value": {"rotation": [[0.9999952200819855, -0.00274762302880246, 0.0014178790048318649], [0.0027463720870108854, 0.9999958384635349, 0.0008834568304093073], [-0.0014203005106088464, -0.0008795585842364837, 0.9999986045606045]], "center": [0.0008942847771743945, -0.05552467252722682, 0.002362048486488249]}}, {"key": 6, "value": {"rotation": [[0.9999922385277153, -0.0033323742782255007, 0.002101943385913807], [0.0033288131493863188, 0.9999930222237081, 0.0016954370853772818], [-0.0021075785499567626, -0.0016884269495070264, 0.999996353656898]], "center": [-0.00020323920768254176, -0.06705732187871163, 0.0022535590289689154]}}, {"key": 7, "value": {"rotation": [[0.9999880081790006, -0.004669592361554401, 0.001475942197688248], [0.004669233117388486, 0.9999890686280197, 0.00024675202252330927], [-0.0014770782949746065, -0.00023985754532842486, 0.9999988803534074]], "center": [0.0007556222580390131, -0.07692138406951735, 0.0038530385271963253]}}, {"key": 8, "value": {"rotation": [[0.9999822913451611, -0.005827591838335001, 0.0012067184615867385], [0.005828120606900456, 0.9999829216878884, -0.0004351353181365283], [-0.0012041620618436304, 0.0004421605132080951, 0.9999991772435662]], "center": [0.0008430041300687772, -0.08706150714885418, 0.00480512700457765]}}, {"key": 9, "value": {"rotation": [[0.9999765456273596, -0.006848919967625363, 2.2146083729235457e-05], [0.006848947774480017, 0.9999750918109548, -0.0017051897414086237], [-1.0466824041830465e-05, 0.0017053014246238875, 0.9999985459176913]], "center": [0.0016310722198792304, -0.09694907349550552, 0.0064928066220297665]}}], "structure": [], "control_points": []}