{"sfm_data_version": "0.3", "root_path": "/mnt/ST8000/jialei/SFM_E/ex_sea_12/1-5/images", "views": [{"key": 9, "value": {"polymorphic_id": 1073741824, "ptr_wrapper": {"id": 2147483649, "data": {"local_path": "", "filename": "075418_15357.965820.jpg", "width": 1920, "height": 1080, "id_view": 9, "id_intrinsic": 0, "id_pose": 9}}}}, {"key": 8, "value": {"polymorphic_id": 1073741824, "ptr_wrapper": {"id": 2147483650, "data": {"local_path": "", "filename": "075417_15357.866211.jpg", "width": 1920, "height": 1080, "id_view": 8, "id_intrinsic": 0, "id_pose": 8}}}}, {"key": 7, "value": {"polymorphic_id": 1073741824, "ptr_wrapper": {"id": 2147483651, "data": {"local_path": "", "filename": "075416_15357.766602.jpg", "width": 1920, "height": 1080, "id_view": 7, "id_intrinsic": 0, "id_pose": 7}}}}, {"key": 6, "value": {"polymorphic_id": 1073741824, "ptr_wrapper": {"id": 2147483652, "data": {"local_path": "", "filename": "075415_15357.666016.jpg", "width": 1920, "height": 1080, "id_view": 6, "id_intrinsic": 0, "id_pose": 6}}}}, {"key": 5, "value": {"polymorphic_id": 1073741824, "ptr_wrapper": {"id": 2147483653, "data": {"local_path": "", "filename": "075414_15357.566406.jpg", "width": 1920, "height": 1080, "id_view": 5, "id_intrinsic": 0, "id_pose": 5}}}}, {"key": 4, "value": {"polymorphic_id": 1073741824, "ptr_wrapper": {"id": 2147483654, "data": {"local_path": "", "filename": "075413_15357.497820.jpg", "width": 1920, "height": 1080, "id_view": 4, "id_intrinsic": 0, "id_pose": 4}}}}, {"key": 3, "value": {"polymorphic_id": 1073741824, "ptr_wrapper": {"id": 2147483655, "data": {"local_path": "", "filename": "075412_15357.398211.jpg", "width": 1920, "height": 1080, "id_view": 3, "id_intrinsic": 0, "id_pose": 3}}}}, {"key": 2, "value": {"polymorphic_id": 1073741824, "ptr_wrapper": {"id": 2147483656, "data": {"local_path": "", "filename": "075411_15357.299602.jpg", "width": 1920, "height": 1080, "id_view": 2, "id_intrinsic": 0, "id_pose": 2}}}}, {"key": 1, "value": {"polymorphic_id": 1073741824, "ptr_wrapper": {"id": 2147483657, "data": {"local_path": "", "filename": "075410_15357.198016.jpg", "width": 1920, "height": 1080, "id_view": 1, "id_intrinsic": 0, "id_pose": 1}}}}, {"key": 0, "value": {"polymorphic_id": 1073741824, "ptr_wrapper": {"id": 2147483658, "data": {"local_path": "", "filename": "075409_15357.099406.jpg", "width": 1920, "height": 1080, "id_view": 0, "id_intrinsic": 0, "id_pose": 0}}}}], "intrinsics": [{"key": 0, "value": {"polymorphic_id": 2147483649, "polymorphic_name": "pinhole_radial_k3", "ptr_wrapper": {"id": 2147483659, "data": {"width": 1920, "height": 1080, "focal_length": 1739.13, "principal_point": [960.0, 540.0], "disto_k3": [0.0, 0.0, 0.0]}}}}], "extrinsics": [{"key": 0, "value": {"rotation": [[0.9999999960533559, 6.632907384881558e-05, 5.910788674625402e-05], [-6.632587132137653e-05, 0.9999999963326295, -5.418136439937947e-05], [-5.9111480329204e-05, 5.417744380345461e-05, 0.9999999967853188]], "center": [102655.28827445555, -59731.17478745673, 609.3316321704887]}}, {"key": 1, "value": {"rotation": [[0.9999995797698232, 0.0005673775793251127, 0.000720099201164798], [-0.0005674915846183923, 0.9999998264749693, 0.00015812442262054456], [-0.0007200093599574169, -0.00015853300640862069, 0.9999997282268669]], "center": [102655.10915774053, -59737.714613884775, 609.765591540632]}}, {"key": 2, "value": {"rotation": [[0.9999993942329135, -0.0005940811109440626, 0.0009266074894412378], [0.0005942637899721559, 0.9999998040433307, -0.00019688536825435127], [-0.0009264903419880264, 0.0001974358982661506, 0.9999995513172555]], "center": [102655.6787095286, -59744.44813384716, 610.2072011282506]}}, {"key": 3, "value": {"rotation": [[0.9999993642284111, -0.0010994138683925795, -0.000250662959327844], [0.001099243906093951, 0.9999991665422386, -0.0006771836258911146], [0.0002514072554806074, 0.0006769076556264478, 0.9999997392951748]], "center": [102655.77166059834, -59750.66639052653, 610.7812197698935]}}, {"key": 4, "value": {"rotation": [[0.999997786508755, -0.0014927667977194883, 0.0014827760712502486], [0.001491345432190236, 0.9999984278843224, 0.000959227650597224], [-0.0014842056433429912, -0.0009570141960344364, 0.9999984406275026]], "center": [102655.43681131529, -59758.2277961123, 610.218974389649]}}, {"key": 5, "value": {"rotation": [[0.9999967997036124, -0.0022486813102870107, 0.0011593165647855747], [0.002247546984101668, 0.9999969952174975, 0.0009788199685965278], [-0.0011615141354609352, -0.0009762112176337252, 0.9999988489476234]], "center": [102655.7041868007, -59764.974719352635, 610.6188831286428]}}, {"key": 6, "value": {"rotation": [[0.9999942866992051, -0.0028334996041257123, 0.0018433255112425152], [0.002830199133088682, 0.9999943917579311, 0.0017906494778438477], [-0.001848388978013447, -0.0017854222690608184, 0.9999966978573015]], "center": [102655.0335121672, -59772.05938703056, 610.5517331681434]}}, {"key": 7, "value": {"rotation": [[0.9999905619706272, -0.004170659564962314, 0.0012171969689891233], [0.004170246598244627, 0.9999912461319587, 0.0003416178601624448], [-0.0012186110856034875, -0.0003365386244437096, 0.9999992008640689]], "center": [102655.62580449041, -59778.118536274094, 611.5335358064707]}}, {"key": 8, "value": {"rotation": [[0.9999853534898058, -0.005328635914939394, 0.0009478634673317186], [0.005328960808496844, 0.9999857429929664, -0.0003405693853891666], [-0.0009460351833770304, 0.0003456155245054455, 0.9999994927835419]], "center": [102655.68274156726, -59784.3474946991, 612.1177775711095]}}, {"key": 9, "value": {"rotation": [[0.9999798114404185, -0.006349853127247282, -0.0002368055034404877], [0.006349463606961729, 0.9999785444453979, -0.0016108881919698456], [0.00024702932607055235, 0.0016093520825316043, 0.999998674480315]], "center": [102656.17013922679, -59790.42113976099, 613.1537859684958]}}], "structure": [], "control_points": []}