{"sfm_data_version": "0.3", "root_path": "/mnt/ST8000/jialei/SFM_E/ex_sea_12/6-3/images", "views": [{"key": 9, "value": {"polymorphic_id": 1073741824, "ptr_wrapper": {"id": 2147483649, "data": {"local_path": "", "filename": "087511_13303.979266.jpg", "width": 1920, "height": 1080, "id_view": 9, "id_intrinsic": 0, "id_pose": 9}}}}, {"key": 8, "value": {"polymorphic_id": 1073741824, "ptr_wrapper": {"id": 2147483650, "data": {"local_path": "", "filename": "087510_13303.879656.jpg", "width": 1920, "height": 1080, "id_view": 8, "id_intrinsic": 0, "id_pose": 8}}}}, {"key": 7, "value": {"polymorphic_id": 1073741824, "ptr_wrapper": {"id": 2147483651, "data": {"local_path": "", "filename": "087509_13303.781047.jpg", "width": 1920, "height": 1080, "id_view": 7, "id_intrinsic": 0, "id_pose": 7}}}}, {"key": 6, "value": {"polymorphic_id": 1073741824, "ptr_wrapper": {"id": 2147483652, "data": {"local_path": "", "filename": "087508_13303.679461.jpg", "width": 1920, "height": 1080, "id_view": 6, "id_intrinsic": 0, "id_pose": 6}}}}, {"key": 5, "value": {"polymorphic_id": 1073741824, "ptr_wrapper": {"id": 2147483653, "data": {"local_path": "", "filename": "087507_13303.580852.jpg", "width": 1920, "height": 1080, "id_view": 5, "id_intrinsic": 0, "id_pose": 5}}}}, {"key": 4, "value": {"polymorphic_id": 1073741824, "ptr_wrapper": {"id": 2147483654, "data": {"local_path": "", "filename": "087506_13303.479266.jpg", "width": 1920, "height": 1080, "id_view": 4, "id_intrinsic": 0, "id_pose": 4}}}}, {"key": 3, "value": {"polymorphic_id": 1073741824, "ptr_wrapper": {"id": 2147483655, "data": {"local_path": "", "filename": "087505_13303.379656.jpg", "width": 1920, "height": 1080, "id_view": 3, "id_intrinsic": 0, "id_pose": 3}}}}, {"key": 2, "value": {"polymorphic_id": 1073741824, "ptr_wrapper": {"id": 2147483656, "data": {"local_path": "", "filename": "087504_13303.248047.jpg", "width": 1920, "height": 1080, "id_view": 2, "id_intrinsic": 0, "id_pose": 2}}}}, {"key": 1, "value": {"polymorphic_id": 1073741824, "ptr_wrapper": {"id": 2147483657, "data": {"local_path": "", "filename": "087503_13303.179461.jpg", "width": 1920, "height": 1080, "id_view": 1, "id_intrinsic": 0, "id_pose": 1}}}}, {"key": 0, "value": {"polymorphic_id": 1073741824, "ptr_wrapper": {"id": 2147483658, "data": {"local_path": "", "filename": "087502_13303.047852.jpg", "width": 1920, "height": 1080, "id_view": 0, "id_intrinsic": 0, "id_pose": 0}}}}], "intrinsics": [{"key": 0, "value": {"polymorphic_id": 2147483649, "polymorphic_name": "pinhole_radial_k3", "ptr_wrapper": {"id": 2147483659, "data": {"width": 1920, "height": 1080, "focal_length": 1739.13, "principal_point": [960.0, 540.0], "disto_k3": [0.0, 0.0, 0.0]}}}}], "extrinsics": [{"key": 0, "value": {"rotation": [[0.9999999974021825, 7.017843721689957e-05, 1.645059612730128e-05], [-7.017807730189028e-05, 0.9999999972981932, -2.1878095346737378e-05], [-1.6452131453395574e-05, 2.1876940818695426e-05, 0.9999999996253636]], "center": [102655.28827440746, -59731.17478745059, 609.3316321566211]}}, {"key": 1, "value": {"rotation": [[0.9999998748141518, 0.00023744524203190363, -0.0004404445909664545], [-0.000237596990652697, 0.9999999124286151, -0.00034451477775923877], [0.0004403627490013139, 0.0003446193829402718, 0.9999998436590529]], "center": [102653.91292243186, -59738.00729878079, 609.3017341464927]}}, {"key": 2, "value": {"rotation": [[0.9999999852150991, 1.0723897960995283e-05, -0.0001716240055769796], [-1.0572538597050768e-05, 0.9999996110695162, 0.000881900809562102], [0.0001716333962414405, -0.0008818989820218232, 0.9999995963980001]], "center": [102653.24530163805, -59745.51334527884, 609.4098253491343]}}, {"key": 3, "value": {"rotation": [[0.9999994504793724, -0.0010306200341479274, -0.00019199817146718407], [0.001030591272906133, 0.9999994577149061, -0.0001498383177467313], [0.00019215249372157075, 0.0001496403637675951, 0.9999999703425898]], "center": [102652.71559448949, -59751.77595686526, 609.8162569172022]}}, {"key": 4, "value": {"rotation": [[0.9999985531216141, -0.0016683525101227966, 0.0003321965978486154], [0.001668313833628341, 0.9999986015575996, 0.00011666960766843368], [-0.0003323907793236204, -0.00011611523068197937, 0.9999999380168095]], "center": [102651.88177559481, -59758.803089474255, 609.8991242053781]}}, {"key": 5, "value": {"rotation": [[0.9999977825852012, -0.0020016447368443376, 0.0006544028026388582], [0.002000495730880133, 0.9999964646472764, 0.001751773324043298], [-0.0006579069169483179, -0.0017504603096221956, 0.9999982515220678]], "center": [102651.25652009594, -59766.561980377584, 610.0254374307946]}}, {"key": 6, "value": {"rotation": [[0.9999962585435076, -0.0024026056903534037, 0.0013078168384789465], [0.0023991453047795086, 0.9999936343408791, 0.002641094380492094], [-0.0013141540217500745, -0.002637946856324776, 0.9999956571083648]], "center": [102650.09210745752, -59773.826922540444, 609.9991406153679]}}, {"key": 7, "value": {"rotation": [[0.9999953463716409, -0.0025994739872098175, 0.001596862564956752], [0.002592465183431947, 0.9999870664969672, 0.0043756100217898514], [-0.0016082161963597002, -0.004371449848724544, 0.9999891519746031]], "center": [102649.61372296109, -59781.639108838004, 610.0721157288059]}}, {"key": 8, "value": {"rotation": [[0.9999927410137732, -0.002678264399442908, 0.0027101327581022243], [0.0026621864371618458, 0.9999789397392299, 0.005918854735468292], [-0.002725927939923036, -0.005911596891911724, 0.9999788109450389]], "center": [102647.83518084351, -59789.1784120593, 609.8337866920858]}}, {"key": 9, "value": {"rotation": [[0.9999893675573029, -0.0032009576315317513, 0.0033194340761275453], [0.003175206094211717, 0.9999650489068295, 0.007734276373528263], [-0.003344075149260056, -0.007723654251970022, 0.9999645805359271]], "center": [102647.1286415808, -59797.17537990614, 609.7062502389334]}}], "structure": [], "control_points": []}