{"sfm_data_version": "0.3", "root_path": "/mnt/ST8000/jialei/SFM_E/ex_sea_12/6-3/images", "views": [{"key": 9, "value": {"polymorphic_id": 1073741824, "ptr_wrapper": {"id": 2147483649, "data": {"local_path": "", "filename": "087511_13303.979266.jpg", "width": 1920, "height": 1080, "id_view": 9, "id_intrinsic": 0, "id_pose": 9}}}}, {"key": 8, "value": {"polymorphic_id": 1073741824, "ptr_wrapper": {"id": 2147483650, "data": {"local_path": "", "filename": "087510_13303.879656.jpg", "width": 1920, "height": 1080, "id_view": 8, "id_intrinsic": 0, "id_pose": 8}}}}, {"key": 7, "value": {"polymorphic_id": 1073741824, "ptr_wrapper": {"id": 2147483651, "data": {"local_path": "", "filename": "087509_13303.781047.jpg", "width": 1920, "height": 1080, "id_view": 7, "id_intrinsic": 0, "id_pose": 7}}}}, {"key": 6, "value": {"polymorphic_id": 1073741824, "ptr_wrapper": {"id": 2147483652, "data": {"local_path": "", "filename": "087508_13303.679461.jpg", "width": 1920, "height": 1080, "id_view": 6, "id_intrinsic": 0, "id_pose": 6}}}}, {"key": 5, "value": {"polymorphic_id": 1073741824, "ptr_wrapper": {"id": 2147483653, "data": {"local_path": "", "filename": "087507_13303.580852.jpg", "width": 1920, "height": 1080, "id_view": 5, "id_intrinsic": 0, "id_pose": 5}}}}, {"key": 4, "value": {"polymorphic_id": 1073741824, "ptr_wrapper": {"id": 2147483654, "data": {"local_path": "", "filename": "087506_13303.479266.jpg", "width": 1920, "height": 1080, "id_view": 4, "id_intrinsic": 0, "id_pose": 4}}}}, {"key": 3, "value": {"polymorphic_id": 1073741824, "ptr_wrapper": {"id": 2147483655, "data": {"local_path": "", "filename": "087505_13303.379656.jpg", "width": 1920, "height": 1080, "id_view": 3, "id_intrinsic": 0, "id_pose": 3}}}}, {"key": 2, "value": {"polymorphic_id": 1073741824, "ptr_wrapper": {"id": 2147483656, "data": {"local_path": "", "filename": "087504_13303.248047.jpg", "width": 1920, "height": 1080, "id_view": 2, "id_intrinsic": 0, "id_pose": 2}}}}, {"key": 1, "value": {"polymorphic_id": 1073741824, "ptr_wrapper": {"id": 2147483657, "data": {"local_path": "", "filename": "087503_13303.179461.jpg", "width": 1920, "height": 1080, "id_view": 1, "id_intrinsic": 0, "id_pose": 1}}}}, {"key": 0, "value": {"polymorphic_id": 1073741824, "ptr_wrapper": {"id": 2147483658, "data": {"local_path": "", "filename": "087502_13303.047852.jpg", "width": 1920, "height": 1080, "id_view": 0, "id_intrinsic": 0, "id_pose": 0}}}}], "intrinsics": [{"key": 0, "value": {"polymorphic_id": 2147483649, "polymorphic_name": "pinhole_radial_k3", "ptr_wrapper": {"id": 2147483659, "data": {"width": 1920, "height": 1080, "focal_length": 1739.13, "principal_point": [960.0, 540.0], "disto_k3": [0.0, 0.0, 0.0]}}}}], "extrinsics": [{"key": 0, "value": {"rotation": [[0.9999999670815918, -0.0001443959695649468, 0.00021210049386364676], [0.00014439012308632647, 0.9999999891954258, 2.7579716943374935e-05], [-0.0002121044739719542, -2.754909081912049e-05, 0.9999999771263697]], "center": [0.00021495239849398686, -5.520772570624868e-05, 0.00011972527598064807]}}, {"key": 1, "value": {"rotation": [[0.9999999697777459, 2.289344162790358e-05, -0.0002447864329637294], [-2.296567527870107e-05, 0.9999999561973171, -0.0002950897180102391], [0.0002447796666221888, 0.0002950953307776979, 0.9999999265008276]], "center": [-0.002027100588997785, -0.01118104496623074, 7.004960304953337e-05]}}, {"key": 2, "value": {"rotation": [[0.9999999789358295, -0.00020384120831943745, 2.4022952296931807e-05], [0.0002038187457045803, 0.9999995455035887, 0.0009313702459523687], [-2.42127930149336e-05, -0.0009313653300058239, 0.9999995659860872]], "center": [-0.0031169366377526847, -0.02340395078578225, 0.0002452520121099151]}}, {"key": 3, "value": {"rotation": [[0.9999992247516409, -0.0012451839933572753, 3.59716531231673e-06], [0.001245184347429172, 0.9999992197411355, -0.00010016516795501134], [-3.472438441781524e-06, 0.00010016956943606783, 0.9999999949769997]], "center": [-0.003981849481899834, -0.03360207230584865, 0.0009064272851520834]}}, {"key": 4, "value": {"rotation": [[0.9999980879971466, -0.0018829421720400951, 0.0005277601987803587], [0.0018828545534136374, 0.999998213572059, 0.00016646747781822875], [-0.0005280727046090493, -0.00016547346383854813, 0.9999998468788639]], "center": [-0.005342153436628706, -0.04504503650696864, 0.0010405397479653366]}}, {"key": 5, "value": {"rotation": [[0.9999971829063689, -0.0022162501518563724, 0.0008499497577765732], [0.002214716058608094, 0.9999959245618651, 0.001801636045383305], [-0.0008539391700180577, -0.0017997485726283056, 0.999998015844516]], "center": [-0.006363094386423658, -0.05767970000221824, 0.0012454087171796658]}}, {"key": 6, "value": {"rotation": [[0.9999954449879322, -0.0026172430665951704, 0.001503343645981541], [0.0026131910064958025, 0.9999929647571154, 0.002691034938068354], [-0.0015103761621274557, -0.002687094156276374, 0.9999952491331366]], "center": [-0.008261798014845527, -0.06950979798463952, 0.0012016297337724465]}}, {"key": 7, "value": {"rotation": [[0.9999944340214405, -0.00281412545035446, 0.0017923794487322627], [0.0028061700975841137, 0.9999862696956748, 0.004425588041469183], [-0.0018048089987572008, -0.004420533687128472, 0.9999886007082276]], "center": [-0.009043570293317302, -0.08223129674463808, 0.001319683400263245]}}, {"key": 8, "value": {"rotation": [[0.9999915939389555, -0.0028929703300937496, 0.0029056452115966435], [0.002875587657977122, 0.9999780516958854, 0.0059688459623942584], [-0.0029228491318859314, -0.005960440350401811, 0.9999779648091159]], "center": [-0.011942373913128917, -0.09450794300958208, 0.0009304053525735667]}}, {"key": 9, "value": {"rotation": [[0.9999879891174293, -0.0034156929431533602, 0.0035149199987701547], [0.0033882491129077043, 0.9999639610478557, 0.007784367246749597], [-0.003541382333008117, -0.007772364325060933, 0.9999635238167291]], "center": [-0.013095682724748049, -0.10753025118121812, 0.0007218508127412597]}}], "structure": [], "control_points": []}