{"sfm_data_version": "0.3", "root_path": "/mnt/ST8000/jialei/SFM_E/ex_sea_12/6-1/images", "views": [{"key": 9, "value": {"polymorphic_id": 1073741824, "ptr_wrapper": {"id": 2147483649, "data": {"local_path": "", "filename": "104926_15025.847656.jpg", "width": 1920, "height": 1080, "id_view": 9, "id_intrinsic": 0, "id_pose": 9}}}}, {"key": 8, "value": {"polymorphic_id": 1073741824, "ptr_wrapper": {"id": 2147483650, "data": {"local_path": "", "filename": "104925_15025.748047.jpg", "width": 1920, "height": 1080, "id_view": 8, "id_intrinsic": 0, "id_pose": 8}}}}, {"key": 7, "value": {"polymorphic_id": 1073741824, "ptr_wrapper": {"id": 2147483651, "data": {"local_path": "", "filename": "104924_15025.647461.jpg", "width": 1920, "height": 1080, "id_view": 7, "id_intrinsic": 0, "id_pose": 7}}}}, {"key": 6, "value": {"polymorphic_id": 1073741824, "ptr_wrapper": {"id": 2147483652, "data": {"local_path": "", "filename": "104923_15025.547852.jpg", "width": 1920, "height": 1080, "id_view": 6, "id_intrinsic": 0, "id_pose": 6}}}}, {"key": 5, "value": {"polymorphic_id": 1073741824, "ptr_wrapper": {"id": 2147483653, "data": {"local_path": "", "filename": "104922_15025.447266.jpg", "width": 1920, "height": 1080, "id_view": 5, "id_intrinsic": 0, "id_pose": 5}}}}, {"key": 4, "value": {"polymorphic_id": 1073741824, "ptr_wrapper": {"id": 2147483654, "data": {"local_path": "", "filename": "104921_15025.347656.jpg", "width": 1920, "height": 1080, "id_view": 4, "id_intrinsic": 0, "id_pose": 4}}}}, {"key": 3, "value": {"polymorphic_id": 1073741824, "ptr_wrapper": {"id": 2147483655, "data": {"local_path": "", "filename": "104920_15025.280047.jpg", "width": 1920, "height": 1080, "id_view": 3, "id_intrinsic": 0, "id_pose": 3}}}}, {"key": 2, "value": {"polymorphic_id": 1073741824, "ptr_wrapper": {"id": 2147483656, "data": {"local_path": "", "filename": "104919_15025.248047.jpg", "width": 1920, "height": 1080, "id_view": 2, "id_intrinsic": 0, "id_pose": 2}}}}, {"key": 1, "value": {"polymorphic_id": 1073741824, "ptr_wrapper": {"id": 2147483657, "data": {"local_path": "", "filename": "104918_15025.147461.jpg", "width": 1920, "height": 1080, "id_view": 1, "id_intrinsic": 0, "id_pose": 1}}}}, {"key": 0, "value": {"polymorphic_id": 1073741824, "ptr_wrapper": {"id": 2147483658, "data": {"local_path": "", "filename": "104917_15025.047852.jpg", "width": 1920, "height": 1080, "id_view": 0, "id_intrinsic": 0, "id_pose": 0}}}}], "intrinsics": [{"key": 0, "value": {"polymorphic_id": 2147483649, "polymorphic_name": "pinhole_radial_k3", "ptr_wrapper": {"id": 2147483659, "data": {"width": 1920, "height": 1080, "focal_length": 1739.13, "principal_point": [960.0, 540.0], "disto_k3": [0.0, 0.0, 0.0]}}}}], "extrinsics": [{"key": 0, "value": {"rotation": [[0.9999990622009799, -0.0008588934478244763, 0.0010667235846377257], [0.000859613968991597, 0.999999402599176, -0.0006751778399033482], [-0.0010661430415533787, 0.000676094177216622, 0.9999992031175218]], "center": [0.0006485432141568924, -0.0013658559259381263, 0.0011394857832082153]}}, {"key": 1, "value": {"rotation": [[0.9999999598125258, -6.012674980284165e-06, 0.00028344098957687876], [5.960357606527164e-06, 0.9999999829473664, 0.00018457990447139056], [-0.0002834420945624364, -0.0001845782076439329, 0.9999999427957306]], "center": [0.0012843153993890568, -0.011081560637341207, 0.0014213756588651522]}}, {"key": 2, "value": {"rotation": [[0.9999988765086291, -0.00026329254469637734, 0.00147568916622315], [0.00026036706127038954, 0.9999980013578309, 0.001982293958331018], [-0.0014762081400691589, -0.001981907510389317, 0.9999969464214115]], "center": [0.0019326119792578216, -0.022994352138618345, 0.0012863320012209073]}}, {"key": 3, "value": {"rotation": [[0.9999971351077728, -0.0005932879479921523, 0.0023190053163536103], [0.0005881983771838019, 0.9999974184614847, 0.0021947876970156576], [-0.002320301470841086, -0.002193417374021689, 0.9999949025476618]], "center": [0.002136115005264733, -0.03338414916550859, 0.001332812153665785]}}, {"key": 4, "value": {"rotation": [[0.99999128665029, -0.0016503659159334638, 0.003834438138898609], [0.0016442696176749716, 0.999997380174205, 0.0015924892936904035], [-0.0038370562833904324, -0.00158617056764162, 0.9999913804938562]], "center": [0.0030742303300312704, -0.04314666952450031, 0.0013829127939594286]}}, {"key": 5, "value": {"rotation": [[0.9999878646073095, -0.0017523086799632799, 0.004604351463911734], [0.0017427014469146617, 0.9999962979837489, 0.0020897393292506005], [-0.004607996286893264, -0.0020816899594849835, 0.9999872163868556]], "center": [0.003118160665285956, -0.05367374350265532, 0.001239588149500556]}}, {"key": 6, "value": {"rotation": [[0.9999811539820149, -0.0023489168740425267, 0.005672236800133125], [0.002335600668044617, 0.9999945039412304, 0.0023530951642650043], [-0.005677732850123859, -0.0023398027377315427, 0.9999811441586438]], "center": [0.0032242152948904835, -0.06378817436391306, 0.0012945237223289702]}}, {"key": 7, "value": {"rotation": [[0.9999766164893127, -0.0023607791406224177, 0.00641819261436548], [0.002341614640247239, 0.9999927828354971, 0.0029918418733360743], [-0.006425209371100175, -0.0029767429797799283, 0.9999749275285701]], "center": [0.003261665338541798, -0.07448241963457244, 0.001087900518657959]}}, {"key": 8, "value": {"rotation": [[0.999967893310836, -0.0031776563854134456, 0.0073562794525887975], [0.0031484968319367987, 0.999987154641551, 0.003972092596382639], [-0.007368806903944696, -0.003948803843088986, 0.9999650532058708]], "center": [0.004746695730310075, -0.08539488795171776, 0.0013233809151391848]}}, {"key": 9, "value": {"rotation": [[0.9999607902886807, -0.003600724349616076, 0.00809028240514688], [0.0035672059167122846, 0.9999850109382327, 0.004153665948302351], [-0.008105117345524401, -0.004124643380996114, 0.9999586463398342]], "center": [0.005548454624711442, -0.095917691137387, 0.0014247842254582297]}}], "structure": [], "control_points": []}