{"sfm_data_version": "0.3", "root_path": "/mnt/ST8000/jialei/SFM_E/ex_sea_12/6-1/images", "views": [{"key": 9, "value": {"polymorphic_id": 1073741824, "ptr_wrapper": {"id": 2147483649, "data": {"local_path": "", "filename": "104926_15025.847656.jpg", "width": 1920, "height": 1080, "id_view": 9, "id_intrinsic": 0, "id_pose": 9}}}}, {"key": 8, "value": {"polymorphic_id": 1073741824, "ptr_wrapper": {"id": 2147483650, "data": {"local_path": "", "filename": "104925_15025.748047.jpg", "width": 1920, "height": 1080, "id_view": 8, "id_intrinsic": 0, "id_pose": 8}}}}, {"key": 7, "value": {"polymorphic_id": 1073741824, "ptr_wrapper": {"id": 2147483651, "data": {"local_path": "", "filename": "104924_15025.647461.jpg", "width": 1920, "height": 1080, "id_view": 7, "id_intrinsic": 0, "id_pose": 7}}}}, {"key": 6, "value": {"polymorphic_id": 1073741824, "ptr_wrapper": {"id": 2147483652, "data": {"local_path": "", "filename": "104923_15025.547852.jpg", "width": 1920, "height": 1080, "id_view": 6, "id_intrinsic": 0, "id_pose": 6}}}}, {"key": 5, "value": {"polymorphic_id": 1073741824, "ptr_wrapper": {"id": 2147483653, "data": {"local_path": "", "filename": "104922_15025.447266.jpg", "width": 1920, "height": 1080, "id_view": 5, "id_intrinsic": 0, "id_pose": 5}}}}, {"key": 4, "value": {"polymorphic_id": 1073741824, "ptr_wrapper": {"id": 2147483654, "data": {"local_path": "", "filename": "104921_15025.347656.jpg", "width": 1920, "height": 1080, "id_view": 4, "id_intrinsic": 0, "id_pose": 4}}}}, {"key": 3, "value": {"polymorphic_id": 1073741824, "ptr_wrapper": {"id": 2147483655, "data": {"local_path": "", "filename": "104920_15025.280047.jpg", "width": 1920, "height": 1080, "id_view": 3, "id_intrinsic": 0, "id_pose": 3}}}}, {"key": 2, "value": {"polymorphic_id": 1073741824, "ptr_wrapper": {"id": 2147483656, "data": {"local_path": "", "filename": "104919_15025.248047.jpg", "width": 1920, "height": 1080, "id_view": 2, "id_intrinsic": 0, "id_pose": 2}}}}, {"key": 1, "value": {"polymorphic_id": 1073741824, "ptr_wrapper": {"id": 2147483657, "data": {"local_path": "", "filename": "104918_15025.147461.jpg", "width": 1920, "height": 1080, "id_view": 1, "id_intrinsic": 0, "id_pose": 1}}}}, {"key": 0, "value": {"polymorphic_id": 1073741824, "ptr_wrapper": {"id": 2147483658, "data": {"local_path": "", "filename": "104917_15025.047852.jpg", "width": 1920, "height": 1080, "id_view": 0, "id_intrinsic": 0, "id_pose": 0}}}}], "intrinsics": [{"key": 0, "value": {"polymorphic_id": 2147483649, "polymorphic_name": "pinhole_radial_k3", "ptr_wrapper": {"id": 2147483659, "data": {"width": 1920, "height": 1080, "focal_length": 1739.13, "principal_point": [960.0, 540.0], "disto_k3": [0.0, 0.0, 0.0]}}}}], "extrinsics": [{"key": 0, "value": {"rotation": [[1.0000000000000002, 1.4316338899813572e-13, 1.81650071113365e-12], [-1.431634302453494e-13, 1.0, 1.4412829987443263e-12], [-1.8164997085242966e-12, -1.4412830605266795e-12, 1.0000000000000002]], "center": [102655.28827440318, -59731.17478745466, 609.3316321493088]}}, {"key": 1, "value": {"rotation": [[0.9999993295309803, 0.0008534098901267976, -0.0007827062983168658], [-0.000852736185568535, 0.9999992660458966, 0.0008606675699162971], [0.0007834402260626565, -0.0008599995508820918, 0.9999993233108635]], "center": [102655.70398808418, -59737.4421587599, 609.5088045154058]}}, {"key": 2, "value": {"rotation": [[0.9999997390033405, 0.0005953242633364936, 0.00040936813778243375], [-0.0005964103545363395, 0.999996289372407, 0.002658107617531573], [-0.00040778418281041824, -0.002658351075170552, 0.9999963834342709]], "center": [102656.12871168452, -59745.1266822041, 609.4160462435997]}}, {"key": 3, "value": {"rotation": [[0.9999991806202322, 0.00026475817186992696, 0.0012524623645002821], [-0.0002683521733347041, 0.999995844813724, 0.002870251277715181], [-0.0012516972378047231, -0.002870585026886877, 0.9999950964857919]], "center": [102656.26578012717, -59751.82904763531, 609.4413591251474]}}, {"key": 4, "value": {"rotation": [[0.9999958566335048, -0.0007933473786497128, 0.0027671855304551465], [0.000787075623747864, 0.9999971209985936, 0.002266827405462649], [-0.00276897594530405, -0.0022646400288884876, 0.9999936020684101]], "center": [102656.8764017353, -59758.12635109661, 609.4687759250064]}}, {"key": 5, "value": {"rotation": [[0.999993343436406, -0.0008958128518315912, 0.0035370329674158226], [0.0008860387185040644, 0.9999957876899539, 0.002763971370700706], [-0.0035394940694122457, -0.002760819023991759, 0.9999899248792704]], "center": [102656.91047531896, -59764.91727970684, 609.3716956330077]}}, {"key": 6, "value": {"rotation": [[0.9999882843787454, -0.001493147470559969, 0.004604521243817596], [0.0014792198523849607, 0.9999943255009356, 0.0030266936675318844], [-0.004609014415459903, -0.003019847108700644, 0.9999848186395419]], "center": [102656.98453306845, -59771.44206414686, 609.4026502277211]}}, {"key": 7, "value": {"rotation": [[0.9999845528073803, -0.0015055172833818356, 0.0053504732812177155], [0.0014859166633721381, 0.9999921782983009, 0.0036654322922127225], [-0.005355949803078733, -0.0036574253141685624, 0.9999789682997225]], "center": [102657.01447528396, -59778.34081098088, 609.2646675888942]}}, {"key": 8, "value": {"rotation": [[0.9999775319269506, -0.0023230349141822224, 0.006288016386102207], [0.002293848588950626, 0.9999865818713534, 0.004644818177092942], [-0.0062987220874847795, -0.004630290059464248, 0.9999694427901429]], "center": [102657.97867640281, -59785.37972332588, 609.4107951455661]}}, {"key": 9, "value": {"rotation": [[0.9999715752600183, -0.0027466043140298184, 0.007021740292796057], [0.002712752810850383, 0.9999846755031901, 0.00482594353119829], [-0.0070348876454813655, -0.0048067581092919144, 0.9999637020573763]], "center": [102658.5017910634, -59792.16758319679, 609.4710694765937]}}], "structure": [], "control_points": []}