{"sfm_data_version": "0.3", "root_path": "/mnt/ST8000/jialei/SFM_E/ex_sea_12/6-3/images", "views": [{"key": 9, "value": {"polymorphic_id": 1073741824, "ptr_wrapper": {"id": 2147483649, "data": {"local_path": "", "filename": "087511_13303.979266.jpg", "width": 1920, "height": 1080, "id_view": 9, "id_intrinsic": 0, "id_pose": 9}}}}, {"key": 8, "value": {"polymorphic_id": 1073741824, "ptr_wrapper": {"id": 2147483650, "data": {"local_path": "", "filename": "087510_13303.879656.jpg", "width": 1920, "height": 1080, "id_view": 8, "id_intrinsic": 0, "id_pose": 8}}}}, {"key": 7, "value": {"polymorphic_id": 1073741824, "ptr_wrapper": {"id": 2147483651, "data": {"local_path": "", "filename": "087509_13303.781047.jpg", "width": 1920, "height": 1080, "id_view": 7, "id_intrinsic": 0, "id_pose": 7}}}}, {"key": 6, "value": {"polymorphic_id": 1073741824, "ptr_wrapper": {"id": 2147483652, "data": {"local_path": "", "filename": "087508_13303.679461.jpg", "width": 1920, "height": 1080, "id_view": 6, "id_intrinsic": 0, "id_pose": 6}}}}, {"key": 5, "value": {"polymorphic_id": 1073741824, "ptr_wrapper": {"id": 2147483653, "data": {"local_path": "", "filename": "087507_13303.580852.jpg", "width": 1920, "height": 1080, "id_view": 5, "id_intrinsic": 0, "id_pose": 5}}}}, {"key": 4, "value": {"polymorphic_id": 1073741824, "ptr_wrapper": {"id": 2147483654, "data": {"local_path": "", "filename": "087506_13303.479266.jpg", "width": 1920, "height": 1080, "id_view": 4, "id_intrinsic": 0, "id_pose": 4}}}}, {"key": 3, "value": {"polymorphic_id": 1073741824, "ptr_wrapper": {"id": 2147483655, "data": {"local_path": "", "filename": "087505_13303.379656.jpg", "width": 1920, "height": 1080, "id_view": 3, "id_intrinsic": 0, "id_pose": 3}}}}, {"key": 2, "value": {"polymorphic_id": 1073741824, "ptr_wrapper": {"id": 2147483656, "data": {"local_path": "", "filename": "087504_13303.248047.jpg", "width": 1920, "height": 1080, "id_view": 2, "id_intrinsic": 0, "id_pose": 2}}}}, {"key": 1, "value": {"polymorphic_id": 1073741824, "ptr_wrapper": {"id": 2147483657, "data": {"local_path": "", "filename": "087503_13303.179461.jpg", "width": 1920, "height": 1080, "id_view": 1, "id_intrinsic": 0, "id_pose": 1}}}}, {"key": 0, "value": {"polymorphic_id": 1073741824, "ptr_wrapper": {"id": 2147483658, "data": {"local_path": "", "filename": "087502_13303.047852.jpg", "width": 1920, "height": 1080, "id_view": 0, "id_intrinsic": 0, "id_pose": 0}}}}], "intrinsics": [{"key": 0, "value": {"polymorphic_id": 2147483649, "polymorphic_name": "pinhole_radial_k3", "ptr_wrapper": {"id": 2147483659, "data": {"width": 1920, "height": 1080, "focal_length": 1739.13, "principal_point": [960.0, 540.0], "disto_k3": [0.0, 0.0, 0.0]}}}}], "extrinsics": [{"key": 0, "value": {"rotation": [[0.9999999902452827, 0.0001375533582231539, 2.425918293361042e-05], [-0.00013755231812708009, 0.9999999896207278, -4.2870782454800674e-05], [-2.4265079701913955e-05, 4.2867445129759964e-05, 0.9999999987867941]], "center": [102655.28827440964, -59731.17478744481, 609.3316321603287]}}, {"key": 1, "value": {"rotation": [[0.9999998656376339, 0.0002956873462036668, -0.000425785987884166], [-0.0002958416219489333, 0.9999998906030435, -0.00036231427757761934], [0.0004256788095572499, 0.0003624401941134829, 0.9999998437173163]], "center": [102653.91366858513, -59738.018906424986, 609.2869958787722]}}, {"key": 2, "value": {"rotation": [[0.9999999817851982, 0.00010042016275982377, -0.00016231264370336284], [-0.00010028022586482098, 0.9999996235166935, 0.0008619224718235845], [0.00016239913699023768, -0.0008619061793752751, 0.9999996153720554]], "center": [102653.24311333438, -59745.541362766286, 609.3776789913566]}}, {"key": 3, "value": {"rotation": [[0.9999995149917035, -0.0009673788775623088, -0.00018491745371461847], [0.0009673474061678, 0.9999995176344546, -0.00017020532754440204], [0.0001850820175555307, 0.00017002636557420214, 0.9999999684178407]], "center": [102652.70399320006, -59751.83687350333, 609.7954838898669]}}, {"key": 4, "value": {"rotation": [[0.9999986699158553, -0.0015974859283037297, 0.00032894563153689887], [0.001597455196658534, 0.9999987196809442, 9.36662487297604e-05], [-0.0003290948408958551, -9.314064823725883e-05, 0.9999999415107013]], "center": [102651.86458613437, -59758.89040659045, 609.8616792833783]}}, {"key": 5, "value": {"rotation": [[0.9999980104556407, -0.0018881435562226189, 0.0006434272846565223], [0.0018870296727838925, 0.9999967275915254, 0.0017274041954301145], [-0.0006466867662002513, -0.0017261865923044297, 0.9999983010365946]], "center": [102651.23683027315, -59766.665330266624, 609.9656317764113]}}, {"key": 6, "value": {"rotation": [[0.9999966039530386, -0.0022653227939776295, 0.0012885631641855217], [0.0022619461675907723, 0.9999940202957499, 0.00261590754384383], [-0.0012944813339449163, -0.002612983999588054, 0.9999957483073091]], "center": [102650.0717805587, -59773.94414104093, 609.9136456542928]}}, {"key": 7, "value": {"rotation": [[0.9999958468980127, -0.0024167653036219774, 0.0015701694792541465], [0.002409917047073777, 0.9999876399299176, 0.004348825958699363], [-0.0015806601635378276, -0.004345023919386801, 0.9999893110831678]], "center": [102649.5935245491, -59781.77786665373, 609.9639371517266]}}, {"key": 8, "value": {"rotation": [[0.999993410731813, -0.0024564932757747708, 0.002672851238196676], [0.0024407243302811475, 0.9999796926917407, 0.00588702546919093], [-0.0026872583982620046, -0.005880462984953048, 0.9999790991802703]], "center": [102647.82415608852, -59789.32769337952, 609.6844519544297]}}, {"key": 9, "value": {"rotation": [[0.9999903487115491, -0.0029316283895456678, 0.0032723139732748485], [0.002906363984826112, 0.9999661394899734, 0.007698890953006523], [-0.003294773458340558, -0.007689306113310216, 0.9999650089074894]], "center": [102647.12073998462, -59797.33904329445, 609.5233285119813]}}], "structure": [], "control_points": []}