{"sfm_data_version": "0.3", "root_path": "/mnt/ST8000/jialei/SFM_E/ex_sea_12/6-3/images", "views": [{"key": 9, "value": {"polymorphic_id": 1073741824, "ptr_wrapper": {"id": 2147483649, "data": {"local_path": "", "filename": "087511_13303.979266.jpg", "width": 1920, "height": 1080, "id_view": 9, "id_intrinsic": 0, "id_pose": 9}}}}, {"key": 8, "value": {"polymorphic_id": 1073741824, "ptr_wrapper": {"id": 2147483650, "data": {"local_path": "", "filename": "087510_13303.879656.jpg", "width": 1920, "height": 1080, "id_view": 8, "id_intrinsic": 0, "id_pose": 8}}}}, {"key": 7, "value": {"polymorphic_id": 1073741824, "ptr_wrapper": {"id": 2147483651, "data": {"local_path": "", "filename": "087509_13303.781047.jpg", "width": 1920, "height": 1080, "id_view": 7, "id_intrinsic": 0, "id_pose": 7}}}}, {"key": 6, "value": {"polymorphic_id": 1073741824, "ptr_wrapper": {"id": 2147483652, "data": {"local_path": "", "filename": "087508_13303.679461.jpg", "width": 1920, "height": 1080, "id_view": 6, "id_intrinsic": 0, "id_pose": 6}}}}, {"key": 5, "value": {"polymorphic_id": 1073741824, "ptr_wrapper": {"id": 2147483653, "data": {"local_path": "", "filename": "087507_13303.580852.jpg", "width": 1920, "height": 1080, "id_view": 5, "id_intrinsic": 0, "id_pose": 5}}}}, {"key": 4, "value": {"polymorphic_id": 1073741824, "ptr_wrapper": {"id": 2147483654, "data": {"local_path": "", "filename": "087506_13303.479266.jpg", "width": 1920, "height": 1080, "id_view": 4, "id_intrinsic": 0, "id_pose": 4}}}}, {"key": 3, "value": {"polymorphic_id": 1073741824, "ptr_wrapper": {"id": 2147483655, "data": {"local_path": "", "filename": "087505_13303.379656.jpg", "width": 1920, "height": 1080, "id_view": 3, "id_intrinsic": 0, "id_pose": 3}}}}, {"key": 2, "value": {"polymorphic_id": 1073741824, "ptr_wrapper": {"id": 2147483656, "data": {"local_path": "", "filename": "087504_13303.248047.jpg", "width": 1920, "height": 1080, "id_view": 2, "id_intrinsic": 0, "id_pose": 2}}}}, {"key": 1, "value": {"polymorphic_id": 1073741824, "ptr_wrapper": {"id": 2147483657, "data": {"local_path": "", "filename": "087503_13303.179461.jpg", "width": 1920, "height": 1080, "id_view": 1, "id_intrinsic": 0, "id_pose": 1}}}}, {"key": 0, "value": {"polymorphic_id": 1073741824, "ptr_wrapper": {"id": 2147483658, "data": {"local_path": "", "filename": "087502_13303.047852.jpg", "width": 1920, "height": 1080, "id_view": 0, "id_intrinsic": 0, "id_pose": 0}}}}], "intrinsics": [{"key": 0, "value": {"polymorphic_id": 2147483649, "polymorphic_name": "pinhole_radial_k3", "ptr_wrapper": {"id": 2147483659, "data": {"width": 1920, "height": 1080, "focal_length": 1739.13, "principal_point": [960.0, 540.0], "disto_k3": [0.0, 0.0, 0.0]}}}}], "extrinsics": [{"key": 0, "value": {"rotation": [[0.9999999705422911, -0.0001107098895388386, 0.00021600633634065303], [0.00011070620423051605, 0.9999999937263246, 1.707299415426517e-05], [-0.00021600822513479536, -1.7049080409759928e-05, 0.9999999765248875]], "center": [0.00020049634344715083, -4.715639828868648e-05, 0.00013424027961080807]}}, {"key": 1, "value": {"rotation": [[0.9999999714893245, 4.7451092073365476e-05, -0.00023402936596823693], [-4.752186188438256e-05, 0.999999953147698, -0.00030240085067830534], [0.00023401500575281843, 0.00030241196356785565, 0.999999926891988]], "center": [-0.002040071424467349, -0.011188610316755285, 6.0476529445277504e-05]}}, {"key": 2, "value": {"rotation": [[0.9999999886397347, -0.00014783190183155923, 2.9432284963272748e-05], [0.00014780470623908313, 0.9999995641515483, 0.000921873354728725], [-2.95685544265647e-05, -0.0009218689940257874, 0.9999995746415389]], "center": [-0.0031347830599043214, -0.023434674212436, 0.00020716210691236177]}}, {"key": 3, "value": {"rotation": [[0.9999992610993915, -0.0012156294369054838, 6.763349836561264e-06], [0.0012156301738763073, 0.9999992550658917, -0.00011004972440568063], [-6.629565113794009e-06, 0.00011005786482200003, 0.9999999939216577]], "center": [-0.004015128652875272, -0.03368339367758352, 0.0008865526452531789]}}, {"key": 4, "value": {"rotation": [[0.9999981610641285, -0.0018457670492831593, 0.0005205884750696813], [0.0018456871368997727, 0.9999982848688609, 0.00015394261486896503], [-0.0005208717243981958, -0.0001529814883263337, 0.9999998526446447]], "center": [-0.005384528654868492, -0.04516599439878802, 0.0009933660481169948]}}, {"key": 5, "value": {"rotation": [[0.9999973691450554, -0.0021364433485463064, 0.0008350525646171591], [0.002134947828800557, 0.9999961229914874, 0.001787735931827851], [-0.0008388687236518028, -0.0017859484348941978, 0.9999980533418317]], "center": [-0.00640967038557297, -0.05782308589276847, 0.0011616424778066114]}}, {"key": 6, "value": {"rotation": [[0.9999957453004154, -0.0025136608830056773, 0.001480165541950319], [0.0025096932591916446, 0.9999932693769746, 0.00267631098603334], [-0.0014868829177504075, -0.002672584837651009, 0.9999953232238015]], "center": [-0.008309260682465533, -0.06967228857372455, 0.0010759363877050785]}}, {"key": 7, "value": {"rotation": [[0.9999948966507007, -0.002665120074331315, 0.0017617626241490983], [0.002657330253795351, 0.9999867484349473, 0.004409257355061534], [-0.0017734904783269546, -0.004404553267959976, 0.9999887272574796]], "center": [-0.009091028299776382, -0.08242516298778439, 0.0011568953013998868]}}, {"key": 8, "value": {"rotation": [[0.999992239178735, -0.002704913515882468, 0.0028644415112390716], [0.002687840606998859, 0.9999787013759237, 0.005947462264869789], [-0.002880467873641554, -0.005939716945467951, 0.9999782110963407]], "center": [-0.011974469303290212, -0.09471530481236319, 0.0007006126603885236]}}, {"key": 9, "value": {"rotation": [[0.9999889442569377, -0.0031800837753101717, 0.003463875153187321], [0.0031531294419773464, 0.9999649240024664, 0.007759416180572447], [-0.00348842924781267, -0.007748408347732007, 0.9999638958629761]], "center": [-0.013122796366622495, -0.10775723446663026, 0.000437306968137508]}}], "structure": [], "control_points": []}