{"sfm_data_version": "0.3", "root_path": "/mnt/ST8000/jialei/SFM_E/ex_sea_12/1-3/images", "views": [{"key": 9, "value": {"polymorphic_id": 1073741824, "ptr_wrapper": {"id": 2147483649, "data": {"local_path": "", "filename": "051561_13000.366211.jpg", "width": 1920, "height": 1080, "id_view": 9, "id_intrinsic": 0, "id_pose": 9}}}}, {"key": 8, "value": {"polymorphic_id": 1073741824, "ptr_wrapper": {"id": 2147483650, "data": {"local_path": "", "filename": "051560_13000.298602.jpg", "width": 1920, "height": 1080, "id_view": 8, "id_intrinsic": 0, "id_pose": 8}}}}, {"key": 7, "value": {"polymorphic_id": 1073741824, "ptr_wrapper": {"id": 2147483651, "data": {"local_path": "", "filename": "051559_13000.166016.jpg", "width": 1920, "height": 1080, "id_view": 7, "id_intrinsic": 0, "id_pose": 7}}}}, {"key": 6, "value": {"polymorphic_id": 1073741824, "ptr_wrapper": {"id": 2147483652, "data": {"local_path": "", "filename": "051558_13000.098406.jpg", "width": 1920, "height": 1080, "id_view": 6, "id_intrinsic": 0, "id_pose": 6}}}}, {"key": 5, "value": {"polymorphic_id": 1073741824, "ptr_wrapper": {"id": 2147483653, "data": {"local_path": "", "filename": "051557_12999.965820.jpg", "width": 1920, "height": 1080, "id_view": 5, "id_intrinsic": 0, "id_pose": 5}}}}, {"key": 4, "value": {"polymorphic_id": 1073741824, "ptr_wrapper": {"id": 2147483654, "data": {"local_path": "", "filename": "051556_12999.898211.jpg", "width": 1920, "height": 1080, "id_view": 4, "id_intrinsic": 0, "id_pose": 4}}}}, {"key": 3, "value": {"polymorphic_id": 1073741824, "ptr_wrapper": {"id": 2147483655, "data": {"local_path": "", "filename": "051555_12999.766602.jpg", "width": 1920, "height": 1080, "id_view": 3, "id_intrinsic": 0, "id_pose": 3}}}}, {"key": 2, "value": {"polymorphic_id": 1073741824, "ptr_wrapper": {"id": 2147483656, "data": {"local_path": "", "filename": "051554_12999.698016.jpg", "width": 1920, "height": 1080, "id_view": 2, "id_intrinsic": 0, "id_pose": 2}}}}, {"key": 1, "value": {"polymorphic_id": 1073741824, "ptr_wrapper": {"id": 2147483657, "data": {"local_path": "", "filename": "051553_12999.598406.jpg", "width": 1920, "height": 1080, "id_view": 1, "id_intrinsic": 0, "id_pose": 1}}}}, {"key": 0, "value": {"polymorphic_id": 1073741824, "ptr_wrapper": {"id": 2147483658, "data": {"local_path": "", "filename": "051552_12999.465820.jpg", "width": 1920, "height": 1080, "id_view": 0, "id_intrinsic": 0, "id_pose": 0}}}}], "intrinsics": [{"key": 0, "value": {"polymorphic_id": 2147483649, "polymorphic_name": "pinhole_radial_k3", "ptr_wrapper": {"id": 2147483659, "data": {"width": 1920, "height": 1080, "focal_length": 1739.13, "principal_point": [960.0, 540.0], "disto_k3": [0.0, 0.0, 0.0]}}}}], "extrinsics": [{"key": 0, "value": {"rotation": [[0.9999999846247856, -0.00013263081434752744, 0.00011471484437461127], [0.00013261922994611607, 0.9999999861069799, 0.00010098603960432909], [-0.00011472823664154579, -0.00010097082465732251, 0.9999999883211621]], "center": [102655.28827470444, -59731.17478777361, 609.3316320758017]}}, {"key": 1, "value": {"rotation": [[0.9999989846623357, 0.0012705504580110018, 0.0006452719047736697], [-0.0012721406669233945, 0.9999961403735066, 0.0024699992336444164], [-0.0006421311556075437, -0.0024708176023924677, 0.999996741358668]], "center": [102655.51538900506, -59736.9381635274, 610.428142587513]}}, {"key": 2, "value": {"rotation": [[0.9999958670350302, 0.0026578786682605986, -0.0010961723598956496], [-0.002667303068411434, 0.9999587044775006, -0.008687625338368372], [0.0010730364388205887, 0.008690513256616234, 0.9999616610511312]], "center": [102657.26750103205, -59738.136307077664, 616.9818986148165]}}, {"key": 3, "value": {"rotation": [[0.9999986340156691, 0.0009569290811519601, -0.0013476845063882293], [-0.0009718543602700064, 0.9999377209149841, -0.011117993993957406], [0.001336961442053378, 0.011119288560015584, 0.9999372850114256]], "center": [102657.41761165677, -59744.024252229545, 617.9480729378411]}}, {"key": 4, "value": {"rotation": [[0.9999993008517065, -0.0006119170345859546, -0.0010118565314466866], [0.0005982420899319951, 0.9999092280855879, -0.01346022643515724], [0.0010200012251373152, 0.013459611689296774, 0.9999088950752832]], "center": [102656.93534341254, -59749.743641718655, 618.3425467665629]}}, {"key": 5, "value": {"rotation": [[0.9999978842292286, -0.001980274264615663, -0.0005568221459543308], [0.00197189226205734, 0.999890429203206, -0.01467110182417235], [0.0005858139398841307, 0.014669972790202941, 0.9998922185517608]], "center": [102656.90944331289, -59756.18374448259, 618.7788303718314]}}, {"key": 6, "value": {"rotation": [[0.9999933835193578, -0.00360379270588281, -0.00049557606728485], [0.003595240166120748, 0.9998607892724637, -0.016293444190639918], [0.0005542252731079903, 0.016291554670399326, 0.9998671302131937]], "center": [102656.8252121081, -59762.459895298554, 619.4419844670439]}}, {"key": 7, "value": {"rotation": [[0.9999881551244393, -0.0048641467489896045, -0.00017229980734014835], [0.004860271214488525, 0.9998271294897021, -0.01794683537851918], [0.00025956606274572607, 0.017945785376693515, 0.9998389277341987]], "center": [102656.21000557252, -59768.620178738456, 619.9503241640782]}}, {"key": 8, "value": {"rotation": [[0.9999828901724704, -0.005848974567552372, 9.412130463521646e-05], [0.005849694533671922, 0.9997896258776039, -0.01965922331586652], [2.088479324411223e-05, 0.019659437530827436, 0.9998067343640952]], "center": [102656.04009726149, -59772.17425737558, 620.3313912357075]}}, {"key": 9, "value": {"rotation": [[0.9999739964419712, -0.00716765695768579, -0.0007944391790301443], [0.007148666260512233, 0.9997374528710161, -0.02176974730373078], [0.0009502686820333054, 0.021763502032288322, 0.9997626953276071]], "center": [102655.84347388866, -59778.12980231615, 621.44675109839]}}], "structure": [], "control_points": []}