{"sfm_data_version": "0.3", "root_path": "/mnt/ST8000/jialei/SFM_E/ex_sea_12/1-3/images", "views": [{"key": 9, "value": {"polymorphic_id": 1073741824, "ptr_wrapper": {"id": 2147483649, "data": {"local_path": "", "filename": "051561_13000.366211.jpg", "width": 1920, "height": 1080, "id_view": 9, "id_intrinsic": 0, "id_pose": 9}}}}, {"key": 8, "value": {"polymorphic_id": 1073741824, "ptr_wrapper": {"id": 2147483650, "data": {"local_path": "", "filename": "051560_13000.298602.jpg", "width": 1920, "height": 1080, "id_view": 8, "id_intrinsic": 0, "id_pose": 8}}}}, {"key": 7, "value": {"polymorphic_id": 1073741824, "ptr_wrapper": {"id": 2147483651, "data": {"local_path": "", "filename": "051559_13000.166016.jpg", "width": 1920, "height": 1080, "id_view": 7, "id_intrinsic": 0, "id_pose": 7}}}}, {"key": 6, "value": {"polymorphic_id": 1073741824, "ptr_wrapper": {"id": 2147483652, "data": {"local_path": "", "filename": "051558_13000.098406.jpg", "width": 1920, "height": 1080, "id_view": 6, "id_intrinsic": 0, "id_pose": 6}}}}, {"key": 5, "value": {"polymorphic_id": 1073741824, "ptr_wrapper": {"id": 2147483653, "data": {"local_path": "", "filename": "051557_12999.965820.jpg", "width": 1920, "height": 1080, "id_view": 5, "id_intrinsic": 0, "id_pose": 5}}}}, {"key": 4, "value": {"polymorphic_id": 1073741824, "ptr_wrapper": {"id": 2147483654, "data": {"local_path": "", "filename": "051556_12999.898211.jpg", "width": 1920, "height": 1080, "id_view": 4, "id_intrinsic": 0, "id_pose": 4}}}}, {"key": 3, "value": {"polymorphic_id": 1073741824, "ptr_wrapper": {"id": 2147483655, "data": {"local_path": "", "filename": "051555_12999.766602.jpg", "width": 1920, "height": 1080, "id_view": 3, "id_intrinsic": 0, "id_pose": 3}}}}, {"key": 2, "value": {"polymorphic_id": 1073741824, "ptr_wrapper": {"id": 2147483656, "data": {"local_path": "", "filename": "051554_12999.698016.jpg", "width": 1920, "height": 1080, "id_view": 2, "id_intrinsic": 0, "id_pose": 2}}}}, {"key": 1, "value": {"polymorphic_id": 1073741824, "ptr_wrapper": {"id": 2147483657, "data": {"local_path": "", "filename": "051553_12999.598406.jpg", "width": 1920, "height": 1080, "id_view": 1, "id_intrinsic": 0, "id_pose": 1}}}}, {"key": 0, "value": {"polymorphic_id": 1073741824, "ptr_wrapper": {"id": 2147483658, "data": {"local_path": "", "filename": "051552_12999.465820.jpg", "width": 1920, "height": 1080, "id_view": 0, "id_intrinsic": 0, "id_pose": 0}}}}], "intrinsics": [{"key": 0, "value": {"polymorphic_id": 2147483649, "polymorphic_name": "pinhole_radial_k3", "ptr_wrapper": {"id": 2147483659, "data": {"width": 1920, "height": 1080, "focal_length": 1739.13, "principal_point": [960.0, 540.0], "disto_k3": [0.0, 0.0, 0.0]}}}}], "extrinsics": [{"key": 0, "value": {"rotation": [[0.9999986494085872, -0.001338701179188356, 0.0009534464611796711], [0.0013390244933708488, 0.99999904620059, -0.00033854293140001283], [-0.0009529923439615214, 0.00033981916233149237, 0.9999994881641336]], "center": [-0.0001330756680055064, -0.0015501075010966225, 0.001799583830023215]}}, {"key": 1, "value": {"rotation": [[0.9999988976891006, 6.471393317330198e-05, 0.0014833855502395295], [-6.77240979831136e-05, 0.9999979386900528, 0.0020292927565646007], [-0.001483251169006303, -0.0020293909806014276, 0.9999968407641184]], "center": [0.00020227199226900144, -0.010365328202580931, 0.003480951355656604]}}, {"key": 2, "value": {"rotation": [[0.9999989134411716, 0.0014512773897899461, -0.00025867047355281845], [-0.001453578481589189, 0.9999572689352709, -0.009129480440400423], [0.0002454100117443732, 0.009129846518517044, 0.9999582919684572]], "center": [0.0028716527150428168, -0.012196798972889914, 0.01350849862295529]}}, {"key": 3, "value": {"rotation": [[0.999999839043048, -0.0002497849614951741, -0.0005094323809504763], [0.0002438800756847685, 0.9999331695280186, -0.011558416853485678], [0.0005122854540527017, 0.011558290752670486, 0.999933069499399]], "center": [0.0030891543782025715, -0.021202504245507483, 0.014990491512465925]}}, {"key": 4, "value": {"rotation": [[0.9999983316094434, -0.0018184826049690874, -0.0001729142695613587], [0.001815903579724839, 0.9999017508874315, -0.0138993189199212], [0.0001981729505646662, 0.013898981734787662, 0.9999033848498651]], "center": [0.002340426583462849, -0.029949608933226658, 0.015597098204683428]}}, {"key": 5, "value": {"rotation": [[0.9999948826954708, -0.003186636486637421, 0.0002827203086287823], [0.003190544474976283, 0.9998807616580753, -0.015109033457502127], [-0.00023453960023440477, 0.01510985817169542, 0.9998858120691616]], "center": [0.002288366297270077, -0.03979991554686905, 0.016268726385487223]}}, {"key": 6, "value": {"rotation": [[0.9999883718986519, -0.004810121172813504, 0.00034467634911526483], [0.004815214621040537, 0.9998484489100536, -0.01673000060706436], [-0.00026415078289756877, 0.016731465759517505, 0.9998599843367578]], "center": [0.0021470956889737764, -0.04939918411384135, 0.017287186042207223]}}, {"key": 7, "value": {"rotation": [[0.9999813519531978, -0.006070325418563309, 0.0006685021814586575], [0.006081589471474164, 0.9998125348051156, -0.018382315307635205], [-0.0005567902247028193, 0.018386038069187427, 0.9998308074813276]], "center": [0.0011940686624379968, -0.05882034910237689, 0.018068085635385273]}}, {"key": 8, "value": {"rotation": [[0.9999746755230967, -0.007055028676142885, 0.0009353517282707079], [0.0070724017002547325, 0.9997730832932832, -0.02009385618618588], [-0.0007933767497289371, 0.02009996250294235, 0.9997976605597318]], "center": [0.0009271331659650513, -0.06425602423480223, 0.018653130225749777]}}, {"key": 9, "value": {"rotation": [[0.9999649355652276, -0.00837409079771058, 4.736392976904152e-05], [0.008373077998908088, 0.9997184136069467, -0.022203266877496283], [0.00013858158010718362, 0.022202884914371415, 0.9997534759612612]], "center": [0.0006139617806713397, -0.0733643885226232, 0.02036291498949873]}}], "structure": [], "control_points": []}