{"sfm_data_version": "0.3", "root_path": "/mnt/ST8000/jialei/SFM_E/ex_sea_12/6-1/images", "views": [{"key": 9, "value": {"polymorphic_id": 1073741824, "ptr_wrapper": {"id": 2147483649, "data": {"local_path": "", "filename": "104926_15025.847656.jpg", "width": 1920, "height": 1080, "id_view": 9, "id_intrinsic": 0, "id_pose": 9}}}}, {"key": 8, "value": {"polymorphic_id": 1073741824, "ptr_wrapper": {"id": 2147483650, "data": {"local_path": "", "filename": "104925_15025.748047.jpg", "width": 1920, "height": 1080, "id_view": 8, "id_intrinsic": 0, "id_pose": 8}}}}, {"key": 7, "value": {"polymorphic_id": 1073741824, "ptr_wrapper": {"id": 2147483651, "data": {"local_path": "", "filename": "104924_15025.647461.jpg", "width": 1920, "height": 1080, "id_view": 7, "id_intrinsic": 0, "id_pose": 7}}}}, {"key": 6, "value": {"polymorphic_id": 1073741824, "ptr_wrapper": {"id": 2147483652, "data": {"local_path": "", "filename": "104923_15025.547852.jpg", "width": 1920, "height": 1080, "id_view": 6, "id_intrinsic": 0, "id_pose": 6}}}}, {"key": 5, "value": {"polymorphic_id": 1073741824, "ptr_wrapper": {"id": 2147483653, "data": {"local_path": "", "filename": "104922_15025.447266.jpg", "width": 1920, "height": 1080, "id_view": 5, "id_intrinsic": 0, "id_pose": 5}}}}, {"key": 4, "value": {"polymorphic_id": 1073741824, "ptr_wrapper": {"id": 2147483654, "data": {"local_path": "", "filename": "104921_15025.347656.jpg", "width": 1920, "height": 1080, "id_view": 4, "id_intrinsic": 0, "id_pose": 4}}}}, {"key": 3, "value": {"polymorphic_id": 1073741824, "ptr_wrapper": {"id": 2147483655, "data": {"local_path": "", "filename": "104920_15025.280047.jpg", "width": 1920, "height": 1080, "id_view": 3, "id_intrinsic": 0, "id_pose": 3}}}}, {"key": 2, "value": {"polymorphic_id": 1073741824, "ptr_wrapper": {"id": 2147483656, "data": {"local_path": "", "filename": "104919_15025.248047.jpg", "width": 1920, "height": 1080, "id_view": 2, "id_intrinsic": 0, "id_pose": 2}}}}, {"key": 1, "value": {"polymorphic_id": 1073741824, "ptr_wrapper": {"id": 2147483657, "data": {"local_path": "", "filename": "104918_15025.147461.jpg", "width": 1920, "height": 1080, "id_view": 1, "id_intrinsic": 0, "id_pose": 1}}}}, {"key": 0, "value": {"polymorphic_id": 1073741824, "ptr_wrapper": {"id": 2147483658, "data": {"local_path": "", "filename": "104917_15025.047852.jpg", "width": 1920, "height": 1080, "id_view": 0, "id_intrinsic": 0, "id_pose": 0}}}}], "intrinsics": [{"key": 0, "value": {"polymorphic_id": 2147483649, "polymorphic_name": "pinhole_radial_k3", "ptr_wrapper": {"id": 2147483659, "data": {"width": 1920, "height": 1080, "focal_length": 1739.13, "principal_point": [960.0, 540.0], "disto_k3": [0.0, 0.0, 0.0]}}}}], "extrinsics": [{"key": 0, "value": {"rotation": [[0.9999999431644493, 0.00013503745568276937, 0.0003089271494387313], [-0.0001350576002152784, 0.9999999887549779, 6.518810331687068e-05], [-0.00030891834312922543, -6.522982257131387e-05, 0.9999999501572625]], "center": [102655.2882750681, -59731.17478811068, 609.3316322852327]}}, {"key": 1, "value": {"rotation": [[0.9999992464405449, 0.0011596972824919642, -0.00040276612963810384], [-0.0011593046634878917, 0.999998853983547, 0.000973675659475909], [0.0004038948370778071, -0.0009732079971010216, 0.9999994448674234]], "center": [102655.63409831829, -59737.313518685165, 609.4178034633464]}}, {"key": 2, "value": {"rotation": [[0.9999990049327611, 0.0012309882426731482, 0.0006890583678194456], [-0.0012329290009965859, 0.9999952546067218, 0.002823233981847676], [-0.0006855797301285314, -0.002824080732585054, 0.9999957772653091]], "center": [102656.10871823381, -59744.82188633896, 608.9562055948752]}}, {"key": 3, "value": {"rotation": [[0.9999985338214764, 0.0009222753742971189, 0.0014428316018836262], [-0.000926588620231218, 0.9999950957960674, 0.0029916245323680694], [-0.0014400654243078709, -0.0029929570574555656, 0.9999944841946009]], "center": [102656.25466173336, -59751.32266189755, 608.8174591703956]}}, {"key": 4, "value": {"rotation": [[0.999996025099517, -0.00029755364861947854, 0.0028037915386288966], [0.00029112469091579135, 0.9999973285103195, 0.002293080600070719], [-0.0028044663628278526, -0.0022922552323583426, 0.9999934402456695]], "center": [102656.85512655515, -59757.457367109215, 608.5739984934872]}}, {"key": 5, "value": {"rotation": [[0.9999947989589326, 0.0015266599965191043, 0.0028410146670329356], [-0.0015035052017715496, 0.999965783693061, -0.008134550708583701], [-0.002853336151159515, 0.00813023692012133, 0.9999628781712007]], "center": [102658.5381623244, -59757.947158677074, 617.8315926406857]}}, {"key": 6, "value": {"rotation": [[0.9999923001167126, 0.0009719091742478802, 0.003801986302385944], [-0.0009418350420581478, 0.9999683199988952, -0.007903919618817156], [-0.003809547747445721, 0.007900277915629693, 0.9999615357376582]], "center": [102658.612588729, -59764.28971915564, 617.638195846087]}}, {"key": 7, "value": {"rotation": [[0.9999892363627462, 0.001081368756102763, 0.004511961908633807], [-0.0010486156055228648, 0.9999731305634848, -0.0072552433712053796], [-0.004519686268259269, 0.007250433964728739, 0.999963501155597]], "center": [102658.6807235971, -59771.00112923708, 617.2980596048213]}}, {"key": 8, "value": {"rotation": [[0.9999857166681065, 0.00044140684217483804, 0.005326501644843719], [-0.00040818059827671036, 0.9999804640067694, -0.006237386744859686], [-0.005329150811530107, 0.006235123479566666, 0.9999663611276244]], "center": [102659.62606660648, -59777.95886543752, 617.1774119873817]}}, {"key": 9, "value": {"rotation": [[0.9999819755121279, 3.948145222207795e-05, 0.006003923057199335], [-3.0006887540334307e-06, 0.9999815406818376, -0.006076042015479369], [-0.00600405211983591, 0.006075914482029456, 0.9999635166451571]], "center": [102660.12706294404, -59784.62817749787, 617.0705713937815]}}], "structure": [], "control_points": []}