{"sfm_data_version": "0.3", "root_path": "/mnt/ST8000/jialei/SFM_E/ex_sea_12/6-1/images", "views": [{"key": 9, "value": {"polymorphic_id": 1073741824, "ptr_wrapper": {"id": 2147483649, "data": {"local_path": "", "filename": "104926_15025.847656.jpg", "width": 1920, "height": 1080, "id_view": 9, "id_intrinsic": 0, "id_pose": 9}}}}, {"key": 8, "value": {"polymorphic_id": 1073741824, "ptr_wrapper": {"id": 2147483650, "data": {"local_path": "", "filename": "104925_15025.748047.jpg", "width": 1920, "height": 1080, "id_view": 8, "id_intrinsic": 0, "id_pose": 8}}}}, {"key": 7, "value": {"polymorphic_id": 1073741824, "ptr_wrapper": {"id": 2147483651, "data": {"local_path": "", "filename": "104924_15025.647461.jpg", "width": 1920, "height": 1080, "id_view": 7, "id_intrinsic": 0, "id_pose": 7}}}}, {"key": 6, "value": {"polymorphic_id": 1073741824, "ptr_wrapper": {"id": 2147483652, "data": {"local_path": "", "filename": "104923_15025.547852.jpg", "width": 1920, "height": 1080, "id_view": 6, "id_intrinsic": 0, "id_pose": 6}}}}, {"key": 5, "value": {"polymorphic_id": 1073741824, "ptr_wrapper": {"id": 2147483653, "data": {"local_path": "", "filename": "104922_15025.447266.jpg", "width": 1920, "height": 1080, "id_view": 5, "id_intrinsic": 0, "id_pose": 5}}}}, {"key": 4, "value": {"polymorphic_id": 1073741824, "ptr_wrapper": {"id": 2147483654, "data": {"local_path": "", "filename": "104921_15025.347656.jpg", "width": 1920, "height": 1080, "id_view": 4, "id_intrinsic": 0, "id_pose": 4}}}}, {"key": 3, "value": {"polymorphic_id": 1073741824, "ptr_wrapper": {"id": 2147483655, "data": {"local_path": "", "filename": "104920_15025.280047.jpg", "width": 1920, "height": 1080, "id_view": 3, "id_intrinsic": 0, "id_pose": 3}}}}, {"key": 2, "value": {"polymorphic_id": 1073741824, "ptr_wrapper": {"id": 2147483656, "data": {"local_path": "", "filename": "104919_15025.248047.jpg", "width": 1920, "height": 1080, "id_view": 2, "id_intrinsic": 0, "id_pose": 2}}}}, {"key": 1, "value": {"polymorphic_id": 1073741824, "ptr_wrapper": {"id": 2147483657, "data": {"local_path": "", "filename": "104918_15025.147461.jpg", "width": 1920, "height": 1080, "id_view": 1, "id_intrinsic": 0, "id_pose": 1}}}}, {"key": 0, "value": {"polymorphic_id": 1073741824, "ptr_wrapper": {"id": 2147483658, "data": {"local_path": "", "filename": "104917_15025.047852.jpg", "width": 1920, "height": 1080, "id_view": 0, "id_intrinsic": 0, "id_pose": 0}}}}], "intrinsics": [{"key": 0, "value": {"polymorphic_id": 2147483649, "polymorphic_name": "pinhole_radial_k3", "ptr_wrapper": {"id": 2147483659, "data": {"width": 1920, "height": 1080, "focal_length": 1739.13, "principal_point": [960.0, 540.0], "disto_k3": [0.0, 0.0, 0.0]}}}}], "extrinsics": [{"key": 0, "value": {"rotation": [[0.9999989414210849, -0.0007911982230023459, 0.0012211314759624234], [0.0007919835358135292, 0.9999994798151506, -0.0006427530686785138], [-0.0012206222956625595, 0.0006437195042976997, 0.9999990478527523]], "center": [0.0003130310881468673, -0.0016840264959022584, 0.0016365976001483206]}}, {"key": 1, "value": {"rotation": [[0.9999998434711213, 0.00023295720147487517, 0.0005087127631231262], [-0.0002330919307387194, 0.999999937774484, 0.0002648002642835407], [-0.0005086510443397001, -0.00026491879967478977, 0.9999998355460589]], "center": [0.0008124440764815041, -0.010699937478737787, 0.0017699959705429608]}}, {"key": 2, "value": {"rotation": [[0.9999986727024066, 0.00030502207265936833, 0.0016004858513698436], [-0.00030840568134495993, 0.9999977173234803, 0.0021142927338569507], [-0.0015998372920264807, -0.0021147835264907185, 0.9999964840994569]], "center": [0.0014998803465407916, -0.021728085302039523, 0.001100520054259484]}}, {"key": 3, "value": {"rotation": [[0.999997228210994, -3.155977957068803e-06, 0.0023544766656382827], [-2.2192189628858163e-06, 0.9999973940346626, 0.0022829627589092604], [-0.0023544777349338527, -0.0022829616561173623, 0.9999946222458761]], "center": [0.001705551967573662, -0.03127566890429871, 0.0009037060014487088]}}, {"key": 4, "value": {"rotation": [[0.9999923478764389, -0.0012220173847410619, 0.0037162968232392767], [0.0012161319560292422, 0.9999980035590184, 0.0015855286319966533], [-0.003718226947424289, -0.0015809969920106974, 0.9999918375851268]], "center": [0.002579386219494763, -0.04028635765448092, 0.0005533337912445771]}}, {"key": 5, "value": {"rotation": [[0.9999927790319681, 0.0006022225340779931, 0.003752227597106103], [-0.0005690193795931244, 0.9999607317285476, -0.00884371063824889], [-0.00375740613544548, 0.008841511687877819, 0.9999538537203638]], "center": [0.00503808275320853, -0.040998335733725515, 0.014152088029794183]}}, {"key": 6, "value": {"rotation": [[0.999988889818299, 4.815540940227054e-05, 0.004713588974709078], [-7.557596651612328e-06, 0.9999629111105206, -0.008612569085695002], [-0.004713828894718859, 0.008612437775083429, 0.9999518017048231]], "center": [0.005139010758146008, -0.05031351933251742, 0.013874752457828165]}}, {"key": 7, "value": {"rotation": [[0.9999852803021025, 0.00015812088875246286, 0.005423483835135143], [-0.00011492497164680911, 0.999968280292111, -0.007963994091452318], [-0.005424571077635892, 0.007963253570139375, 0.9999535792331569]], "center": [0.005230393069559273, -0.06017055105999113, 0.013382285778426562]}}, {"key": 8, "value": {"rotation": [[0.9999804247313652, -0.0004812600947271657, 0.006238472793827836], [0.0005245883704080365, 0.9999757417139227, -0.0069455590654388675], [-0.0062349788387563426, 0.0069486957345312175, 0.9999564193835995]], "center": [0.006609440997131816, -0.07039031007789062, 0.013213598278997865]}}, {"key": 9, "value": {"rotation": [[0.9999756933863148, -0.0008827016816837734, 0.006916174831518728], [0.0009296218466962851, 0.9999765573465409, -0.006783845560009965], [-0.00691002458614476, 0.006790110094915698, 0.9999530718814348]], "center": [0.007336281951164314, -0.08018586150010203, 0.013064293029048754]}}], "structure": [], "control_points": []}