{"sfm_data_version": "0.3", "root_path": "/mnt/ST8000/jialei/SFM_E/ex_sea_12/6-1/images", "views": [{"key": 9, "value": {"polymorphic_id": 1073741824, "ptr_wrapper": {"id": 2147483649, "data": {"local_path": "", "filename": "104926_15025.847656.jpg", "width": 1920, "height": 1080, "id_view": 9, "id_intrinsic": 0, "id_pose": 9}}}}, {"key": 8, "value": {"polymorphic_id": 1073741824, "ptr_wrapper": {"id": 2147483650, "data": {"local_path": "", "filename": "104925_15025.748047.jpg", "width": 1920, "height": 1080, "id_view": 8, "id_intrinsic": 0, "id_pose": 8}}}}, {"key": 7, "value": {"polymorphic_id": 1073741824, "ptr_wrapper": {"id": 2147483651, "data": {"local_path": "", "filename": "104924_15025.647461.jpg", "width": 1920, "height": 1080, "id_view": 7, "id_intrinsic": 0, "id_pose": 7}}}}, {"key": 6, "value": {"polymorphic_id": 1073741824, "ptr_wrapper": {"id": 2147483652, "data": {"local_path": "", "filename": "104923_15025.547852.jpg", "width": 1920, "height": 1080, "id_view": 6, "id_intrinsic": 0, "id_pose": 6}}}}, {"key": 5, "value": {"polymorphic_id": 1073741824, "ptr_wrapper": {"id": 2147483653, "data": {"local_path": "", "filename": "104922_15025.447266.jpg", "width": 1920, "height": 1080, "id_view": 5, "id_intrinsic": 0, "id_pose": 5}}}}, {"key": 4, "value": {"polymorphic_id": 1073741824, "ptr_wrapper": {"id": 2147483654, "data": {"local_path": "", "filename": "104921_15025.347656.jpg", "width": 1920, "height": 1080, "id_view": 4, "id_intrinsic": 0, "id_pose": 4}}}}, {"key": 3, "value": {"polymorphic_id": 1073741824, "ptr_wrapper": {"id": 2147483655, "data": {"local_path": "", "filename": "104920_15025.280047.jpg", "width": 1920, "height": 1080, "id_view": 3, "id_intrinsic": 0, "id_pose": 3}}}}, {"key": 2, "value": {"polymorphic_id": 1073741824, "ptr_wrapper": {"id": 2147483656, "data": {"local_path": "", "filename": "104919_15025.248047.jpg", "width": 1920, "height": 1080, "id_view": 2, "id_intrinsic": 0, "id_pose": 2}}}}, {"key": 1, "value": {"polymorphic_id": 1073741824, "ptr_wrapper": {"id": 2147483657, "data": {"local_path": "", "filename": "104918_15025.147461.jpg", "width": 1920, "height": 1080, "id_view": 1, "id_intrinsic": 0, "id_pose": 1}}}}, {"key": 0, "value": {"polymorphic_id": 1073741824, "ptr_wrapper": {"id": 2147483658, "data": {"local_path": "", "filename": "104917_15025.047852.jpg", "width": 1920, "height": 1080, "id_view": 0, "id_intrinsic": 0, "id_pose": 0}}}}], "intrinsics": [{"key": 0, "value": {"polymorphic_id": 2147483649, "polymorphic_name": "pinhole_radial_k3", "ptr_wrapper": {"id": 2147483659, "data": {"width": 1920, "height": 1080, "focal_length": 1739.13, "principal_point": [960.0, 540.0], "disto_k3": [0.0, 0.0, 0.0]}}}}], "extrinsics": [{"key": 0, "value": {"rotation": [[0.9999999651636031, 5.723948973488119e-05, 0.0002576750544802583], [-5.7232378949628076e-05, 0.9999999979812582, -2.7603228745098814e-05], [-0.00025767663395480714, 2.7588480427137208e-05, 0.9999999664208135]], "center": [102655.28827485017, -59731.174787825636, 609.3316322664277]}}, {"key": 1, "value": {"rotation": [[0.9999993719595716, 0.0010066261189783906, -0.0004927314877636934], [-0.0010061831164179821, 0.9999990901473943, 0.0008984987030569122], [0.0004936354917130073, -0.0008980023606595214, 0.999999474957743]], "center": [102655.6217003804, -59737.079472511316, 609.4559748856618]}}, {"key": 2, "value": {"rotation": [[0.9999993506866716, 0.0009353284326384841, 0.0006509892154521363], [-0.0009371412369999898, 0.9999956688796058, 0.00278997998758747], [-0.0006483768483305968, -0.0027905882448549875, 0.9999958961039341]], "center": [102656.00918201882, -59744.43811262121, 609.1542922097927]}}, {"key": 3, "value": {"rotation": [[0.9999987621015122, 0.0006180814345752197, 0.0014469867946671792], [-0.0006223841118250373, 0.9999953810452309, 0.002974983398264201], [-0.0014451413290940058, -0.0029758802971278104, 0.9999945278365259]], "center": [102656.11738551139, -59750.758248778744, 609.0881720612549]}}, {"key": 4, "value": {"rotation": [[0.9999956819655383, -0.0005305683965606844, 0.0028904234039726514], [0.000523969749775562, 0.9999972561923085, 0.002283213427421634], [-0.002891626874093907, -0.002281689073999712, 0.9999932161714854]], "center": [102656.64154947059, -59756.68898366534, 608.9549816898431]}}, {"key": 5, "value": {"rotation": [[0.9999932105551835, -0.0005769217328098985, 0.0036395061272752804], [0.0005667434682080936, 0.9999959277385893, 0.002797017711518784], [-0.003641104966559777, -0.0027949360549963157, 0.9999894652880456]], "center": [102656.66794661382, -59763.11091093468, 608.7517523997793]}}, {"key": 6, "value": {"rotation": [[0.9999885149546712, -0.001148596748627738, 0.004653029578687698], [0.0011344532770041047, 0.9999947322695858, 0.003041126245507699], [-0.004656498095500037, -0.0030358126733814428, 0.9999845503141032]], "center": [102656.70418658374, -59769.2759062139, 608.652910668096]}}, {"key": 7, "value": {"rotation": [[0.9999848730059585, -0.0010894550778943345, 0.0053913678125681415], [0.0010694657645604773, 0.9999925492093147, 0.0037091466450702923], [-0.005395368591262211, -0.003703324653531413, 0.9999785874628895]], "center": [102656.72613451531, -59775.81267175256, 608.3946984473271]}}, {"key": 8, "value": {"rotation": [[0.9999787537423476, -0.0018070845730372607, 0.0062631069963510555], [0.0017773536579538981, 0.9999871424471753, 0.004749310929714358], [-0.006271608874635681, -0.00473807826850059, 0.9999691082910742]], "center": [102657.60712567336, -59782.571606844285, 608.3803460386665]}}, {"key": 9, "value": {"rotation": [[0.9999731935032219, -0.002217380648322742, 0.006978215963146667], [0.002183068330366276, 0.9999855096516141, 0.004920843369402484], [-0.006989026229227031, -0.004905477536558984, 0.9999635442367418]], "center": [102658.06730285703, -59789.026067979394, 608.3413703429818]}}], "structure": [], "control_points": []}