{"sfm_data_version": "0.3", "root_path": "/mnt/ST8000/jialei/SFM_E/ex_sea_12/6-1/images", "views": [{"key": 9, "value": {"polymorphic_id": 1073741824, "ptr_wrapper": {"id": 2147483649, "data": {"local_path": "", "filename": "104926_15025.847656.jpg", "width": 1920, "height": 1080, "id_view": 9, "id_intrinsic": 0, "id_pose": 9}}}}, {"key": 8, "value": {"polymorphic_id": 1073741824, "ptr_wrapper": {"id": 2147483650, "data": {"local_path": "", "filename": "104925_15025.748047.jpg", "width": 1920, "height": 1080, "id_view": 8, "id_intrinsic": 0, "id_pose": 8}}}}, {"key": 7, "value": {"polymorphic_id": 1073741824, "ptr_wrapper": {"id": 2147483651, "data": {"local_path": "", "filename": "104924_15025.647461.jpg", "width": 1920, "height": 1080, "id_view": 7, "id_intrinsic": 0, "id_pose": 7}}}}, {"key": 6, "value": {"polymorphic_id": 1073741824, "ptr_wrapper": {"id": 2147483652, "data": {"local_path": "", "filename": "104923_15025.547852.jpg", "width": 1920, "height": 1080, "id_view": 6, "id_intrinsic": 0, "id_pose": 6}}}}, {"key": 5, "value": {"polymorphic_id": 1073741824, "ptr_wrapper": {"id": 2147483653, "data": {"local_path": "", "filename": "104922_15025.447266.jpg", "width": 1920, "height": 1080, "id_view": 5, "id_intrinsic": 0, "id_pose": 5}}}}, {"key": 4, "value": {"polymorphic_id": 1073741824, "ptr_wrapper": {"id": 2147483654, "data": {"local_path": "", "filename": "104921_15025.347656.jpg", "width": 1920, "height": 1080, "id_view": 4, "id_intrinsic": 0, "id_pose": 4}}}}, {"key": 3, "value": {"polymorphic_id": 1073741824, "ptr_wrapper": {"id": 2147483655, "data": {"local_path": "", "filename": "104920_15025.280047.jpg", "width": 1920, "height": 1080, "id_view": 3, "id_intrinsic": 0, "id_pose": 3}}}}, {"key": 2, "value": {"polymorphic_id": 1073741824, "ptr_wrapper": {"id": 2147483656, "data": {"local_path": "", "filename": "104919_15025.248047.jpg", "width": 1920, "height": 1080, "id_view": 2, "id_intrinsic": 0, "id_pose": 2}}}}, {"key": 1, "value": {"polymorphic_id": 1073741824, "ptr_wrapper": {"id": 2147483657, "data": {"local_path": "", "filename": "104918_15025.147461.jpg", "width": 1920, "height": 1080, "id_view": 1, "id_intrinsic": 0, "id_pose": 1}}}}, {"key": 0, "value": {"polymorphic_id": 1073741824, "ptr_wrapper": {"id": 2147483658, "data": {"local_path": "", "filename": "104917_15025.047852.jpg", "width": 1920, "height": 1080, "id_view": 0, "id_intrinsic": 0, "id_pose": 0}}}}], "intrinsics": [{"key": 0, "value": {"polymorphic_id": 2147483649, "polymorphic_name": "pinhole_radial_k3", "ptr_wrapper": {"id": 2147483659, "data": {"width": 1920, "height": 1080, "focal_length": 1739.13, "principal_point": [960.0, 540.0], "disto_k3": [0.0, 0.0, 0.0]}}}}], "extrinsics": [{"key": 0, "value": {"rotation": [[0.9999989407823134, -0.0008301513297700575, 0.001195526252693814], [0.0008309755380132444, 0.9999994173248776, -0.0006890787766806628], [-0.0011949535164276085, 0.0006900714998673144, 0.9999990479432561]], "center": [0.00047804873062756037, -0.001584885405873875, 0.0015233680575748667]}}, {"key": 1, "value": {"rotation": [[0.9999998941641672, 0.00011873828383954819, 0.00044449170317777895], [-0.00011884325148789328, 0.9999999650587115, 0.00023613313498591003], [-0.00044446364960346214, -0.0002361859348338244, 0.9999998733341262]], "center": [0.0009700950616356387, -0.01044132606633237, 0.001716189546022017]}}, {"key": 2, "value": {"rotation": [[0.9999987375546813, 4.819809411480055e-05, 0.0015882587910862245], [-5.157735683423316e-05, 0.999997735155827, 0.0021276801904053055], [-0.001588152643797482, -0.002127759422515852, 0.9999964751992978]], "center": [0.0015418792781162279, -0.021478971717190085, 0.0012715569513141434]}}, {"key": 3, "value": {"rotation": [[0.9999971211071094, -0.0002685210341523765, 0.002384465128172145], [0.0002630058462792105, 0.9999972904746488, 0.002312978876953773], [-0.0023850797508834405, -0.0023123450898663695, 0.9999944822121608]], "center": [0.001695841527937511, -0.030958415154845903, 0.0011788088717480005]}}, {"key": 4, "value": {"rotation": [[0.9999916678281109, -0.0014162115049766015, 0.003828657640206766], [0.0014100088147580424, 0.9999976900333919, 0.0016222832743933882], [-0.0038309462923729986, -0.0016168713162289382, 0.999991354751456]], "center": [0.0024742934894952323, -0.03985443683120881, 0.0009856645909530083]}}, {"key": 5, "value": {"rotation": [[0.9999884531331583, -0.00146206653597903, 0.004577768211397152], [0.0014522997280271967, 0.9999966638853078, 0.0021361282158002142], [-0.004580876101018248, -0.002129455258683799, 0.9999872404158209]], "center": [0.002505615954045222, -0.04948657859226789, 0.0006872597666095359]}}, {"key": 6, "value": {"rotation": [[0.9999822998079173, -0.0020330658233076383, 0.00559166470976182], [0.0020197791984014547, 0.9999951262016293, 0.0023807698286714], [-0.005596477718887292, -0.002369433760522941, 0.9999815324398731]], "center": [0.0025518966636425638, -0.05873327123916789, 0.0005451792041394202]}}, {"key": 7, "value": {"rotation": [[0.9999780183451763, -0.001973431988674342, 0.006329959924063649], [0.0019541636645721947, 0.9999934432225269, 0.0030487302811378373], [-0.00633593488178665, -0.00303629348731932, 0.9999753181209191]], "center": [0.002576470310584006, -0.06853770146037981, 0.00016441609518054608]}}, {"key": 8, "value": {"rotation": [[0.9999704446185078, -0.0026904782994928217, 0.007202167450421163], [0.0026610712179279366, 0.9999880970230166, 0.004089561377376945], [-0.0072130845993280575, -0.004070275028321288, 0.9999657015476869]], "center": [0.0038888378182332485, -0.07867625323791265, 0.0001508340482641945]}}, {"key": 9, "value": {"rotation": [[0.9999638496936278, -0.0031002956041143704, 0.007917542110193122], [0.003066623324240176, 0.9999862177298541, 0.004261475299501662], [-0.007930644821626972, -0.004237041126558207, 0.9999595753605273]], "center": [0.004570489340184341, -0.08835760510277442, 9.942685063500546e-05]}}], "structure": [], "control_points": []}