{"sfm_data_version": "0.3", "root_path": "/mnt/ST8000/jialei/SFM_E/ex_sea_12/6-3/images", "views": [{"key": 9, "value": {"polymorphic_id": 1073741824, "ptr_wrapper": {"id": 2147483649, "data": {"local_path": "", "filename": "087511_13303.979266.jpg", "width": 1920, "height": 1080, "id_view": 9, "id_intrinsic": 0, "id_pose": 9}}}}, {"key": 8, "value": {"polymorphic_id": 1073741824, "ptr_wrapper": {"id": 2147483650, "data": {"local_path": "", "filename": "087510_13303.879656.jpg", "width": 1920, "height": 1080, "id_view": 8, "id_intrinsic": 0, "id_pose": 8}}}}, {"key": 7, "value": {"polymorphic_id": 1073741824, "ptr_wrapper": {"id": 2147483651, "data": {"local_path": "", "filename": "087509_13303.781047.jpg", "width": 1920, "height": 1080, "id_view": 7, "id_intrinsic": 0, "id_pose": 7}}}}, {"key": 6, "value": {"polymorphic_id": 1073741824, "ptr_wrapper": {"id": 2147483652, "data": {"local_path": "", "filename": "087508_13303.679461.jpg", "width": 1920, "height": 1080, "id_view": 6, "id_intrinsic": 0, "id_pose": 6}}}}, {"key": 5, "value": {"polymorphic_id": 1073741824, "ptr_wrapper": {"id": 2147483653, "data": {"local_path": "", "filename": "087507_13303.580852.jpg", "width": 1920, "height": 1080, "id_view": 5, "id_intrinsic": 0, "id_pose": 5}}}}, {"key": 4, "value": {"polymorphic_id": 1073741824, "ptr_wrapper": {"id": 2147483654, "data": {"local_path": "", "filename": "087506_13303.479266.jpg", "width": 1920, "height": 1080, "id_view": 4, "id_intrinsic": 0, "id_pose": 4}}}}, {"key": 3, "value": {"polymorphic_id": 1073741824, "ptr_wrapper": {"id": 2147483655, "data": {"local_path": "", "filename": "087505_13303.379656.jpg", "width": 1920, "height": 1080, "id_view": 3, "id_intrinsic": 0, "id_pose": 3}}}}, {"key": 2, "value": {"polymorphic_id": 1073741824, "ptr_wrapper": {"id": 2147483656, "data": {"local_path": "", "filename": "087504_13303.248047.jpg", "width": 1920, "height": 1080, "id_view": 2, "id_intrinsic": 0, "id_pose": 2}}}}, {"key": 1, "value": {"polymorphic_id": 1073741824, "ptr_wrapper": {"id": 2147483657, "data": {"local_path": "", "filename": "087503_13303.179461.jpg", "width": 1920, "height": 1080, "id_view": 1, "id_intrinsic": 0, "id_pose": 1}}}}, {"key": 0, "value": {"polymorphic_id": 1073741824, "ptr_wrapper": {"id": 2147483658, "data": {"local_path": "", "filename": "087502_13303.047852.jpg", "width": 1920, "height": 1080, "id_view": 0, "id_intrinsic": 0, "id_pose": 0}}}}], "intrinsics": [{"key": 0, "value": {"polymorphic_id": 2147483649, "polymorphic_name": "pinhole_radial_k3", "ptr_wrapper": {"id": 2147483659, "data": {"width": 1920, "height": 1080, "focal_length": 1739.13, "principal_point": [960.0, 540.0], "disto_k3": [0.0, 0.0, 0.0]}}}}], "extrinsics": [{"key": 0, "value": {"rotation": [[0.9999999631105311, -0.0001794835526778534, 0.00020387395836892012], [0.00017947570099297608, 0.9999999831519524, 3.8530088690648445e-05], [-0.0002038808704512412, -3.8493496847722394e-05, 0.9999999784754204]], "center": [0.0002279073320575637, -6.515948918719737e-05, 0.00010199111989772884]}}, {"key": 1, "value": {"rotation": [[0.999999967881291, -2.026000810980705e-06, -0.0002534429173296441], [1.954965621689322e-06, 0.9999999607194372, -0.00028028075617730815], [0.0002534434752233028, 0.0002802802517028618, 0.9999999286046901]], "center": [-0.0020437861110429324, -0.011382153031207364, 7.715796349846576e-05]}}, {"key": 2, "value": {"rotation": [[0.9999999658533134, -0.00026076769003550716, 1.713427655230652e-05], [0.00026075175295870617, 0.9999995394497645, 0.0009236388806689847], [-1.7375123838436507e-05, -0.0009236343813371256, 0.9999995732987264]], "center": [-0.003139787393534366, -0.023773746118503046, 0.00028131145961335835]}}, {"key": 3, "value": {"rotation": [[0.9999991878651845, -0.0012744617869934619, 4.015532579108131e-06], [0.0012744621141963705, 0.9999991844644555, -8.2563572135455e-05], [-3.910305186606185e-06, 8.256862272684868e-05, 0.9999999965835662]], "center": [-0.003977983621944945, -0.034161462354785364, 0.0009170638862506031]}}, {"key": 4, "value": {"rotation": [[0.9999980143570766, -0.0019200701385665192, 0.0005334909246528481], [0.0019199725367990174, 0.9999981400329974, 0.00018340120851451815], [-0.0005338420755611622, -0.00018237655642125645, 0.9999998408757027]], "center": [-0.005338818152609602, -0.04577534213622943, 0.0010794885931209328]}}, {"key": 5, "value": {"rotation": [[0.9999969948916844, -0.0022959336394904307, 0.0008595907885395497], [0.0022943926112723215, 0.9999957667874988, 0.0017894607084652388], [-0.0008636956327461997, -0.0017874830921880641, 0.9999980294650834]], "center": [-0.0063632050367729886, -0.058573445031644036, 0.0013212056684904399]}}, {"key": 6, "value": {"rotation": [[0.9999951531096863, -0.0027206369947470658, 0.001513899427989153], [0.0027165961309941265, 0.999992759284627, 0.002664860930466289], [-0.0015211385855075981, -0.002660735360848889, 0.9999953033013426]], "center": [-0.008275979450294724, -0.07058432352823314, 0.0013196425304644926]}}, {"key": 7, "value": {"rotation": [[0.9999939782064149, -0.002962686821846745, 0.0018072182226521584], [0.002954767872937282, 0.9999860909858563, 0.004368887918356129], [-0.001820136732690191, -0.004363521699471236, 0.9999888233278676]], "center": [-0.009061999105037244, -0.08345718821083059, 0.0014751963954291573]}}, {"key": 8, "value": {"rotation": [[0.9999909999596178, -0.0030810731480591033, 0.002916674136774144], [0.0030638552632608765, 0.9999779634291608, 0.0058894352015759575], [-0.002934755643934767, -0.005880445929016156, 0.9999784035492904]], "center": [-0.011994376691647188, -0.09590388871432906, 0.0011532614011177831]}}, {"key": 9, "value": {"rotation": [[0.9999871072408444, -0.0036513019655170357, 0.0035289298724326033], [0.0036241253135532816, 0.9999639636034231, 0.007677057394814265], [-0.003556833957271349, -0.007664169132281839, 0.9999643040847572]], "center": [-0.013152960188298563, -0.10909415193120577, 0.0010002429744053708]}}], "structure": [], "control_points": []}