{"sfm_data_version": "0.3", "root_path": "/mnt/ST8000/jialei/SFM_E/ex_sea_12/6-3/images", "views": [{"key": 9, "value": {"polymorphic_id": 1073741824, "ptr_wrapper": {"id": 2147483649, "data": {"local_path": "", "filename": "087511_13303.979266.jpg", "width": 1920, "height": 1080, "id_view": 9, "id_intrinsic": 0, "id_pose": 9}}}}, {"key": 8, "value": {"polymorphic_id": 1073741824, "ptr_wrapper": {"id": 2147483650, "data": {"local_path": "", "filename": "087510_13303.879656.jpg", "width": 1920, "height": 1080, "id_view": 8, "id_intrinsic": 0, "id_pose": 8}}}}, {"key": 7, "value": {"polymorphic_id": 1073741824, "ptr_wrapper": {"id": 2147483651, "data": {"local_path": "", "filename": "087509_13303.781047.jpg", "width": 1920, "height": 1080, "id_view": 7, "id_intrinsic": 0, "id_pose": 7}}}}, {"key": 6, "value": {"polymorphic_id": 1073741824, "ptr_wrapper": {"id": 2147483652, "data": {"local_path": "", "filename": "087508_13303.679461.jpg", "width": 1920, "height": 1080, "id_view": 6, "id_intrinsic": 0, "id_pose": 6}}}}, {"key": 5, "value": {"polymorphic_id": 1073741824, "ptr_wrapper": {"id": 2147483653, "data": {"local_path": "", "filename": "087507_13303.580852.jpg", "width": 1920, "height": 1080, "id_view": 5, "id_intrinsic": 0, "id_pose": 5}}}}, {"key": 4, "value": {"polymorphic_id": 1073741824, "ptr_wrapper": {"id": 2147483654, "data": {"local_path": "", "filename": "087506_13303.479266.jpg", "width": 1920, "height": 1080, "id_view": 4, "id_intrinsic": 0, "id_pose": 4}}}}, {"key": 3, "value": {"polymorphic_id": 1073741824, "ptr_wrapper": {"id": 2147483655, "data": {"local_path": "", "filename": "087505_13303.379656.jpg", "width": 1920, "height": 1080, "id_view": 3, "id_intrinsic": 0, "id_pose": 3}}}}, {"key": 2, "value": {"polymorphic_id": 1073741824, "ptr_wrapper": {"id": 2147483656, "data": {"local_path": "", "filename": "087504_13303.248047.jpg", "width": 1920, "height": 1080, "id_view": 2, "id_intrinsic": 0, "id_pose": 2}}}}, {"key": 1, "value": {"polymorphic_id": 1073741824, "ptr_wrapper": {"id": 2147483657, "data": {"local_path": "", "filename": "087503_13303.179461.jpg", "width": 1920, "height": 1080, "id_view": 1, "id_intrinsic": 0, "id_pose": 1}}}}, {"key": 0, "value": {"polymorphic_id": 1073741824, "ptr_wrapper": {"id": 2147483658, "data": {"local_path": "", "filename": "087502_13303.047852.jpg", "width": 1920, "height": 1080, "id_view": 0, "id_intrinsic": 0, "id_pose": 0}}}}], "intrinsics": [{"key": 0, "value": {"polymorphic_id": 2147483649, "polymorphic_name": "pinhole_radial_k3", "ptr_wrapper": {"id": 2147483659, "data": {"width": 1920, "height": 1080, "focal_length": 1739.13, "principal_point": [960.0, 540.0], "disto_k3": [0.0, 0.0, 0.0]}}}}], "extrinsics": [{"key": 0, "value": {"rotation": [[0.999999852442127, -0.0003589749435322847, 0.00040774098931152986], [0.0003589435367933484, 0.9999999326078107, 7.709676632440958e-05], [-0.0004077686376403097, -7.69503989553756e-05, 0.9999999139016835]], "center": [102655.2882743722, -59731.174787502634, 609.3316321959517]}}, {"key": 1, "value": {"rotation": [[0.9999999823003679, -0.00018149979178578514, -4.956903811563496e-05], [0.00018148780337717688, 0.9999999543094923, -0.00024175026440061717], [4.961291347344924e-05, 0.00024174126394590432, 0.9999999695498597]], "center": [102653.89240191657, -59738.12221851534, 609.3158347039858]}}, {"key": 2, "value": {"rotation": [[0.9999998786690306, -0.0004402518917493904, 0.0002209981801885697], [0.0004400390493761343, 0.9999994402469832, 0.0009622220922257016], [-0.00022142167658054717, -0.000962124727649212, 0.9999995126441061]], "center": [102653.21815845578, -59745.72949819884, 609.4407374833997]}}, {"key": 3, "value": {"rotation": [[0.9999989214221328, -0.0014539453270061755, 0.00020784022016276637], [0.0014539544549392526, 0.999998942049594, -4.377368345428388e-05], [-0.00020777635573561285, 4.407582645500456e-05, 0.9999999774431538]], "center": [102652.70235237709, -59752.106604692584, 609.8306853610223]}}, {"key": 4, "value": {"rotation": [[0.9999975240931527, -0.002099573838435924, 0.0007372904862449825], [0.002099410441148306, 0.9999977715217351, 0.0002223226539938969], [-0.0007377556260371649, -0.0002207742281987277, 0.9999997034876447]], "center": [102651.86561449994, -59759.23640366942, 609.9299554239861]}}, {"key": 5, "value": {"rotation": [[0.9999963706839088, -0.002475449702774081, 0.0010633756532160506], [0.002473502631060707, 0.9999952692511851, 0.0018284583624361783], [-0.0010678968793627812, -0.0018258214639067878, 0.9999977629836169]], "center": [102651.23528676164, -59767.09325495331, 610.077918428337]}}, {"key": 6, "value": {"rotation": [[0.9999943192770313, -0.0029001779069332675, 0.0017176675392326039], [0.0028955271180747073, 0.9999921522725607, 0.0027039445260180575], [-0.0017254959796218835, -0.002698955612718597, 0.9999948691379501]], "center": [102650.05968102223, -59774.46671304854, 610.0764352793436]}}, {"key": 7, "value": {"rotation": [[0.9999930411296497, -0.0031422388099451646, 0.0020109767618485593], [0.003133350235928674, 0.9999853756320344, 0.004408019777315092], [-0.002024798403403726, -0.004401688007965779, 0.9999882625981702]], "center": [102649.57569325273, -59782.36948600887, 610.171529387802]}}, {"key": 8, "value": {"rotation": [[0.999989815438656, -0.0032606673064543615, 0.0031204274834673606], [0.0032421261530254926, 0.9999771699649014, 0.005928588954728372], [-0.0031396874001765273, -0.005918411755097702, 0.9999775571308226]], "center": [102647.77412903833, -59790.01038223095, 609.9732269494659]}}, {"key": 9, "value": {"rotation": [[0.9999856955505771, -0.003830918983490287, 0.003732660441356377], [0.003802029208052499, 0.9999630007683112, 0.007716324794547245], [-0.003762082950926152, -0.007702022732747717, 0.9999632621140115]], "center": [102647.0614220698, -59798.10796284382, 609.8788294940993]}}], "structure": [], "control_points": []}