{"sfm_data_version": "0.3", "root_path": "/mnt/ST8000/jialei/SFM_E/ex_sea_12/1-5/images", "views": [{"key": 9, "value": {"polymorphic_id": 1073741824, "ptr_wrapper": {"id": 2147483649, "data": {"local_path": "", "filename": "075418_15357.965820.jpg", "width": 1920, "height": 1080, "id_view": 9, "id_intrinsic": 0, "id_pose": 9}}}}, {"key": 8, "value": {"polymorphic_id": 1073741824, "ptr_wrapper": {"id": 2147483650, "data": {"local_path": "", "filename": "075417_15357.866211.jpg", "width": 1920, "height": 1080, "id_view": 8, "id_intrinsic": 0, "id_pose": 8}}}}, {"key": 7, "value": {"polymorphic_id": 1073741824, "ptr_wrapper": {"id": 2147483651, "data": {"local_path": "", "filename": "075416_15357.766602.jpg", "width": 1920, "height": 1080, "id_view": 7, "id_intrinsic": 0, "id_pose": 7}}}}, {"key": 6, "value": {"polymorphic_id": 1073741824, "ptr_wrapper": {"id": 2147483652, "data": {"local_path": "", "filename": "075415_15357.666016.jpg", "width": 1920, "height": 1080, "id_view": 6, "id_intrinsic": 0, "id_pose": 6}}}}, {"key": 5, "value": {"polymorphic_id": 1073741824, "ptr_wrapper": {"id": 2147483653, "data": {"local_path": "", "filename": "075414_15357.566406.jpg", "width": 1920, "height": 1080, "id_view": 5, "id_intrinsic": 0, "id_pose": 5}}}}, {"key": 4, "value": {"polymorphic_id": 1073741824, "ptr_wrapper": {"id": 2147483654, "data": {"local_path": "", "filename": "075413_15357.497820.jpg", "width": 1920, "height": 1080, "id_view": 4, "id_intrinsic": 0, "id_pose": 4}}}}, {"key": 3, "value": {"polymorphic_id": 1073741824, "ptr_wrapper": {"id": 2147483655, "data": {"local_path": "", "filename": "075412_15357.398211.jpg", "width": 1920, "height": 1080, "id_view": 3, "id_intrinsic": 0, "id_pose": 3}}}}, {"key": 2, "value": {"polymorphic_id": 1073741824, "ptr_wrapper": {"id": 2147483656, "data": {"local_path": "", "filename": "075411_15357.299602.jpg", "width": 1920, "height": 1080, "id_view": 2, "id_intrinsic": 0, "id_pose": 2}}}}, {"key": 1, "value": {"polymorphic_id": 1073741824, "ptr_wrapper": {"id": 2147483657, "data": {"local_path": "", "filename": "075410_15357.198016.jpg", "width": 1920, "height": 1080, "id_view": 1, "id_intrinsic": 0, "id_pose": 1}}}}, {"key": 0, "value": {"polymorphic_id": 1073741824, "ptr_wrapper": {"id": 2147483658, "data": {"local_path": "", "filename": "075409_15357.099406.jpg", "width": 1920, "height": 1080, "id_view": 0, "id_intrinsic": 0, "id_pose": 0}}}}], "intrinsics": [{"key": 0, "value": {"polymorphic_id": 2147483649, "polymorphic_name": "pinhole_radial_k3", "ptr_wrapper": {"id": 2147483659, "data": {"width": 1920, "height": 1080, "focal_length": 1739.13, "principal_point": [960.0, 540.0], "disto_k3": [0.0, 0.0, 0.0]}}}}], "extrinsics": [{"key": 0, "value": {"rotation": [[0.9999998464456771, -0.0004629529219955249, 0.00030460337223923344], [0.00046299507682609264, 0.9999998832492693, -0.00013833657011814667], [-0.00030453929335720896, 0.00013847757873770673, 0.9999999440398879]], "center": [0.00025364419139783326, -0.00048419950058189504, 0.0002083018240923673]}}, {"key": 1, "value": {"rotation": [[0.9999995348797038, 2.502279837981668e-05, 0.0009641650457814913], [-2.508320652215581e-05, 0.9999999977234514, 6.264127998991678e-05], [-0.0009641634761264031, -6.266543520515366e-05, 0.9999995332308083]], "center": [-1.1504047390226507e-05, -0.011296128736469993, 0.0008365734153625173]}}, {"key": 2, "value": {"rotation": [[0.9999986929189921, -0.0011133240682397955, 0.0011724631450652], [0.0011136542723043019, 0.9999993404014187, -0.0002810175966152893], [-0.001172149508056259, 0.0002823229478932025, 0.9999992731793778]], "center": [0.0009905944242314627, -0.022394284899699073, 0.0015623769053583617]}}, {"key": 3, "value": {"rotation": [[0.9999987333902843, -0.001591582020981574, -9.19228449603889e-06], [0.0015915748121465602, 0.9999984617205948, -0.0007371879419291143], [1.036556543021484e-05, 0.0007371723779912529, 0.9999997282346832]], "center": [0.0011808567079080936, -0.03266970589025545, 0.0023503686076499154]}}, {"key": 4, "value": {"rotation": [[0.9999963585740512, -0.0020721573748705524, 0.001728873174019359], [0.0020706102669195247, 0.9999974547181004, 0.0008961754532109819], [-0.001730725790124291, -0.0008925923673100847, 0.999998103931755]], "center": [0.000623439832727056, -0.045155544092626156, 0.0016639258405814169]}}, {"key": 5, "value": {"rotation": [[0.9999950178114732, -0.0028313161583144544, 0.001395708079720519], [0.0028300501035302293, 0.999995582941583, 0.0009082476177251093], [-0.0013982734509521628, -0.0009042931688686468, 0.9999986135416492]], "center": [0.0011135040012634312, -0.05629082585646842, 0.002286424115206382]}}, {"key": 6, "value": {"rotation": [[0.9999918425450915, -0.003458815564073518, 0.0020860101071906332], [0.0034552593658531768, 0.9999925753697791, 0.0017059859412582427], [-0.0020918953100626057, -0.0016987643187946343, 0.9999963690803084]], "center": [2.0096682813568753e-05, -0.06800011608452046, 0.0022674336569025615]}}, {"key": 7, "value": {"rotation": [[0.9999878712948596, -0.0047156481374719715, 0.0014212409434776916], [0.004715234689007257, 0.9999888399661859, 0.0002941171693109061], [-0.0014226120354623051, -0.00028741211745229086, 0.9999989467840807]], "center": [0.0011292984888170603, -0.07799088737000194, 0.0037314598518514985]}}, {"key": 8, "value": {"rotation": [[0.9999823105474245, -0.00583702667219684, 0.0011435523000495073], [0.005837459984438686, 0.9999828912159896, -0.00037594712450341047], [-0.0011413383218670937, 0.0003826159149963261, 0.9999992754756857]], "center": [0.0013029025448375315, -0.08828001056404805, 0.004630522878375702]}}, {"key": 9, "value": {"rotation": [[0.99997696164571, -0.006787789784803057, -4.569083377537444e-05], [0.006787710011958705, 0.9999757396175858, -0.0015643430109349786], [5.6308156807850515e-05, 0.0015639968349166642, 0.999998775370896]], "center": [0.0021947212223348386, -0.09835831198160812, 0.006102285251729779]}}], "structure": [], "control_points": []}