{"sfm_data_version": "0.3", "root_path": "/mnt/ST8000/jialei/SFM_E/ex_sea_12/1-5/images", "views": [{"key": 9, "value": {"polymorphic_id": 1073741824, "ptr_wrapper": {"id": 2147483649, "data": {"local_path": "", "filename": "075418_15357.965820.jpg", "width": 1920, "height": 1080, "id_view": 9, "id_intrinsic": 0, "id_pose": 9}}}}, {"key": 8, "value": {"polymorphic_id": 1073741824, "ptr_wrapper": {"id": 2147483650, "data": {"local_path": "", "filename": "075417_15357.866211.jpg", "width": 1920, "height": 1080, "id_view": 8, "id_intrinsic": 0, "id_pose": 8}}}}, {"key": 7, "value": {"polymorphic_id": 1073741824, "ptr_wrapper": {"id": 2147483651, "data": {"local_path": "", "filename": "075416_15357.766602.jpg", "width": 1920, "height": 1080, "id_view": 7, "id_intrinsic": 0, "id_pose": 7}}}}, {"key": 6, "value": {"polymorphic_id": 1073741824, "ptr_wrapper": {"id": 2147483652, "data": {"local_path": "", "filename": "075415_15357.666016.jpg", "width": 1920, "height": 1080, "id_view": 6, "id_intrinsic": 0, "id_pose": 6}}}}, {"key": 5, "value": {"polymorphic_id": 1073741824, "ptr_wrapper": {"id": 2147483653, "data": {"local_path": "", "filename": "075414_15357.566406.jpg", "width": 1920, "height": 1080, "id_view": 5, "id_intrinsic": 0, "id_pose": 5}}}}, {"key": 4, "value": {"polymorphic_id": 1073741824, "ptr_wrapper": {"id": 2147483654, "data": {"local_path": "", "filename": "075413_15357.497820.jpg", "width": 1920, "height": 1080, "id_view": 4, "id_intrinsic": 0, "id_pose": 4}}}}, {"key": 3, "value": {"polymorphic_id": 1073741824, "ptr_wrapper": {"id": 2147483655, "data": {"local_path": "", "filename": "075412_15357.398211.jpg", "width": 1920, "height": 1080, "id_view": 3, "id_intrinsic": 0, "id_pose": 3}}}}, {"key": 2, "value": {"polymorphic_id": 1073741824, "ptr_wrapper": {"id": 2147483656, "data": {"local_path": "", "filename": "075411_15357.299602.jpg", "width": 1920, "height": 1080, "id_view": 2, "id_intrinsic": 0, "id_pose": 2}}}}, {"key": 1, "value": {"polymorphic_id": 1073741824, "ptr_wrapper": {"id": 2147483657, "data": {"local_path": "", "filename": "075410_15357.198016.jpg", "width": 1920, "height": 1080, "id_view": 1, "id_intrinsic": 0, "id_pose": 1}}}}, {"key": 0, "value": {"polymorphic_id": 1073741824, "ptr_wrapper": {"id": 2147483658, "data": {"local_path": "", "filename": "075409_15357.099406.jpg", "width": 1920, "height": 1080, "id_view": 0, "id_intrinsic": 0, "id_pose": 0}}}}], "intrinsics": [{"key": 0, "value": {"polymorphic_id": 2147483649, "polymorphic_name": "pinhole_radial_k3", "ptr_wrapper": {"id": 2147483659, "data": {"width": 1920, "height": 1080, "focal_length": 1739.13, "principal_point": [960.0, 540.0], "disto_k3": [0.0, 0.0, 0.0]}}}}], "extrinsics": [{"key": 0, "value": {"rotation": [[0.9999999994250018, 5.864510965491696e-06, 3.340066358728412e-05], [-5.863488885623662e-06, 0.9999999995146116, -3.060060140399492e-05], [-3.340084302863453e-05, 3.060040554197996e-05, 0.9999999989739994]], "center": [102655.2882744214, -59731.17478745759, 609.3316321609957]}}, {"key": 1, "value": {"rotation": [[0.9999996379611221, 0.0004937689713297097, 0.0006930150273299321], [-0.0004938872484496269, 0.9999998635009226, 0.0001705095962883727], [-0.0006929307403860624, -0.00017085180584226184, 0.9999997453282923]], "center": [102655.12883204306, -59737.8075337357, 609.7163770308971]}}, {"key": 2, "value": {"rotation": [[0.9999993861726311, -0.0006446005991877011, 0.0009011905622236776], [0.0006447571700862176, 0.9999997771002137, -0.0001734581084426542], [-0.0009010785501478581, 0.00017403905104597606, 0.9999995788838388]], "center": [102655.74688660016, -59744.6155092218, 610.1607235711425]}}, {"key": 3, "value": {"rotation": [[0.9999993303924041, -0.0011227311726986083, -0.00028051641362648465], [0.001122554336852675, 0.9999991716378938, -0.0006297581186028178], [0.0002812232303283484, 0.0006294428019953344, 0.9999997623575987]], "center": [102655.86669019825, -59750.91901158217, 610.6434092431837]}}, {"key": 4, "value": {"rotation": [[0.9999976522495153, -0.0016034948338160386, 0.0014574977792348417], [0.0016020331670799255, 0.9999982132620245, 0.0010034752065674554], [-0.0014591042423777868, -0.0010011378908747592, 0.999998434367641]], "center": [102655.52821695196, -59758.578622307024, 610.2215742462162]}}, {"key": 5, "value": {"rotation": [[0.9999965770412536, -0.002362618264696978, 0.001124251178654705], [0.0023614770438414707, 0.9999966962487072, 0.0010153412444348685], [-0.0011266463281773746, -0.0010126828756136864, 0.9999988525700638]], "center": [102655.83215517414, -59765.40951310928, 610.6026304301415]}}, {"key": 6, "value": {"rotation": [[0.9999938831724756, -0.0029901934558311466, 0.0018144863546765018], [0.002986903973775931, 0.9999938958629379, 0.0018129096823562248], [-0.0018198962294712342, -0.0018074788965971584, 0.9999967104934655]], "center": [102655.16476380602, -59772.59294512467, 610.5903877390942]}}, {"key": 7, "value": {"rotation": [[0.9999903208647553, -0.0042469561272250505, 0.0011495827322153557], [0.004246497959832941, 0.999990903306351, 0.00040069892177854114], [-0.001151274025554381, -0.00039581334263241155, 0.9999992589496831]], "center": [102655.84832573627, -59778.721608169115, 611.4876559372244]}}, {"key": 8, "value": {"rotation": [[0.9999852105338931, -0.005368307222735251, 0.0008717746548323037], [0.005368544155888458, 0.9999855529014342, -0.000269670279680258], [-0.0008703143873077317, 0.000274346452129335, 0.9999995836433588]], "center": [102655.95793268691, -59785.03352834216, 612.0384807012108]}}, {"key": 9, "value": {"rotation": [[0.9999799848439975, -0.006318944610787668, -0.00031756952873855546], [0.006318475099916898, 0.9999789748599315, -0.0014583245498514567], [0.00032677792384981565, 0.0014562888060983298, 0.9999988862189305]], "center": [102656.50816638645, -59791.215950189675, 612.9405250622635]}}], "structure": [], "control_points": []}