{"sfm_data_version": "0.3", "root_path": "/mnt/ST8000/jialei/SFM_E/ex_sea_12/1-2/images", "views": [{"key": 9, "value": {"polymorphic_id": 1073741824, "ptr_wrapper": {"id": 2147483649, "data": {"local_path": "", "filename": "038735_11734.566406.jpg", "width": 1920, "height": 1080, "id_view": 9, "id_intrinsic": 0, "id_pose": 9}}}}, {"key": 8, "value": {"polymorphic_id": 1073741824, "ptr_wrapper": {"id": 2147483650, "data": {"local_path": "", "filename": "038734_11734.465820.jpg", "width": 1920, "height": 1080, "id_view": 8, "id_intrinsic": 0, "id_pose": 8}}}}, {"key": 7, "value": {"polymorphic_id": 1073741824, "ptr_wrapper": {"id": 2147483651, "data": {"local_path": "", "filename": "038733_11734.399211.jpg", "width": 1920, "height": 1080, "id_view": 7, "id_intrinsic": 0, "id_pose": 7}}}}, {"key": 6, "value": {"polymorphic_id": 1073741824, "ptr_wrapper": {"id": 2147483652, "data": {"local_path": "", "filename": "038732_11734.299602.jpg", "width": 1920, "height": 1080, "id_view": 6, "id_intrinsic": 0, "id_pose": 6}}}}, {"key": 5, "value": {"polymorphic_id": 1073741824, "ptr_wrapper": {"id": 2147483653, "data": {"local_path": "", "filename": "038731_11734.198016.jpg", "width": 1920, "height": 1080, "id_view": 5, "id_intrinsic": 0, "id_pose": 5}}}}, {"key": 4, "value": {"polymorphic_id": 1073741824, "ptr_wrapper": {"id": 2147483654, "data": {"local_path": "", "filename": "038730_11734.100406.jpg", "width": 1920, "height": 1080, "id_view": 4, "id_intrinsic": 0, "id_pose": 4}}}}, {"key": 3, "value": {"polymorphic_id": 1073741824, "ptr_wrapper": {"id": 2147483655, "data": {"local_path": "", "filename": "038729_11733.998820.jpg", "width": 1920, "height": 1080, "id_view": 3, "id_intrinsic": 0, "id_pose": 3}}}}, {"key": 2, "value": {"polymorphic_id": 1073741824, "ptr_wrapper": {"id": 2147483656, "data": {"local_path": "", "filename": "038728_11733.899211.jpg", "width": 1920, "height": 1080, "id_view": 2, "id_intrinsic": 0, "id_pose": 2}}}}, {"key": 1, "value": {"polymorphic_id": 1073741824, "ptr_wrapper": {"id": 2147483657, "data": {"local_path": "", "filename": "038727_11733.798602.jpg", "width": 1920, "height": 1080, "id_view": 1, "id_intrinsic": 0, "id_pose": 1}}}}, {"key": 0, "value": {"polymorphic_id": 1073741824, "ptr_wrapper": {"id": 2147483658, "data": {"local_path": "", "filename": "038726_11733.699016.jpg", "width": 1920, "height": 1080, "id_view": 0, "id_intrinsic": 0, "id_pose": 0}}}}], "intrinsics": [{"key": 0, "value": {"polymorphic_id": 2147483649, "polymorphic_name": "pinhole_radial_k3", "ptr_wrapper": {"id": 2147483659, "data": {"width": 1920, "height": 1080, "focal_length": 1739.13, "principal_point": [960.0, 540.0], "disto_k3": [0.0, 0.0, 0.0]}}}}], "extrinsics": [{"key": 0, "value": {"rotation": [[0.99999934696145, -0.0011426239408775, 2.2072682381769273e-05], [0.0011426205003693276, 0.9999993351560559, 0.00015526054969453802], [-2.225007212802914e-05, -0.00015523522760402706, 0.9999999877034791]], "center": [-0.00032471283319765606, -0.0011621061925558176, 0.0006331847981229197]}}, {"key": 1, "value": {"rotation": [[0.9999998464216592, 0.0002652440014624322, 0.00048662334287124723], [-0.00026569538518416216, 0.9999995343397455, 0.0009277533370273333], [-0.0004863770352625932, -0.0009278824881210498, 0.9999994512355833]], "center": [-0.0005514065150764237, -0.011581243997991583, 0.0023645047857028373]}}, {"key": 2, "value": {"rotation": [[0.9999996936470675, -0.0005771610225049726, 0.0005287635816953703], [0.0005764623413674062, 0.9999989619192668, 0.0013205497180389983], [-0.0005295252026215941, -0.0013202445011924083, 0.9999989882782466]], "center": [-0.0006011894333461095, -0.022871693140209114, 0.003159635972226538]}}, {"key": 3, "value": {"rotation": [[0.9999978672495784, 0.0015474458709039195, -0.0013678112338899213], [-0.001559753431085597, 0.9999578929554837, -0.009043201051829524], [0.0013537597752739917, 0.00904531521320378, 0.9999581739288722]], "center": [0.0034374853595299185, -0.02441053739695038, 0.013680488084224823]}}, {"key": 4, "value": {"rotation": [[0.9999991101960815, 0.0005917154206095879, -0.001195608592720626], [-0.0006025125127601622, 0.9999588615446235, -0.00905053573290821], [0.0011902040656719469, 0.009051248048843516, 0.9999583282932546]], "center": [0.00398215384077002, -0.03524695842268026, 0.01462356016343241]}}, {"key": 5, "value": {"rotation": [[0.9999988369133422, -0.000864808116772953, -0.0012562956994119792], [0.0008522384572265297, 0.9999499186964586, -0.009971649239619717], [0.0012648563456857211, 0.009970566978218843, 0.9999494926907845]], "center": [0.0041477036157199325, -0.04524754104067421, 0.016266719203237457]}}, {"key": 6, "value": {"rotation": [[0.9999970100149341, -0.002131354685553603, -0.0011988696327119364], [0.0021193886338703987, 0.9999487936837488, -0.009895362663109319], [0.0012198987705916127, 0.009892792205449683, 0.9999503210206839]], "center": [0.0047203419666505455, -0.05647743049259339, 0.017484362882078244]}}, {"key": 7, "value": {"rotation": [[0.9999919399418473, -0.003930596791232606, -0.0008188163441337682], [0.0039222244885847015, 0.9999424347343463, -0.009987160387651305], [0.000858024709326572, 0.009983868309041166, 0.9999497918231621]], "center": [0.0044065933716224606, -0.06789037024100764, 0.01833461862819335]}}, {"key": 8, "value": {"rotation": [[0.9999903581558166, -0.004387438754583188, -0.000184327362018875], [0.004385428799311262, 0.9999426659371853, -0.009768973983031242], [0.00022717756882791715, 0.00976807143758435, 0.9999522654460771]], "center": [0.0031953728097355973, -0.0785583656628927, 0.018218170056685766]}}, {"key": 9, "value": {"rotation": [[0.9999834272798835, -0.005740567287357355, 0.00043709586752458226], [0.005744645779731996, 0.9999336527723193, -0.009984442812326003], [-0.00037975050163467427, 0.009986788303880476, 0.9999500586773968]], "center": [0.0032634001178964865, -0.0895364005071858, 0.01866357446050248]}}], "structure": [], "control_points": []}