{"sfm_data_version": "0.3", "root_path": "/mnt/ST8000/jialei/SFM_E/ex_sea_12/1-2/images", "views": [{"key": 9, "value": {"polymorphic_id": 1073741824, "ptr_wrapper": {"id": 2147483649, "data": {"local_path": "", "filename": "038735_11734.566406.jpg", "width": 1920, "height": 1080, "id_view": 9, "id_intrinsic": 0, "id_pose": 9}}}}, {"key": 8, "value": {"polymorphic_id": 1073741824, "ptr_wrapper": {"id": 2147483650, "data": {"local_path": "", "filename": "038734_11734.465820.jpg", "width": 1920, "height": 1080, "id_view": 8, "id_intrinsic": 0, "id_pose": 8}}}}, {"key": 7, "value": {"polymorphic_id": 1073741824, "ptr_wrapper": {"id": 2147483651, "data": {"local_path": "", "filename": "038733_11734.399211.jpg", "width": 1920, "height": 1080, "id_view": 7, "id_intrinsic": 0, "id_pose": 7}}}}, {"key": 6, "value": {"polymorphic_id": 1073741824, "ptr_wrapper": {"id": 2147483652, "data": {"local_path": "", "filename": "038732_11734.299602.jpg", "width": 1920, "height": 1080, "id_view": 6, "id_intrinsic": 0, "id_pose": 6}}}}, {"key": 5, "value": {"polymorphic_id": 1073741824, "ptr_wrapper": {"id": 2147483653, "data": {"local_path": "", "filename": "038731_11734.198016.jpg", "width": 1920, "height": 1080, "id_view": 5, "id_intrinsic": 0, "id_pose": 5}}}}, {"key": 4, "value": {"polymorphic_id": 1073741824, "ptr_wrapper": {"id": 2147483654, "data": {"local_path": "", "filename": "038730_11734.100406.jpg", "width": 1920, "height": 1080, "id_view": 4, "id_intrinsic": 0, "id_pose": 4}}}}, {"key": 3, "value": {"polymorphic_id": 1073741824, "ptr_wrapper": {"id": 2147483655, "data": {"local_path": "", "filename": "038729_11733.998820.jpg", "width": 1920, "height": 1080, "id_view": 3, "id_intrinsic": 0, "id_pose": 3}}}}, {"key": 2, "value": {"polymorphic_id": 1073741824, "ptr_wrapper": {"id": 2147483656, "data": {"local_path": "", "filename": "038728_11733.899211.jpg", "width": 1920, "height": 1080, "id_view": 2, "id_intrinsic": 0, "id_pose": 2}}}}, {"key": 1, "value": {"polymorphic_id": 1073741824, "ptr_wrapper": {"id": 2147483657, "data": {"local_path": "", "filename": "038727_11733.798602.jpg", "width": 1920, "height": 1080, "id_view": 1, "id_intrinsic": 0, "id_pose": 1}}}}, {"key": 0, "value": {"polymorphic_id": 1073741824, "ptr_wrapper": {"id": 2147483658, "data": {"local_path": "", "filename": "038726_11733.699016.jpg", "width": 1920, "height": 1080, "id_view": 0, "id_intrinsic": 0, "id_pose": 0}}}}], "intrinsics": [{"key": 0, "value": {"polymorphic_id": 2147483649, "polymorphic_name": "pinhole_radial_k3", "ptr_wrapper": {"id": 2147483659, "data": {"width": 1920, "height": 1080, "focal_length": 1739.13, "principal_point": [960.0, 540.0], "disto_k3": [0.0, 0.0, 0.0]}}}}], "extrinsics": [{"key": 0, "value": {"rotation": [[0.9999999687000283, 0.00012750974846981812, 0.00021527007795991163], [-0.00012756345576007166, 0.999999960740489, 0.00024949265592520475], [-0.00021523825676271152, -0.000249520108711158, 0.9999999457061025]], "center": [102655.2882747324, -59731.17478758778, 609.3316319781304]}}, {"key": 1, "value": {"rotation": [[0.9999985902065242, 0.0015353333962854995, 0.0006799531797581083], [-0.0015360276663269892, 0.9999982983591149, 0.0010217132097166206], [-0.0006783833523096584, -0.0010227561962079291, 0.9999992468826115]], "center": [102655.15285303562, -59737.774771320146, 610.4276386268378]}}, {"key": 2, "value": {"rotation": [[0.9999994992751764, 0.0006929248895168529, 0.0007220141924867493], [-0.0006939457902685502, 0.9999987585699617, 0.0014146723210901177], [-0.0007210330344948327, -0.0014151726514379814, 0.9999987386980693]], "center": [102655.13030585037, -59744.92646349997, 610.9306131808137]}}, {"key": 3, "value": {"rotation": [[0.9999953406920631, 0.002817706504932881, -0.0011743611952825864], [-0.002828105510676776, 0.9999559532090713, -0.008949495011362583], [0.0011490924181311501, 0.008952774530277324, 0.9999592628776557]], "center": [102657.68843684433, -59745.89857826901, 617.5951472394854]}}, {"key": 4, "value": {"rotation": [[0.9999977642952321, 0.0018619621772476994, -0.00100224816728419], [-0.0018708651956721681, 0.9999581383146063, -0.008956644561813411], [0.0009855292780775716, 0.008958499608614046, 0.9999593861836611]], "center": [102658.04204411125, -59752.76221020128, 618.1919305205754]}}, {"key": 5, "value": {"rotation": [[0.9999993527455783, 0.0004054451942632839, -0.0010630722550689334], [-0.0004159261218461389, 0.9999511300259596, -0.009877477677421984], [0.0010590155268996317, 0.009877913443701177, 0.9999506514384158]], "center": [102658.15475159441, -59759.09675156134, 619.2321671045513]}}, {"key": 6, "value": {"rotation": [[0.9999991234638191, -0.000861108080469125, -0.0010057656125311391], [0.0008512097004991382, 0.9999516072762794, -0.009800946262046644], [0.0010141566148161737, 0.009800081553716837, 0.9999514637660673]], "center": [102658.52635852002, -59766.20960844591, 620.0028498627917]}}, {"key": 7, "value": {"rotation": [[0.9999962652884904, -0.002660390989113745, -0.0006258824618893281], [0.002654069878144362, 0.9999475468307202, -0.009892396085200844], [0.00065216727377636, 0.00989069800416595, 0.999950873178696]], "center": [102658.33670180615, -59773.439104375924, 620.5407018685986]}}, {"key": 8, "value": {"rotation": [[0.9999951411893562, -0.003117294395886568, 8.563251494234991e-06], [0.0031172313624993706, 0.9999483458001496, -0.00967412012420338], [2.159427128190462e-05, 0.009674099813121659, 0.9999532045683399]], "center": [102657.57808669673, -59780.1974014467, 620.4661572982199]}}, {"key": 9, "value": {"rotation": [[0.9999898089506953, -0.00447048920767104, 0.0006298579175388117], [0.004476500294683513, 0.9999410793419584, -0.009889327052500202], [-0.0005856106760365736, 0.0098920458290341, 0.9999509010393718]], "center": [102657.62995439598, -59787.151088268474, 620.7476405089728]}}], "structure": [], "control_points": []}