{"sfm_data_version": "0.3", "root_path": "/mnt/ST8000/jialei/SFM_E/ex_sea_12/1-2/images", "views": [{"key": 9, "value": {"polymorphic_id": 1073741824, "ptr_wrapper": {"id": 2147483649, "data": {"local_path": "", "filename": "038735_11734.566406.jpg", "width": 1920, "height": 1080, "id_view": 9, "id_intrinsic": 0, "id_pose": 9}}}}, {"key": 8, "value": {"polymorphic_id": 1073741824, "ptr_wrapper": {"id": 2147483650, "data": {"local_path": "", "filename": "038734_11734.465820.jpg", "width": 1920, "height": 1080, "id_view": 8, "id_intrinsic": 0, "id_pose": 8}}}}, {"key": 7, "value": {"polymorphic_id": 1073741824, "ptr_wrapper": {"id": 2147483651, "data": {"local_path": "", "filename": "038733_11734.399211.jpg", "width": 1920, "height": 1080, "id_view": 7, "id_intrinsic": 0, "id_pose": 7}}}}, {"key": 6, "value": {"polymorphic_id": 1073741824, "ptr_wrapper": {"id": 2147483652, "data": {"local_path": "", "filename": "038732_11734.299602.jpg", "width": 1920, "height": 1080, "id_view": 6, "id_intrinsic": 0, "id_pose": 6}}}}, {"key": 5, "value": {"polymorphic_id": 1073741824, "ptr_wrapper": {"id": 2147483653, "data": {"local_path": "", "filename": "038731_11734.198016.jpg", "width": 1920, "height": 1080, "id_view": 5, "id_intrinsic": 0, "id_pose": 5}}}}, {"key": 4, "value": {"polymorphic_id": 1073741824, "ptr_wrapper": {"id": 2147483654, "data": {"local_path": "", "filename": "038730_11734.100406.jpg", "width": 1920, "height": 1080, "id_view": 4, "id_intrinsic": 0, "id_pose": 4}}}}, {"key": 3, "value": {"polymorphic_id": 1073741824, "ptr_wrapper": {"id": 2147483655, "data": {"local_path": "", "filename": "038729_11733.998820.jpg", "width": 1920, "height": 1080, "id_view": 3, "id_intrinsic": 0, "id_pose": 3}}}}, {"key": 2, "value": {"polymorphic_id": 1073741824, "ptr_wrapper": {"id": 2147483656, "data": {"local_path": "", "filename": "038728_11733.899211.jpg", "width": 1920, "height": 1080, "id_view": 2, "id_intrinsic": 0, "id_pose": 2}}}}, {"key": 1, "value": {"polymorphic_id": 1073741824, "ptr_wrapper": {"id": 2147483657, "data": {"local_path": "", "filename": "038727_11733.798602.jpg", "width": 1920, "height": 1080, "id_view": 1, "id_intrinsic": 0, "id_pose": 1}}}}, {"key": 0, "value": {"polymorphic_id": 1073741824, "ptr_wrapper": {"id": 2147483658, "data": {"local_path": "", "filename": "038726_11733.699016.jpg", "width": 1920, "height": 1080, "id_view": 0, "id_intrinsic": 0, "id_pose": 0}}}}], "intrinsics": [{"key": 0, "value": {"polymorphic_id": 2147483649, "polymorphic_name": "pinhole_radial_k3", "ptr_wrapper": {"id": 2147483659, "data": {"width": 1920, "height": 1080, "focal_length": 1739.13, "principal_point": [960.0, 540.0], "disto_k3": [0.0, 0.0, 0.0]}}}}], "extrinsics": [{"key": 0, "value": {"rotation": [[0.9999992693226005, -0.001208850796964866, -5.832284485215617e-06], [0.0012088515755667062, 0.9999992601727595, 0.00013539498384939648], [5.668607836190261e-06, -0.00013540193528563136, 0.9999999908170913]], "center": [-0.00032227913135488787, -0.0010755141986662476, 0.0005928833232802584]}}, {"key": 1, "value": {"rotation": [[0.999999865239141, 0.00016474883441598443, 0.000492320547422087], [-0.0001652107844619786, 0.9999995460382176, 0.0009384182199149973], [-0.0004921657206194541, -0.0009384994301167951, 0.9999994384957039]], "center": [-0.0003782360450313069, -0.011341377043680469, 0.002257523254236276]}}, {"key": 2, "value": {"rotation": [[0.9999996063247819, -0.0006992197070481829, 0.0005462985286755299], [0.0006984920620898734, 0.999998870257062, 0.0013310121858712675], [-0.000547228581449315, -0.0013306300766989746, 0.9999989649817038]], "center": [-0.00036800584725110426, -0.02255089874467604, 0.0030618890182624566]}}, {"key": 3, "value": {"rotation": [[0.9999946091587996, -0.0022526447420166853, 0.0023889840950199865], [0.002250091616701517, 0.9999968951713292, 0.0010708573284826685], [-0.0023913889387641484, -0.001065476122576222, 0.999996573003916]], "center": [-0.0021116064641482457, -0.03280832406207842, 0.0020918032915671096]}}, {"key": 4, "value": {"rotation": [[0.9999915467616777, -0.003205450861174165, 0.0025751679488145315], [0.003202706200273598, 0.9999942996875255, 0.0010692359188095208], [-0.0025785806527493034, -0.0010609793739470358, 0.9999961126147369]], "center": [-0.0015103049570329803, -0.043546877525583276, 0.0030387693300557113]}}, {"key": 5, "value": {"rotation": [[0.9999862410061391, -0.0046107881282756455, 0.0025016856815039882], [0.004610510031794157, 0.9999893647070054, 0.00011691931572947682], [-0.0025021981655367126, -0.00010538366010633734, 0.999996863944395]], "center": [-0.0012119443887695122, -0.05341085903169859, 0.004654506346290469]}}, {"key": 6, "value": {"rotation": [[0.999979433110549, -0.005876722880472933, 0.002568556811187629], [0.005876221582920824, 0.9999827143229444, 0.00020267023711231485], [-0.0025697034487637124, -0.00018757265984509428, 0.9999966807148327]], "center": [-0.0005584696654933204, -0.06453989949575559, 0.005866861677343875]}}, {"key": 7, "value": {"rotation": [[0.9999661588782176, -0.007669710272365127, 0.0029760112033293123], [0.007669399166703994, 0.9999705830049503, 0.00011593602297301254], [-0.0029768128537288004, -9.31078817250215e-05, 0.9999955649482436]], "center": [-0.0008011277849125695, -0.07583248832331357, 0.006746147667528195]}}, {"key": 8, "value": {"rotation": [[0.9999602575117825, -0.008140426136981469, 0.003635499866491314], [0.00813923298538045, 0.9999668171128954, 0.0003428695300120369], [-0.00363817033419336, -0.00031326572309207283, 0.9999933327683775]], "center": [-0.002015568561094785, -0.08644633945117947, 0.006688410409984665]}}, {"key": 9, "value": {"rotation": [[0.9999458877770974, -0.009480591683033867, 0.004282510830470218], [0.009480142490814792, 0.9999550546044039, 0.00012517770071291396], [-0.004283505109995083, -8.45721141779529e-05, 0.9999908221736492]], "center": [-0.001909540608487963, -0.09733685613852373, 0.007192640616094148]}}], "structure": [], "control_points": []}