{"sfm_data_version": "0.3", "root_path": "/mnt/ST8000/jialei/SFM_E/ex_sea_12/1-2/images", "views": [{"key": 9, "value": {"polymorphic_id": 1073741824, "ptr_wrapper": {"id": 2147483649, "data": {"local_path": "", "filename": "038735_11734.566406.jpg", "width": 1920, "height": 1080, "id_view": 9, "id_intrinsic": 0, "id_pose": 9}}}}, {"key": 8, "value": {"polymorphic_id": 1073741824, "ptr_wrapper": {"id": 2147483650, "data": {"local_path": "", "filename": "038734_11734.465820.jpg", "width": 1920, "height": 1080, "id_view": 8, "id_intrinsic": 0, "id_pose": 8}}}}, {"key": 7, "value": {"polymorphic_id": 1073741824, "ptr_wrapper": {"id": 2147483651, "data": {"local_path": "", "filename": "038733_11734.399211.jpg", "width": 1920, "height": 1080, "id_view": 7, "id_intrinsic": 0, "id_pose": 7}}}}, {"key": 6, "value": {"polymorphic_id": 1073741824, "ptr_wrapper": {"id": 2147483652, "data": {"local_path": "", "filename": "038732_11734.299602.jpg", "width": 1920, "height": 1080, "id_view": 6, "id_intrinsic": 0, "id_pose": 6}}}}, {"key": 5, "value": {"polymorphic_id": 1073741824, "ptr_wrapper": {"id": 2147483653, "data": {"local_path": "", "filename": "038731_11734.198016.jpg", "width": 1920, "height": 1080, "id_view": 5, "id_intrinsic": 0, "id_pose": 5}}}}, {"key": 4, "value": {"polymorphic_id": 1073741824, "ptr_wrapper": {"id": 2147483654, "data": {"local_path": "", "filename": "038730_11734.100406.jpg", "width": 1920, "height": 1080, "id_view": 4, "id_intrinsic": 0, "id_pose": 4}}}}, {"key": 3, "value": {"polymorphic_id": 1073741824, "ptr_wrapper": {"id": 2147483655, "data": {"local_path": "", "filename": "038729_11733.998820.jpg", "width": 1920, "height": 1080, "id_view": 3, "id_intrinsic": 0, "id_pose": 3}}}}, {"key": 2, "value": {"polymorphic_id": 1073741824, "ptr_wrapper": {"id": 2147483656, "data": {"local_path": "", "filename": "038728_11733.899211.jpg", "width": 1920, "height": 1080, "id_view": 2, "id_intrinsic": 0, "id_pose": 2}}}}, {"key": 1, "value": {"polymorphic_id": 1073741824, "ptr_wrapper": {"id": 2147483657, "data": {"local_path": "", "filename": "038727_11733.798602.jpg", "width": 1920, "height": 1080, "id_view": 1, "id_intrinsic": 0, "id_pose": 1}}}}, {"key": 0, "value": {"polymorphic_id": 1073741824, "ptr_wrapper": {"id": 2147483658, "data": {"local_path": "", "filename": "038726_11733.699016.jpg", "width": 1920, "height": 1080, "id_view": 0, "id_intrinsic": 0, "id_pose": 0}}}}], "intrinsics": [{"key": 0, "value": {"polymorphic_id": 2147483649, "polymorphic_name": "pinhole_radial_k3", "ptr_wrapper": {"id": 2147483659, "data": {"width": 1920, "height": 1080, "focal_length": 1739.13, "principal_point": [960.0, 540.0], "disto_k3": [0.0, 0.0, 0.0]}}}}], "extrinsics": [{"key": 0, "value": {"rotation": [[0.9999999872705309, -4.943244631651692e-06, 0.00015948198140560473], [4.9097929288932426e-06, 0.9999999779900067, 0.00020975194916144689], [-0.00015948301475060406, -0.00020975116346791137, 0.9999999652848082]], "center": [102655.28827457545, -59731.174787547905, 609.3316320170918]}}, {"key": 1, "value": {"rotation": [[0.9999988471314374, 0.001368619064209787, 0.0006577367658246018], [-0.0013692846481760208, 0.9999985499020821, 0.0010125479177793524], [-0.0006563500196581833, -0.0010134473793006712, 0.9999992710642649]], "center": [102655.26058905433, -59737.65308185804, 610.3816014866397]}}, {"key": 2, "value": {"rotation": [[0.9999996194424056, 0.0005046468259451063, 0.0007116506339871578], [-0.0005056465273026912, 0.9999988847476472, 0.0014052846871046181], [-0.0007109406678602134, -0.0014056439959846173, 0.9999987593633922]], "center": [102655.2754769335, -59744.72677233479, 610.8886656069056]}}, {"key": 3, "value": {"rotation": [[0.9999961878557581, -0.0010489201100989554, 0.0025542201460524924], [0.0010459972668943353, 0.9999987969892148, 0.0011453863283450848], [-0.002555418492051749, -0.0011427102546753682, 0.9999960820171272]], "center": [102654.18308859464, -59751.20090072599, 610.2758399351796]}}, {"key": 4, "value": {"rotation": [[0.9999942417837512, -0.0020017430668838767, 0.002740332832942028], [0.001998614539875004, 0.9999973484873398, 0.0011439222925176704], [-0.0027426154054329263, -0.0011384388365216966, 0.9999955909991571]], "center": [102654.57059363496, -59757.976948886535, 610.8729743802148]}}, {"key": 5, "value": {"rotation": [[0.9999906400926208, -0.0034070802354357406, 0.0026667454735463856], [0.003406580705095884, 0.9999941791860625, 0.0001918381955486907], [-0.0026673835590416053, -0.00018275191628534102, 0.9999964258269558]], "center": [102654.76619652286, -59764.20136838084, 611.892139904342]}}, {"key": 6, "value": {"rotation": [[0.9999853452306862, -0.004673027235068885, 0.0027335215980615977], [0.004672285152296188, 0.9999890462298778, 0.00027779797614297644], [-0.0027347898132027318, -0.00026502211270161574, 0.9999962253368548]], "center": [102655.18689394364, -59771.22380241098, 612.6567329931177]}}, {"key": 7, "value": {"rotation": [[0.9999741622622841, -0.006466059600316384, 0.0031408408251999563], [0.0064654903556044425, 0.9999790801891898, 0.00019135946260711464], [-0.0031420124610943897, -0.0001710474422476878, 0.9999950492379788]], "center": [102655.04225438437, -59778.350107234735, 613.2110445499293]}}, {"key": 8, "value": {"rotation": [[0.9999687185810406, -0.006936831264241599, 0.003800293594506538], [0.006935290845768106, 0.9999758630622511, 0.0004183703990580803], [-0.0038031040319208274, -0.0003920011704611193, 0.9999926913406946]], "center": [102654.28396286158, -59785.04879549299, 613.1739865381951]}}, {"key": 9, "value": {"rotation": [[0.999955855347883, -0.008277061244447385, 0.004447202788288859], [0.008276249509864454, 0.9999657310795426, 0.0002008994929002457], [-0.004448713244856955, -0.00016408446436517484, 0.9999900909642827]], "center": [102654.3590919439, -59791.92109407219, 613.4916778032934]}}], "structure": [], "control_points": []}