{"sfm_data_version": "0.3", "root_path": "/mnt/ST8000/jialei/SFM_E/ex_sea_12/1-2/images", "views": [{"key": 9, "value": {"polymorphic_id": 1073741824, "ptr_wrapper": {"id": 2147483649, "data": {"local_path": "", "filename": "038735_11734.566406.jpg", "width": 1920, "height": 1080, "id_view": 9, "id_intrinsic": 0, "id_pose": 9}}}}, {"key": 8, "value": {"polymorphic_id": 1073741824, "ptr_wrapper": {"id": 2147483650, "data": {"local_path": "", "filename": "038734_11734.465820.jpg", "width": 1920, "height": 1080, "id_view": 8, "id_intrinsic": 0, "id_pose": 8}}}}, {"key": 7, "value": {"polymorphic_id": 1073741824, "ptr_wrapper": {"id": 2147483651, "data": {"local_path": "", "filename": "038733_11734.399211.jpg", "width": 1920, "height": 1080, "id_view": 7, "id_intrinsic": 0, "id_pose": 7}}}}, {"key": 6, "value": {"polymorphic_id": 1073741824, "ptr_wrapper": {"id": 2147483652, "data": {"local_path": "", "filename": "038732_11734.299602.jpg", "width": 1920, "height": 1080, "id_view": 6, "id_intrinsic": 0, "id_pose": 6}}}}, {"key": 5, "value": {"polymorphic_id": 1073741824, "ptr_wrapper": {"id": 2147483653, "data": {"local_path": "", "filename": "038731_11734.198016.jpg", "width": 1920, "height": 1080, "id_view": 5, "id_intrinsic": 0, "id_pose": 5}}}}, {"key": 4, "value": {"polymorphic_id": 1073741824, "ptr_wrapper": {"id": 2147483654, "data": {"local_path": "", "filename": "038730_11734.100406.jpg", "width": 1920, "height": 1080, "id_view": 4, "id_intrinsic": 0, "id_pose": 4}}}}, {"key": 3, "value": {"polymorphic_id": 1073741824, "ptr_wrapper": {"id": 2147483655, "data": {"local_path": "", "filename": "038729_11733.998820.jpg", "width": 1920, "height": 1080, "id_view": 3, "id_intrinsic": 0, "id_pose": 3}}}}, {"key": 2, "value": {"polymorphic_id": 1073741824, "ptr_wrapper": {"id": 2147483656, "data": {"local_path": "", "filename": "038728_11733.899211.jpg", "width": 1920, "height": 1080, "id_view": 2, "id_intrinsic": 0, "id_pose": 2}}}}, {"key": 1, "value": {"polymorphic_id": 1073741824, "ptr_wrapper": {"id": 2147483657, "data": {"local_path": "", "filename": "038727_11733.798602.jpg", "width": 1920, "height": 1080, "id_view": 1, "id_intrinsic": 0, "id_pose": 1}}}}, {"key": 0, "value": {"polymorphic_id": 1073741824, "ptr_wrapper": {"id": 2147483658, "data": {"local_path": "", "filename": "038726_11733.699016.jpg", "width": 1920, "height": 1080, "id_view": 0, "id_intrinsic": 0, "id_pose": 0}}}}], "intrinsics": [{"key": 0, "value": {"polymorphic_id": 2147483649, "polymorphic_name": "pinhole_radial_k3", "ptr_wrapper": {"id": 2147483659, "data": {"width": 1920, "height": 1080, "focal_length": 1739.13, "principal_point": [960.0, 540.0], "disto_k3": [0.0, 0.0, 0.0]}}}}], "extrinsics": [{"key": 0, "value": {"rotation": [[0.999999847339768, -0.0005497521770037689, 5.561461132822368e-05], [0.0005497462979542247, 0.99999984330635, 0.00010567063452020508], [-5.5672695275140045e-05, -0.00010564004446181166, 0.9999999928703659]], "center": [102655.28827435352, -59731.174787468386, 609.3316320840768]}}, {"key": 1, "value": {"rotation": [[0.9999994644746731, 0.0008009721267032185, 0.0006553579324526411], [-0.0008016874897573493, 0.9999990823864184, 0.0010920272382616424], [-0.000654482647707866, -0.0010925520457091592, 0.9999991889909167]], "center": [102655.42268278869, -59736.99492214204, 610.3942425155682]}}, {"key": 2, "value": {"rotation": [[0.9999997489558908, -8.654748326785534e-05, 0.0007032763956141135], [8.548811124042024e-05, 0.9999988619829987, 0.0015062285649725853], [-0.0007034059555651591, -0.0015061680650720055, 0.9999986183379562]], "center": [102655.47694363659, -59743.53979140474, 610.921158792763]}}, {"key": 3, "value": {"rotation": [[0.9999951331041891, -0.0016080637880628913, 0.0026735554583598186], [0.0016046502942905503, 0.9999978953713392, 0.001278417116890657], [-0.00267560560779009, -0.0012741207734146788, 0.9999956088658022]], "center": [102654.304836399, -59749.54591407548, 610.4161087305926]}}, {"key": 4, "value": {"rotation": [[0.9999926339901691, -0.0025616251722473315, 0.0028583285117844168], [0.002558016165639686, 0.9999959274338557, 0.0012655706217467241], [-0.0028615587886144074, -0.0012582496490011884, 0.9999951141326242]], "center": [102654.69735895483, -59755.77350694771, 611.0338391555127]}}, {"key": 5, "value": {"rotation": [[0.9999885835341398, -0.0039278032076687465, 0.0027212429785100005], [0.003927537079040402, 0.9999922818781777, 0.00010313373696770166], [-0.002721627064648081, -9.244477684569588e-05, 0.9999962920931676]], "center": [102654.99274870963, -59761.35122391688, 612.0883656471769]}}, {"key": 6, "value": {"rotation": [[0.9999825324265257, -0.005196183831849611, 0.0028168271901067555], [0.005195616689875172, 0.9999864809308685, 0.0002086209705135316], [-0.0028178731421392295, -0.0001939821720499427, 0.9999960109729794]], "center": [102655.41951396245, -59767.841117490534, 612.8436586726177]}}, {"key": 7, "value": {"rotation": [[0.9999702786782718, -0.006988971997930897, 0.0032551544529258727], [0.0069886996174874086, 0.9999755742238418, 9.504395937446564e-05], [-0.003255739202822505, -7.229183786228337e-05, 0.9999946974540079]], "center": [102655.30461566319, -59774.40539420592, 613.4291924045132]}}, {"key": 8, "value": {"rotation": [[0.9999642916609484, -0.007474250428320468, 0.003943473539077892], [0.007472999131319009, 0.9999720216558533, 0.0003319480210493835], [-0.003945844269856618, -0.0003024665934049094, 0.9999921693828194]], "center": [102654.56367960012, -59780.587928636625, 613.447163003365]}}, {"key": 9, "value": {"rotation": [[0.9999504510791083, -0.008797485979163132, 0.0046582858580379895], [0.008797056180383091, 0.9999612987963874, 0.00011274750853758914], [-0.004659097471394094, -7.176271962271974e-05, 0.9999891437715029]], "center": [102654.59883261014, -59786.91879518053, 613.7839587532785]}}], "structure": [], "control_points": []}