{"sfm_data_version": "0.3", "root_path": "/mnt/ST8000/jialei/SFM_E/ex_sea_12/1-2/images", "views": [{"key": 9, "value": {"polymorphic_id": 1073741824, "ptr_wrapper": {"id": 2147483649, "data": {"local_path": "", "filename": "038735_11734.566406.jpg", "width": 1920, "height": 1080, "id_view": 9, "id_intrinsic": 0, "id_pose": 9}}}}, {"key": 8, "value": {"polymorphic_id": 1073741824, "ptr_wrapper": {"id": 2147483650, "data": {"local_path": "", "filename": "038734_11734.465820.jpg", "width": 1920, "height": 1080, "id_view": 8, "id_intrinsic": 0, "id_pose": 8}}}}, {"key": 7, "value": {"polymorphic_id": 1073741824, "ptr_wrapper": {"id": 2147483651, "data": {"local_path": "", "filename": "038733_11734.399211.jpg", "width": 1920, "height": 1080, "id_view": 7, "id_intrinsic": 0, "id_pose": 7}}}}, {"key": 6, "value": {"polymorphic_id": 1073741824, "ptr_wrapper": {"id": 2147483652, "data": {"local_path": "", "filename": "038732_11734.299602.jpg", "width": 1920, "height": 1080, "id_view": 6, "id_intrinsic": 0, "id_pose": 6}}}}, {"key": 5, "value": {"polymorphic_id": 1073741824, "ptr_wrapper": {"id": 2147483653, "data": {"local_path": "", "filename": "038731_11734.198016.jpg", "width": 1920, "height": 1080, "id_view": 5, "id_intrinsic": 0, "id_pose": 5}}}}, {"key": 4, "value": {"polymorphic_id": 1073741824, "ptr_wrapper": {"id": 2147483654, "data": {"local_path": "", "filename": "038730_11734.100406.jpg", "width": 1920, "height": 1080, "id_view": 4, "id_intrinsic": 0, "id_pose": 4}}}}, {"key": 3, "value": {"polymorphic_id": 1073741824, "ptr_wrapper": {"id": 2147483655, "data": {"local_path": "", "filename": "038729_11733.998820.jpg", "width": 1920, "height": 1080, "id_view": 3, "id_intrinsic": 0, "id_pose": 3}}}}, {"key": 2, "value": {"polymorphic_id": 1073741824, "ptr_wrapper": {"id": 2147483656, "data": {"local_path": "", "filename": "038728_11733.899211.jpg", "width": 1920, "height": 1080, "id_view": 2, "id_intrinsic": 0, "id_pose": 2}}}}, {"key": 1, "value": {"polymorphic_id": 1073741824, "ptr_wrapper": {"id": 2147483657, "data": {"local_path": "", "filename": "038727_11733.798602.jpg", "width": 1920, "height": 1080, "id_view": 1, "id_intrinsic": 0, "id_pose": 1}}}}, {"key": 0, "value": {"polymorphic_id": 1073741824, "ptr_wrapper": {"id": 2147483658, "data": {"local_path": "", "filename": "038726_11733.699016.jpg", "width": 1920, "height": 1080, "id_view": 0, "id_intrinsic": 0, "id_pose": 0}}}}], "intrinsics": [{"key": 0, "value": {"polymorphic_id": 2147483649, "polymorphic_name": "pinhole_radial_k3", "ptr_wrapper": {"id": 2147483659, "data": {"width": 1920, "height": 1080, "focal_length": 1739.13, "principal_point": [960.0, 540.0], "disto_k3": [0.0, 0.0, 0.0]}}}}], "extrinsics": [{"key": 0, "value": {"rotation": [[0.999998901272311, -0.0014812538663738176, -5.78027189178547e-05], [0.0014812586813776763, 0.9999988994623981, 8.334693590924572e-05], [5.7679197332728575e-05, -8.343246511285991e-05, 0.9999999948560669]], "center": [-0.0003630844762979117, -0.0011234958813278013, 0.0006310284648939883]}}, {"key": 1, "value": {"rotation": [[0.9999998446491746, -0.0001305165046513185, 0.0005419105726897182], [0.00012993668230681067, 0.9999994192612288, 0.0010698568425742678], [-0.0005420498919568151, -0.0010697862623091985, 0.9999992808693752]], "center": [-0.00015947124976444465, -0.010302489084781817, 0.002307033847755868]}}, {"key": 2, "value": {"rotation": [[0.999999307841418, -0.0010180349326841336, 0.0005898487606417189], [0.001017158678644253, 0.9999983816278123, 0.0014839575394638318], [-0.0005913585266606938, -0.0014833565425438776, 0.9999987249734176]], "center": [-8.34179055179157e-05, -0.020624349544173533, 0.0031382447438023805]}}, {"key": 3, "value": {"rotation": [[0.999993498226816, -0.0025395026244545613, 0.002560162204796002], [0.002536293447163535, 0.9999959948646656, 0.0012559737964853697], [-0.0025633414997523114, -0.0012494723078049085, 0.999995934041388]], "center": [-0.0019408414585399055, -0.03009479660236154, 0.0023421592981391656]}}, {"key": 4, "value": {"rotation": [[0.9999901318332738, -0.0034930571729984653, 0.0027449567680175153], [0.003489655608188741, 0.9999931385799562, 0.0012430192053406622], [-0.0027492798708675047, -0.0012334279852401076, 0.999995460047493]], "center": [-0.0013308391332581533, -0.03991677975327364, 0.0033165200139294517]}}, {"key": 5, "value": {"rotation": [[0.9999847932307266, -0.004859233879578457, 0.002607902108059578], [0.004859040643993925, 0.9999881915580341, 8.042706529333361e-05], [-0.0026082621267193994, -6.775393991884335e-05, 0.9999965961832479]], "center": [-0.0008729903985731429, -0.048713696996648924, 0.004979739042432357]}}, {"key": 6, "value": {"rotation": [[0.999977571472287, -0.0061276061988025845, 0.0027035152412496393], [0.006127126260483968, 0.9999812117300386, 0.00018577058952676722], [-0.0027046027758913962, -0.00016920164373562333, 0.999996328240573]], "center": [-0.00020934523465507824, -0.058949395506608125, 0.006171050512101761]}}, {"key": 7, "value": {"rotation": [[0.9999636974741953, -0.007920372460800911, 0.0031418838009518142], [0.007920185353684267, 0.9999686322487026, 7.199043329136587e-05], [-0.003142355438167435, -4.710351779346144e-05, 0.9999950616795857]], "center": [-0.00040008785199684084, -0.06930161256829648, 0.007094736954940719]}}, {"key": 8, "value": {"rotation": [[0.9999573365122578, -0.008405629853433743, 0.003830214364560148], [0.008404508221897835, 0.9999646338044291, 0.000308839638575415], [-0.003832674896135805, -0.0002766353942806172, 0.9999926170107452]], "center": [-0.0015776844497100942, -0.07905089067668249, 0.007123427685926116]}}, {"key": 9, "value": {"rotation": [[0.9999423444372123, -0.009728836100170174, 0.004545057705677758], [0.00972852983129295, 0.9999526727295689, 8.948917899120515e-05], [-0.00454571322605777, -4.526728996754529e-05, 0.9999896671676856]], "center": [-0.0015314853780053375, -0.08903522975343844, 0.0076547985912924854]}}], "structure": [], "control_points": []}