{"sfm_data_version": "0.3", "root_path": "/mnt/ST8000/jialei/SFM_E/ex_sea_12/1-2/images", "views": [{"key": 9, "value": {"polymorphic_id": 1073741824, "ptr_wrapper": {"id": 2147483649, "data": {"local_path": "", "filename": "038735_11734.566406.jpg", "width": 1920, "height": 1080, "id_view": 9, "id_intrinsic": 0, "id_pose": 9}}}}, {"key": 8, "value": {"polymorphic_id": 1073741824, "ptr_wrapper": {"id": 2147483650, "data": {"local_path": "", "filename": "038734_11734.465820.jpg", "width": 1920, "height": 1080, "id_view": 8, "id_intrinsic": 0, "id_pose": 8}}}}, {"key": 7, "value": {"polymorphic_id": 1073741824, "ptr_wrapper": {"id": 2147483651, "data": {"local_path": "", "filename": "038733_11734.399211.jpg", "width": 1920, "height": 1080, "id_view": 7, "id_intrinsic": 0, "id_pose": 7}}}}, {"key": 6, "value": {"polymorphic_id": 1073741824, "ptr_wrapper": {"id": 2147483652, "data": {"local_path": "", "filename": "038732_11734.299602.jpg", "width": 1920, "height": 1080, "id_view": 6, "id_intrinsic": 0, "id_pose": 6}}}}, {"key": 5, "value": {"polymorphic_id": 1073741824, "ptr_wrapper": {"id": 2147483653, "data": {"local_path": "", "filename": "038731_11734.198016.jpg", "width": 1920, "height": 1080, "id_view": 5, "id_intrinsic": 0, "id_pose": 5}}}}, {"key": 4, "value": {"polymorphic_id": 1073741824, "ptr_wrapper": {"id": 2147483654, "data": {"local_path": "", "filename": "038730_11734.100406.jpg", "width": 1920, "height": 1080, "id_view": 4, "id_intrinsic": 0, "id_pose": 4}}}}, {"key": 3, "value": {"polymorphic_id": 1073741824, "ptr_wrapper": {"id": 2147483655, "data": {"local_path": "", "filename": "038729_11733.998820.jpg", "width": 1920, "height": 1080, "id_view": 3, "id_intrinsic": 0, "id_pose": 3}}}}, {"key": 2, "value": {"polymorphic_id": 1073741824, "ptr_wrapper": {"id": 2147483656, "data": {"local_path": "", "filename": "038728_11733.899211.jpg", "width": 1920, "height": 1080, "id_view": 2, "id_intrinsic": 0, "id_pose": 2}}}}, {"key": 1, "value": {"polymorphic_id": 1073741824, "ptr_wrapper": {"id": 2147483657, "data": {"local_path": "", "filename": "038727_11733.798602.jpg", "width": 1920, "height": 1080, "id_view": 1, "id_intrinsic": 0, "id_pose": 1}}}}, {"key": 0, "value": {"polymorphic_id": 1073741824, "ptr_wrapper": {"id": 2147483658, "data": {"local_path": "", "filename": "038726_11733.699016.jpg", "width": 1920, "height": 1080, "id_view": 0, "id_intrinsic": 0, "id_pose": 0}}}}], "intrinsics": [{"key": 0, "value": {"polymorphic_id": 2147483649, "polymorphic_name": "pinhole_radial_k3", "ptr_wrapper": {"id": 2147483659, "data": {"width": 1920, "height": 1080, "focal_length": 1739.13, "principal_point": [960.0, 540.0], "disto_k3": [0.0, 0.0, 0.0]}}}}], "extrinsics": [{"key": 0, "value": {"rotation": [[0.9999999566317497, -0.0002434305277598993, 0.0001657651270858334], [0.00024339177063842092, 0.9999999430519244, 0.00023378749641409988], [-0.00016582202865946422, -0.00023374714040735365, 0.9999999589326637]], "center": [102655.28827457785, -59731.17478756666, 609.3316319848517]}}, {"key": 1, "value": {"rotation": [[0.9999990889082158, 0.0011616704855666208, 0.0006875350332049923], [-0.0011624403656505607, 0.9999986966834261, 0.0011204302053787858], [-0.0006862325664284614, -0.0011212284030394275, 0.9999991359654933]], "center": [102655.2489057903, -59737.30554359832, 610.4503473779862]}}, {"key": 2, "value": {"rotation": [[0.9999996906816209, 0.00030686279272939095, 0.0007242043149346772], [-0.00030797138656280204, 0.9999987803502609, 0.0015311602188323344], [-0.0007237335755582022, -0.001531382779423379, 0.9999985655372187]], "center": [102655.2482050807, -59744.066911593756, 610.9660622546743]}}, {"key": 3, "value": {"rotation": [[0.9999959446266659, -0.0012202497972523222, 0.0025732704201537307], [0.0012170032364727866, 0.9999984620725053, 0.0012628363893821912], [-0.0025748074384985007, -0.0012596995896795018, 0.9999958917533608]], "center": [102654.17482422045, -59750.216390929425, 610.2828018314235]}}, {"key": 4, "value": {"rotation": [[0.999993867673922, -0.0021772965316866053, 0.002742990040833852], [0.0021738798097731367, 0.9999968583840713, 0.0012479858012180954], [-0.0027456986585692456, -0.00124201521749406, 0.9999954592582292]], "center": [102654.5202753927, -59756.67260598373, 610.8935382311461]}}, {"key": 5, "value": {"rotation": [[0.9999899299506639, -0.003619297020782459, 0.0026534291665416703], [0.003618782463119519, 0.9999934324448796, 0.0001986972385926236], [-0.0026541308843230395, -0.00018909305476662959, 0.9999964599102672]], "center": [102654.67524398344, -59762.55025697917, 611.9712053218707]}}, {"key": 6, "value": {"rotation": [[0.9999843421055915, -0.00488670012035341, 0.0027268490206499374], [0.004885934736941506, 0.9999880224855968, 0.0002872752892026691], [-0.002728220187966852, -0.00027394758472413817, 0.9999962408765982]], "center": [102655.03844497337, -59769.26351044402, 612.7338479873615]}}, {"key": 7, "value": {"rotation": [[0.9999727603987001, -0.006687294838386118, 0.0031238675306521106], [0.006686770024177685, 0.9999776273869805, 0.0001784156635395492], [-0.003124990759718589, -0.0001575222198044905, 0.9999951047977699]], "center": [102654.85517879162, -59776.075152246995, 613.2888476154035]}}, {"key": 8, "value": {"rotation": [[0.9999672972138987, -0.007153532696318246, 0.003772462417819134], [0.0071520603379159765, 0.9999743422257198, 0.0004036374139196876], [-0.0037752530582678403, -0.00037664333501687044, 0.9999928027761725]], "center": [102654.11043422345, -59782.445418126816, 613.243239792359]}}, {"key": 9, "value": {"rotation": [[0.9999540691930013, -0.008495489576484752, 0.0044369089707621], [0.00849473142498369, 0.9999639011260183, 0.0001896914650583499], [-0.0044383603252084285, -0.00015199240231254153, 0.9999901388793463]], "center": [102654.12648570997, -59788.99491408457, 613.5282191741254]}}], "structure": [], "control_points": []}