{"sfm_data_version": "0.3", "root_path": "/mnt/ST8000/jialei/SFM_E/ex_sea_12/1-2/images", "views": [{"key": 9, "value": {"polymorphic_id": 1073741824, "ptr_wrapper": {"id": 2147483649, "data": {"local_path": "", "filename": "038735_11734.566406.jpg", "width": 1920, "height": 1080, "id_view": 9, "id_intrinsic": 0, "id_pose": 9}}}}, {"key": 8, "value": {"polymorphic_id": 1073741824, "ptr_wrapper": {"id": 2147483650, "data": {"local_path": "", "filename": "038734_11734.465820.jpg", "width": 1920, "height": 1080, "id_view": 8, "id_intrinsic": 0, "id_pose": 8}}}}, {"key": 7, "value": {"polymorphic_id": 1073741824, "ptr_wrapper": {"id": 2147483651, "data": {"local_path": "", "filename": "038733_11734.399211.jpg", "width": 1920, "height": 1080, "id_view": 7, "id_intrinsic": 0, "id_pose": 7}}}}, {"key": 6, "value": {"polymorphic_id": 1073741824, "ptr_wrapper": {"id": 2147483652, "data": {"local_path": "", "filename": "038732_11734.299602.jpg", "width": 1920, "height": 1080, "id_view": 6, "id_intrinsic": 0, "id_pose": 6}}}}, {"key": 5, "value": {"polymorphic_id": 1073741824, "ptr_wrapper": {"id": 2147483653, "data": {"local_path": "", "filename": "038731_11734.198016.jpg", "width": 1920, "height": 1080, "id_view": 5, "id_intrinsic": 0, "id_pose": 5}}}}, {"key": 4, "value": {"polymorphic_id": 1073741824, "ptr_wrapper": {"id": 2147483654, "data": {"local_path": "", "filename": "038730_11734.100406.jpg", "width": 1920, "height": 1080, "id_view": 4, "id_intrinsic": 0, "id_pose": 4}}}}, {"key": 3, "value": {"polymorphic_id": 1073741824, "ptr_wrapper": {"id": 2147483655, "data": {"local_path": "", "filename": "038729_11733.998820.jpg", "width": 1920, "height": 1080, "id_view": 3, "id_intrinsic": 0, "id_pose": 3}}}}, {"key": 2, "value": {"polymorphic_id": 1073741824, "ptr_wrapper": {"id": 2147483656, "data": {"local_path": "", "filename": "038728_11733.899211.jpg", "width": 1920, "height": 1080, "id_view": 2, "id_intrinsic": 0, "id_pose": 2}}}}, {"key": 1, "value": {"polymorphic_id": 1073741824, "ptr_wrapper": {"id": 2147483657, "data": {"local_path": "", "filename": "038727_11733.798602.jpg", "width": 1920, "height": 1080, "id_view": 1, "id_intrinsic": 0, "id_pose": 1}}}}, {"key": 0, "value": {"polymorphic_id": 1073741824, "ptr_wrapper": {"id": 2147483658, "data": {"local_path": "", "filename": "038726_11733.699016.jpg", "width": 1920, "height": 1080, "id_view": 0, "id_intrinsic": 0, "id_pose": 0}}}}], "intrinsics": [{"key": 0, "value": {"polymorphic_id": 2147483649, "polymorphic_name": "pinhole_radial_k3", "ptr_wrapper": {"id": 2147483659, "data": {"width": 1920, "height": 1080, "focal_length": 1739.13, "principal_point": [960.0, 540.0], "disto_k3": [0.0, 0.0, 0.0]}}}}], "extrinsics": [{"key": 0, "value": {"rotation": [[0.999999118078727, -0.0013280943397713685, -2.681947611824403e-06], [0.001328094720643912, 0.9999991072198133, 0.00014739060069244463], [2.4861965949198186e-06, -0.00014739403258600276, 0.9999999891344089]], "center": [-0.0003591834797867898, -0.0012156456775849968, 0.0007083972757146139]}}, {"key": 1, "value": {"rotation": [[0.9999998623682576, 7.705174550436716e-05, 0.0005189667565889152], [-7.75884666108877e-05, 0.9999994621324063, 0.001034270239270166], [-0.0005188867851262539, -0.0010343103627566174, 0.9999993304790648]], "center": [-0.0004312216333177544, -0.010852086014810507, 0.0024676991805086487]}}, {"key": 2, "value": {"rotation": [[0.9999995431434172, -0.0007777529341312548, 0.0005557097539632876], [0.0007769493217853456, 0.9999986543691248, 0.0014448562873725379], [-0.0005568327473999823, -0.0014444238689639976, 0.9999988017877715]], "center": [-0.0004437140993875299, -0.02147990447065116, 0.0032792465756776223]}}, {"key": 3, "value": {"rotation": [[0.9999944523687186, -0.0023047012170577842, 0.0024049083323098735], [0.002301877451756267, 0.9999966588623962, 0.0011762755806374128], [-0.0024076112609424938, -0.0011707332508304978, 0.999996416389415]], "center": [-0.0021415785567905836, -0.03114425625892584, 0.0022063786693656724]}}, {"key": 4, "value": {"rotation": [[0.999991365951548, -0.003261730506849831, 0.00257471094647411], [0.0032587492058794468, 0.999994015991947, 0.0011612639280484747], [-0.0025784832693637027, -0.001152863564387279, 0.9999960111568608]], "center": [-0.0016094250499602363, -0.04129299586846395, 0.003167153113339399]}}, {"key": 5, "value": {"rotation": [[0.9999858490484727, -0.00470373358889128, 0.0024852752624070764], [0.004703470402914055, 0.9999889323797894, 0.00011173226006998652], [-0.002485773315109009, -0.00010004126031237644, 0.9999969054565985]], "center": [-0.0013755723920689882, -0.050531928708014894, 0.004861847187027161]}}, {"key": 6, "value": {"rotation": [[0.99997889887634, -0.0059711235503579424, 0.0025588055042994238], [0.005970630976211895, 0.9999821556041967, 0.0002000973015377672], [-0.0025599546496708086, -0.00018481539585379382, 0.9999967062323064]], "center": [-0.0008159167329294687, -0.061084705092837845, 0.006061426568150799]}}, {"key": 7, "value": {"rotation": [[0.9999654310587083, -0.007771670427735254, 0.002955981450299686], [0.007771435553780006, 0.999969797804026, 9.093519220286613e-05], [-0.0029565988915127013, -6.795982933032066e-05, 0.9999956269426667]], "center": [-0.0011154509352821998, -0.07179123009242848, 0.00693477909704139]}}, {"key": 8, "value": {"rotation": [[0.9999595714941314, -0.008237846192429368, 0.0036046175086030647], [0.008236759987660965, 0.9999660273624678, 0.0003160788356647678], [-0.003607098859071861, -0.0002863756878039769, 0.9999934533919645]], "center": [-0.0022969543053641493, -0.08180310023485378, 0.006864152082756868]}}, {"key": 9, "value": {"rotation": [[0.9999449999094403, -0.009579730672616266, 0.004269182164023442], [0.00957938287766189, 0.9999541114663839, 0.00010190759503980807], [-0.00426996250482815, -6.100585958917388e-05, 0.999990881807676]], "center": [-0.002282814656297866, -0.09209794640255677, 0.007312983352925397]}}], "structure": [], "control_points": []}