{"sfm_data_version": "0.3", "root_path": "/mnt/ST8000/jialei/SFM_E/ex_sea_12/6-3/images", "views": [{"key": 9, "value": {"polymorphic_id": 1073741824, "ptr_wrapper": {"id": 2147483649, "data": {"local_path": "", "filename": "087511_13303.979266.jpg", "width": 1920, "height": 1080, "id_view": 9, "id_intrinsic": 0, "id_pose": 9}}}}, {"key": 8, "value": {"polymorphic_id": 1073741824, "ptr_wrapper": {"id": 2147483650, "data": {"local_path": "", "filename": "087510_13303.879656.jpg", "width": 1920, "height": 1080, "id_view": 8, "id_intrinsic": 0, "id_pose": 8}}}}, {"key": 7, "value": {"polymorphic_id": 1073741824, "ptr_wrapper": {"id": 2147483651, "data": {"local_path": "", "filename": "087509_13303.781047.jpg", "width": 1920, "height": 1080, "id_view": 7, "id_intrinsic": 0, "id_pose": 7}}}}, {"key": 6, "value": {"polymorphic_id": 1073741824, "ptr_wrapper": {"id": 2147483652, "data": {"local_path": "", "filename": "087508_13303.679461.jpg", "width": 1920, "height": 1080, "id_view": 6, "id_intrinsic": 0, "id_pose": 6}}}}, {"key": 5, "value": {"polymorphic_id": 1073741824, "ptr_wrapper": {"id": 2147483653, "data": {"local_path": "", "filename": "087507_13303.580852.jpg", "width": 1920, "height": 1080, "id_view": 5, "id_intrinsic": 0, "id_pose": 5}}}}, {"key": 4, "value": {"polymorphic_id": 1073741824, "ptr_wrapper": {"id": 2147483654, "data": {"local_path": "", "filename": "087506_13303.479266.jpg", "width": 1920, "height": 1080, "id_view": 4, "id_intrinsic": 0, "id_pose": 4}}}}, {"key": 3, "value": {"polymorphic_id": 1073741824, "ptr_wrapper": {"id": 2147483655, "data": {"local_path": "", "filename": "087505_13303.379656.jpg", "width": 1920, "height": 1080, "id_view": 3, "id_intrinsic": 0, "id_pose": 3}}}}, {"key": 2, "value": {"polymorphic_id": 1073741824, "ptr_wrapper": {"id": 2147483656, "data": {"local_path": "", "filename": "087504_13303.248047.jpg", "width": 1920, "height": 1080, "id_view": 2, "id_intrinsic": 0, "id_pose": 2}}}}, {"key": 1, "value": {"polymorphic_id": 1073741824, "ptr_wrapper": {"id": 2147483657, "data": {"local_path": "", "filename": "087503_13303.179461.jpg", "width": 1920, "height": 1080, "id_view": 1, "id_intrinsic": 0, "id_pose": 1}}}}, {"key": 0, "value": {"polymorphic_id": 1073741824, "ptr_wrapper": {"id": 2147483658, "data": {"local_path": "", "filename": "087502_13303.047852.jpg", "width": 1920, "height": 1080, "id_view": 0, "id_intrinsic": 0, "id_pose": 0}}}}], "intrinsics": [{"key": 0, "value": {"polymorphic_id": 2147483649, "polymorphic_name": "pinhole_radial_k3", "ptr_wrapper": {"id": 2147483659, "data": {"width": 1920, "height": 1080, "focal_length": 1739.13, "principal_point": [960.0, 540.0], "disto_k3": [0.0, 0.0, 0.0]}}}}], "extrinsics": [{"key": 0, "value": {"rotation": [[0.9999999708139264, -0.00011315330067781962, 0.0002134677418900968], [0.00011314949678241104, 0.999999993439614, 1.783152546222186e-05], [-0.00021346975818562497, -1.780737117425422e-05, 0.9999999770567797]], "center": [0.00019767570210155736, -4.977122948427835e-05, 0.0001350670878401996]}}, {"key": 1, "value": {"rotation": [[0.9999999724270385, 4.581716627603419e-05, -0.00023031871253683642], [-4.588506235098238e-05, 0.9999999554951773, -0.00029479519091769245], [0.00023030519560626094, 0.0002948057509778032, 0.9999999300245406]], "center": [-0.002072264956375245, -0.011399396368386164, 6.110239551955926e-05]}}, {"key": 2, "value": {"rotation": [[0.999999988413889, -0.0001493307462045251, 2.9538955847198667e-05], [0.00014930391064158288, 0.9999995780682077, 0.0009064059514163013], [-2.9674297660886442e-05, -0.0009064015306329674, 0.999999588777766]], "center": [-0.0031797186900892347, -0.023840863005350623, 0.00020739475861211444]}}, {"key": 3, "value": {"rotation": [[0.9999992622259205, -0.001214632157829459, 1.4708362055519177e-05], [0.0012146335819806942, 0.9999992576077291, -9.720726331953642e-05], [-1.4590280068145092e-05, 9.722505687302433e-05, 0.9999999951672058]], "center": [-0.0041078381856299575, -0.03432794296280596, 0.0008795516432002986]}}, {"key": 4, "value": {"rotation": [[0.9999981618403551, -0.0018447843630653102, 0.0005225768504889186], [0.0018446990899543116, 0.9999982851565316, 0.000163613152579888], [-0.0005228777853368954, -0.0001626488547922798, 0.9999998500720743]], "center": [-0.005487172982275668, -0.046023449345538626, 0.0009868250851304673]}}, {"key": 5, "value": {"rotation": [[0.9999973735332868, -0.0021351830960617117, 0.000833018411788867], [0.0021337086897165736, 0.9999961627596149, 0.0017668484013293234], [-0.000836787760136807, -0.0017650663421368965, 0.9999980921617061]], "center": [-0.006521990398926542, -0.058868449153959994, 0.0011544518848365189]}}, {"key": 6, "value": {"rotation": [[0.9999957632861939, -0.0025120383469423744, 0.0014707389318425398], [0.00250814856639384, 0.9999933679849681, 0.0026406773466110677], [-0.0014773626606364538, -0.002636977327073476, 0.9999954318646386]], "center": [-0.008438310550554934, -0.07091944455806809, 0.0010676734910122813]}}, {"key": 7, "value": {"rotation": [[0.9999949244752284, -0.0026630480556887196, 0.0017490565557654785], [0.0026554337809228767, 0.999987050589715, 0.004341350517718551], [-0.0017605951315697774, -0.004336683979223564, 0.9999890466784356]], "center": [-0.00922619976578874, -0.08385751782023632, 0.0011481396301686536]}}, {"key": 8, "value": {"rotation": [[0.9999923195262006, -0.0027021918932810377, 0.002838846170703457], [0.0026855388950331118, 0.9999792611733636, 0.005853640236425083], [-0.002854604955557897, -0.0058459714458862205, 0.999978837700279]], "center": [-0.01213130773031257, -0.09633525903980884, 0.0006891255963706387]}}, {"key": 9, "value": {"rotation": [[0.9999890682612205, -0.0031768009769123514, 0.0034309318864720975], [0.0031505343679853774, 0.9999658953441988, 0.00763428331092371], [-0.0034550674744011516, -0.007623390586110292, 0.9999649725988997]], "center": [-0.013282149549821114, -0.10956736947718236, 0.00042507760799496145]}}], "structure": [], "control_points": []}