{"sfm_data_version": "0.3", "root_path": "/mnt/ST8000/jialei/SFM_E/ex_sea_12/6-3/images", "views": [{"key": 9, "value": {"polymorphic_id": 1073741824, "ptr_wrapper": {"id": 2147483649, "data": {"local_path": "", "filename": "087511_13303.979266.jpg", "width": 1920, "height": 1080, "id_view": 9, "id_intrinsic": 0, "id_pose": 9}}}}, {"key": 8, "value": {"polymorphic_id": 1073741824, "ptr_wrapper": {"id": 2147483650, "data": {"local_path": "", "filename": "087510_13303.879656.jpg", "width": 1920, "height": 1080, "id_view": 8, "id_intrinsic": 0, "id_pose": 8}}}}, {"key": 7, "value": {"polymorphic_id": 1073741824, "ptr_wrapper": {"id": 2147483651, "data": {"local_path": "", "filename": "087509_13303.781047.jpg", "width": 1920, "height": 1080, "id_view": 7, "id_intrinsic": 0, "id_pose": 7}}}}, {"key": 6, "value": {"polymorphic_id": 1073741824, "ptr_wrapper": {"id": 2147483652, "data": {"local_path": "", "filename": "087508_13303.679461.jpg", "width": 1920, "height": 1080, "id_view": 6, "id_intrinsic": 0, "id_pose": 6}}}}, {"key": 5, "value": {"polymorphic_id": 1073741824, "ptr_wrapper": {"id": 2147483653, "data": {"local_path": "", "filename": "087507_13303.580852.jpg", "width": 1920, "height": 1080, "id_view": 5, "id_intrinsic": 0, "id_pose": 5}}}}, {"key": 4, "value": {"polymorphic_id": 1073741824, "ptr_wrapper": {"id": 2147483654, "data": {"local_path": "", "filename": "087506_13303.479266.jpg", "width": 1920, "height": 1080, "id_view": 4, "id_intrinsic": 0, "id_pose": 4}}}}, {"key": 3, "value": {"polymorphic_id": 1073741824, "ptr_wrapper": {"id": 2147483655, "data": {"local_path": "", "filename": "087505_13303.379656.jpg", "width": 1920, "height": 1080, "id_view": 3, "id_intrinsic": 0, "id_pose": 3}}}}, {"key": 2, "value": {"polymorphic_id": 1073741824, "ptr_wrapper": {"id": 2147483656, "data": {"local_path": "", "filename": "087504_13303.248047.jpg", "width": 1920, "height": 1080, "id_view": 2, "id_intrinsic": 0, "id_pose": 2}}}}, {"key": 1, "value": {"polymorphic_id": 1073741824, "ptr_wrapper": {"id": 2147483657, "data": {"local_path": "", "filename": "087503_13303.179461.jpg", "width": 1920, "height": 1080, "id_view": 1, "id_intrinsic": 0, "id_pose": 1}}}}, {"key": 0, "value": {"polymorphic_id": 1073741824, "ptr_wrapper": {"id": 2147483658, "data": {"local_path": "", "filename": "087502_13303.047852.jpg", "width": 1920, "height": 1080, "id_view": 0, "id_intrinsic": 0, "id_pose": 0}}}}], "intrinsics": [{"key": 0, "value": {"polymorphic_id": 2147483649, "polymorphic_name": "pinhole_radial_k3", "ptr_wrapper": {"id": 2147483659, "data": {"width": 1920, "height": 1080, "focal_length": 1739.13, "principal_point": [960.0, 540.0], "disto_k3": [0.0, 0.0, 0.0]}}}}], "extrinsics": [{"key": 0, "value": {"rotation": [[0.9999999910158834, 0.00013266602671897621, 1.9182242837866013e-05], [-0.00013266523333923806, 0.9999999903448306, -4.1355471921212476e-05], [-1.9187729118801065e-05, 4.1352926732948044e-05, 0.9999999989608833]], "center": [102655.28827441066, -59731.17478744604, 609.3316321604867]}}, {"key": 1, "value": {"rotation": [[0.9999998673333754, 0.0002916102111623897, -0.00042461360823919437], [-0.00029176051172138837, 0.999999894797142, -0.0003539512804346438], [0.0004245103477609949, 0.00035407511896078645, 0.9999998472108758]], "center": [102653.89563044725, -59738.14682952141, 609.2868815050477]}}, {"key": 2, "value": {"rotation": [[0.9999999817756678, 9.647769574173188e-05, -0.00016474440239199313], [-9.633808900138806e-05, 0.9999996364753883, 0.0008472119357610647], [0.00016482607955868895, -0.0008471960491602645, 0.9999996275455395]], "center": [102653.21725461571, -59745.78936992147, 609.3773283644045]}}, {"key": 3, "value": {"rotation": [[0.9999995145769474, -0.0009688247384948118, -0.00017951182621290794], [0.0009687966292083017, 0.9999995184533618, -0.00015660822455550606], [0.00017966346569178664, 0.00015643423808216284, 0.9999999716246837]], "center": [102652.64880547825, -59752.231349483925, 609.7907038538998]}}, {"key": 4, "value": {"rotation": [[0.999998667761805, -0.0015989471217704024, 0.0003283941485056708], [0.0015989130168775688, 0.9999987163204125, 0.00010408982668903], [-0.00032856016108160323, -0.0001035646143378507, 0.9999999406612936]], "center": [102651.80330487459, -59759.415713819966, 609.8571880272552]}}, {"key": 5, "value": {"rotation": [[0.9999980111519221, -0.0018893276571507085, 0.000638853038009591], [0.0018882345969470904, 0.9999967598960586, 0.001707269015633891], [-0.0006420765586287905, -0.0017060593157264322, 0.9999983385482718]], "center": [102651.16961059088, -59767.30611946138, 609.9607459171833]}}, {"key": 6, "value": {"rotation": [[0.9999966174376254, -0.002266145530596142, 0.00127659615441468], [0.0022628449076815566, 0.9999941089031613, 0.0025810253575002627], [-0.0012824376129413968, -0.0025781278879137993, 0.9999958542965877]], "center": [102649.99428829762, -59774.70893699925, 609.908107518012]}}, {"key": 7, "value": {"rotation": [[0.9999958698185272, -0.002417138960743302, 0.0015549228700631797], [0.0024104620706914765, 0.9999879284133725, 0.004281670250932547], [-0.0015652534916576197, -0.004277904484256259, 0.9999896247035416]], "center": [102649.51227743209, -59782.65648044918, 609.9580994294297]}}, {"key": 8, "value": {"rotation": [[0.9999934862136551, -0.0024562189079354465, 0.0026447152845912093], [0.0024408629021903504, 0.9999802359441733, 0.005793954550120356], [-0.0026588942350083762, -0.005787461422113316, 0.9999797175801787]], "center": [102647.72959574997, -59790.32159656281, 609.6769425922704]}}, {"key": 9, "value": {"rotation": [[0.9999904666453996, -0.0029307937165433643, 0.003236829700096269], [0.002906207577026454, 0.9999670898512447, 0.007574508033691598], [-0.003258922496100348, -0.00756502892422064, 0.9999660743052934]], "center": [102647.02463847939, -59798.449824587864, 609.5153649527889]}}], "structure": [], "control_points": []}