{"sfm_data_version": "0.3", "root_path": "/mnt/ST8000/jialei/SFM_E/ex_sea_12/1-5/images", "views": [{"key": 9, "value": {"polymorphic_id": 1073741824, "ptr_wrapper": {"id": 2147483649, "data": {"local_path": "", "filename": "075418_15357.965820.jpg", "width": 1920, "height": 1080, "id_view": 9, "id_intrinsic": 0, "id_pose": 9}}}}, {"key": 8, "value": {"polymorphic_id": 1073741824, "ptr_wrapper": {"id": 2147483650, "data": {"local_path": "", "filename": "075417_15357.866211.jpg", "width": 1920, "height": 1080, "id_view": 8, "id_intrinsic": 0, "id_pose": 8}}}}, {"key": 7, "value": {"polymorphic_id": 1073741824, "ptr_wrapper": {"id": 2147483651, "data": {"local_path": "", "filename": "075416_15357.766602.jpg", "width": 1920, "height": 1080, "id_view": 7, "id_intrinsic": 0, "id_pose": 7}}}}, {"key": 6, "value": {"polymorphic_id": 1073741824, "ptr_wrapper": {"id": 2147483652, "data": {"local_path": "", "filename": "075415_15357.666016.jpg", "width": 1920, "height": 1080, "id_view": 6, "id_intrinsic": 0, "id_pose": 6}}}}, {"key": 5, "value": {"polymorphic_id": 1073741824, "ptr_wrapper": {"id": 2147483653, "data": {"local_path": "", "filename": "075414_15357.566406.jpg", "width": 1920, "height": 1080, "id_view": 5, "id_intrinsic": 0, "id_pose": 5}}}}, {"key": 4, "value": {"polymorphic_id": 1073741824, "ptr_wrapper": {"id": 2147483654, "data": {"local_path": "", "filename": "075413_15357.497820.jpg", "width": 1920, "height": 1080, "id_view": 4, "id_intrinsic": 0, "id_pose": 4}}}}, {"key": 3, "value": {"polymorphic_id": 1073741824, "ptr_wrapper": {"id": 2147483655, "data": {"local_path": "", "filename": "075412_15357.398211.jpg", "width": 1920, "height": 1080, "id_view": 3, "id_intrinsic": 0, "id_pose": 3}}}}, {"key": 2, "value": {"polymorphic_id": 1073741824, "ptr_wrapper": {"id": 2147483656, "data": {"local_path": "", "filename": "075411_15357.299602.jpg", "width": 1920, "height": 1080, "id_view": 2, "id_intrinsic": 0, "id_pose": 2}}}}, {"key": 1, "value": {"polymorphic_id": 1073741824, "ptr_wrapper": {"id": 2147483657, "data": {"local_path": "", "filename": "075410_15357.198016.jpg", "width": 1920, "height": 1080, "id_view": 1, "id_intrinsic": 0, "id_pose": 1}}}}, {"key": 0, "value": {"polymorphic_id": 1073741824, "ptr_wrapper": {"id": 2147483658, "data": {"local_path": "", "filename": "075409_15357.099406.jpg", "width": 1920, "height": 1080, "id_view": 0, "id_intrinsic": 0, "id_pose": 0}}}}], "intrinsics": [{"key": 0, "value": {"polymorphic_id": 2147483649, "polymorphic_name": "pinhole_radial_k3", "ptr_wrapper": {"id": 2147483659, "data": {"width": 1920, "height": 1080, "focal_length": 1739.13, "principal_point": [960.0, 540.0], "disto_k3": [0.0, 0.0, 0.0]}}}}], "extrinsics": [{"key": 0, "value": {"rotation": [[0.9999998701787124, -0.00040528610108134163, 0.00030884581023354706], [0.00040532940894850945, 0.9999999080294885, -0.00014017519327694648], [-0.00030878897077127543, 0.0001403003593689691, 0.9999999424825887]], "center": [0.00022713396573922944, -0.0004984957696873916, 0.0002716140432527877]}}, {"key": 1, "value": {"rotation": [[0.9999995478969363, 9.953630535900821e-05, 0.0009456735413840802], [-9.959167819442e-05, 0.9999999933292173, 5.8506949045033335e-05], [-0.0009456677115101522, -5.8601103808864496e-05, 0.9999995511391443]], "center": [-0.00015932628616510507, -0.011609118681013537, 0.0010132246406058493]}}, {"key": 2, "value": {"rotation": [[0.9999987685856467, -0.0010726065424947594, 0.0011455751373666803], [0.001072931818434605, 0.9999993842607876, -0.0002833643569266906], [-0.0011452704935279918, 0.0002845931320030696, 0.9999993036808804]], "center": [0.0007796867750018087, -0.023047355873077862, 0.0017293568307125578]}}, {"key": 3, "value": {"rotation": [[0.9999987448344806, -0.0015843696804368633, 1.010837634299157e-05], [0.0015843766795397875, 0.9999984749807445, -0.0007347017918662842], [-8.944321684316022e-06, 0.0007347168851696889, 0.9999997300555123]], "center": [0.0008102305384474823, -0.03364874961846096, 0.002728175854102279]}}, {"key": 4, "value": {"rotation": [[0.9999967024554616, -0.0019368021716897777, 0.0016863794207903832], [0.001935372777065851, 0.9999977669063735, 0.0008488312438302545], [-0.0016880196731437352, -0.0008455646719485861, 0.9999982178033961]], "center": [0.0003837384106957761, -0.04633145430477785, 0.0017013751734461502]}}, {"key": 5, "value": {"rotation": [[0.999995432911911, -0.0026996436934415185, 0.0013587049893390123], [0.0026984955501196443, 0.9999960010656944, 0.0008461526969022365], [-0.0013609838667589305, -0.0008424823730806256, 0.9999987189723621]], "center": [0.0007911345216551371, -0.057743618490175834, 0.0023873307715141048]}}, {"key": 6, "value": {"rotation": [[0.9999926461543229, -0.003263126680376306, 0.002014855216387529], [0.003259849280401598, 0.999993361859444, 0.0016277652523445038], [-0.002020153445719747, -0.0016211851576827343, 0.9999966453637433]], "center": [-0.0003011622843352368, -0.0696714611625915, 0.0022370285759596075]}}, {"key": 7, "value": {"rotation": [[0.9999881832474788, -0.00465627536174051, 0.0013973063952576663], [0.004656009763601498, 0.9999891420506641, 0.00019327146364843728], [-0.0013981911485299258, -0.0001867633075883005, 0.9999990050899944]], "center": [0.0005912663217728946, -0.08002831432833835, 0.003926918069784601]}}, {"key": 8, "value": {"rotation": [[0.9999823349407017, -0.005835670681736326, 0.0011290501481648534], [0.005836205215119646, 0.9999828584176773, -0.0004707223167801937], [-0.001126283814035533, 0.00047730336980541274, 0.9999992518328518]], "center": [0.0006250081848273158, -0.09062908296051553, 0.004912301233567312]}}, {"key": 9, "value": {"rotation": [[0.999976650470503, -0.006833256210752296, 7.15775971184327e-05], [0.006833354470013802, 0.9999755621084807, -0.0014766355395652688], [-6.148561894115241e-05, 0.0014770901759133936, 0.9999989072114682]], "center": [0.0012287713691002404, -0.10121962733868543, 0.006537389120730156]}}], "structure": [], "control_points": []}