{"sfm_data_version": "0.3", "root_path": "/mnt/ST8000/jialei/SFM_E/ex_sea_12/1-5/images", "views": [{"key": 9, "value": {"polymorphic_id": 1073741824, "ptr_wrapper": {"id": 2147483649, "data": {"local_path": "", "filename": "075418_15357.965820.jpg", "width": 1920, "height": 1080, "id_view": 9, "id_intrinsic": 0, "id_pose": 9}}}}, {"key": 8, "value": {"polymorphic_id": 1073741824, "ptr_wrapper": {"id": 2147483650, "data": {"local_path": "", "filename": "075417_15357.866211.jpg", "width": 1920, "height": 1080, "id_view": 8, "id_intrinsic": 0, "id_pose": 8}}}}, {"key": 7, "value": {"polymorphic_id": 1073741824, "ptr_wrapper": {"id": 2147483651, "data": {"local_path": "", "filename": "075416_15357.766602.jpg", "width": 1920, "height": 1080, "id_view": 7, "id_intrinsic": 0, "id_pose": 7}}}}, {"key": 6, "value": {"polymorphic_id": 1073741824, "ptr_wrapper": {"id": 2147483652, "data": {"local_path": "", "filename": "075415_15357.666016.jpg", "width": 1920, "height": 1080, "id_view": 6, "id_intrinsic": 0, "id_pose": 6}}}}, {"key": 5, "value": {"polymorphic_id": 1073741824, "ptr_wrapper": {"id": 2147483653, "data": {"local_path": "", "filename": "075414_15357.566406.jpg", "width": 1920, "height": 1080, "id_view": 5, "id_intrinsic": 0, "id_pose": 5}}}}, {"key": 4, "value": {"polymorphic_id": 1073741824, "ptr_wrapper": {"id": 2147483654, "data": {"local_path": "", "filename": "075413_15357.497820.jpg", "width": 1920, "height": 1080, "id_view": 4, "id_intrinsic": 0, "id_pose": 4}}}}, {"key": 3, "value": {"polymorphic_id": 1073741824, "ptr_wrapper": {"id": 2147483655, "data": {"local_path": "", "filename": "075412_15357.398211.jpg", "width": 1920, "height": 1080, "id_view": 3, "id_intrinsic": 0, "id_pose": 3}}}}, {"key": 2, "value": {"polymorphic_id": 1073741824, "ptr_wrapper": {"id": 2147483656, "data": {"local_path": "", "filename": "075411_15357.299602.jpg", "width": 1920, "height": 1080, "id_view": 2, "id_intrinsic": 0, "id_pose": 2}}}}, {"key": 1, "value": {"polymorphic_id": 1073741824, "ptr_wrapper": {"id": 2147483657, "data": {"local_path": "", "filename": "075410_15357.198016.jpg", "width": 1920, "height": 1080, "id_view": 1, "id_intrinsic": 0, "id_pose": 1}}}}, {"key": 0, "value": {"polymorphic_id": 1073741824, "ptr_wrapper": {"id": 2147483658, "data": {"local_path": "", "filename": "075409_15357.099406.jpg", "width": 1920, "height": 1080, "id_view": 0, "id_intrinsic": 0, "id_pose": 0}}}}], "intrinsics": [{"key": 0, "value": {"polymorphic_id": 2147483649, "polymorphic_name": "pinhole_radial_k3", "ptr_wrapper": {"id": 2147483659, "data": {"width": 1920, "height": 1080, "focal_length": 1739.13, "principal_point": [960.0, 540.0], "disto_k3": [0.0, 0.0, 0.0]}}}}], "extrinsics": [{"key": 0, "value": {"rotation": [[0.9999999917775321, 0.00012119721799200121, 4.190668290091977e-05], [-0.00012119578367557927, 0.9999999920700378, -3.422728219051582e-05], [-4.191083081998226e-05, 3.4222202995807736e-05, 0.9999999985361616]], "center": [102655.28827447286, -59731.174787463235, 609.3316321685064]}}, {"key": 1, "value": {"rotation": [[0.9999995737154151, 0.0006259519319753337, 0.0006787880132975452], [-0.0006260637891683194, 0.9999997904771722, 0.0001645896224866069], [-0.0006786848458837959, -0.00016501451692025508, 0.9999997560785149]], "center": [102655.05452634483, -59738.001987278585, 609.7866611374473]}}, {"key": 2, "value": {"rotation": [[0.9999994648872369, -0.0005462123298429491, 0.0008785654961369434], [0.0005463685606253566, 0.9999998349707502, -0.00017759467600752407], [-0.0008784683467461952, 0.00017807460153988435, 0.9999995982913193]], "center": [102655.63532951502, -59745.03006228447, 610.2257959351449]}}, {"key": 3, "value": {"rotation": [[0.9999994074580117, -0.0010578551428869177, -0.0002569554873206201], [0.001057693325931707, 0.9999992427784185, -0.0006290686914409665], [0.000257620756298848, 0.0006287965385873396, 0.9999997691232029]], "center": [102655.65769086198, -59751.5442432887, 610.8388338493312]}}, {"key": 4, "value": {"rotation": [[0.9999979981145922, -0.001410466201844006, 0.0014192786554851602], [0.0014091124623576347, 0.9999985517884371, 0.000954370524341135], [-0.0014206227074380724, -0.0009523686905597003, 0.9999985374114306]], "center": [102655.39956327525, -59759.33732136639, 610.2071499168842]}}, {"key": 5, "value": {"rotation": [[0.9999970427246451, -0.0021732735761939613, 0.0010915236723900222], [0.002172235317105433, 0.9999971880280935, 0.000951488115702959], [-0.0010935884470360832, -0.0009491142556199595, 0.9999989516226696]], "center": [102655.65369604624, -59766.34954559491, 610.6278313051084]}}, {"key": 6, "value": {"rotation": [[0.9999947277950271, -0.00273682744565524, 0.0017476148553476263], [0.0027337989921043587, 0.9999947615990356, 0.0017329505358485578], [-0.0017523484872287982, -0.0017281637716479665, 0.9999969713577925]], "center": [102654.98635810975, -59773.67906406992, 610.5348785304203]}}, {"key": 7, "value": {"rotation": [[0.9999908335088027, -0.004129912867864339, 0.0011299194989084665], [0.0041295785127940495, 0.9999914288269667, 0.000298083728895276], [-0.0011311408740005981, -0.000293414905229529, 0.999999317213775]], "center": [102655.53834691815, -59780.04275095601, 611.5724258142458]}}, {"key": 8, "value": {"rotation": [[0.9999855345287002, -0.005309282684486099, 0.0008615397417062038], [0.00530959981250045, 0.9999858369139953, -0.00036622568020870595], [-0.0008595831439822263, 0.0003707948138326429, 0.9999995618139164]], "center": [102655.56267096126, -59786.55654594448, 612.1772074538083]}}, {"key": 9, "value": {"rotation": [[0.9999800929816742, -0.006306759059799081, -0.00019603704859253243], [0.006306484204567942, 0.9999791721627906, -0.0013724057706404964], [0.00020468839809246626, 0.001371142145583173, 0.9999990390354764]], "center": [102655.93735156827, -59793.063915761755, 613.1749688893833]}}], "structure": [], "control_points": []}