{"sfm_data_version": "0.3", "root_path": "/mnt/ST8000/jialei/SFM_E/ex_sea_12/1-2/images", "views": [{"key": 9, "value": {"polymorphic_id": 1073741824, "ptr_wrapper": {"id": 2147483649, "data": {"local_path": "", "filename": "038735_11734.566406.jpg", "width": 1920, "height": 1080, "id_view": 9, "id_intrinsic": 0, "id_pose": 9}}}}, {"key": 8, "value": {"polymorphic_id": 1073741824, "ptr_wrapper": {"id": 2147483650, "data": {"local_path": "", "filename": "038734_11734.465820.jpg", "width": 1920, "height": 1080, "id_view": 8, "id_intrinsic": 0, "id_pose": 8}}}}, {"key": 7, "value": {"polymorphic_id": 1073741824, "ptr_wrapper": {"id": 2147483651, "data": {"local_path": "", "filename": "038733_11734.399211.jpg", "width": 1920, "height": 1080, "id_view": 7, "id_intrinsic": 0, "id_pose": 7}}}}, {"key": 6, "value": {"polymorphic_id": 1073741824, "ptr_wrapper": {"id": 2147483652, "data": {"local_path": "", "filename": "038732_11734.299602.jpg", "width": 1920, "height": 1080, "id_view": 6, "id_intrinsic": 0, "id_pose": 6}}}}, {"key": 5, "value": {"polymorphic_id": 1073741824, "ptr_wrapper": {"id": 2147483653, "data": {"local_path": "", "filename": "038731_11734.198016.jpg", "width": 1920, "height": 1080, "id_view": 5, "id_intrinsic": 0, "id_pose": 5}}}}, {"key": 4, "value": {"polymorphic_id": 1073741824, "ptr_wrapper": {"id": 2147483654, "data": {"local_path": "", "filename": "038730_11734.100406.jpg", "width": 1920, "height": 1080, "id_view": 4, "id_intrinsic": 0, "id_pose": 4}}}}, {"key": 3, "value": {"polymorphic_id": 1073741824, "ptr_wrapper": {"id": 2147483655, "data": {"local_path": "", "filename": "038729_11733.998820.jpg", "width": 1920, "height": 1080, "id_view": 3, "id_intrinsic": 0, "id_pose": 3}}}}, {"key": 2, "value": {"polymorphic_id": 1073741824, "ptr_wrapper": {"id": 2147483656, "data": {"local_path": "", "filename": "038728_11733.899211.jpg", "width": 1920, "height": 1080, "id_view": 2, "id_intrinsic": 0, "id_pose": 2}}}}, {"key": 1, "value": {"polymorphic_id": 1073741824, "ptr_wrapper": {"id": 2147483657, "data": {"local_path": "", "filename": "038727_11733.798602.jpg", "width": 1920, "height": 1080, "id_view": 1, "id_intrinsic": 0, "id_pose": 1}}}}, {"key": 0, "value": {"polymorphic_id": 1073741824, "ptr_wrapper": {"id": 2147483658, "data": {"local_path": "", "filename": "038726_11733.699016.jpg", "width": 1920, "height": 1080, "id_view": 0, "id_intrinsic": 0, "id_pose": 0}}}}], "intrinsics": [{"key": 0, "value": {"polymorphic_id": 2147483649, "polymorphic_name": "pinhole_radial_k3", "ptr_wrapper": {"id": 2147483659, "data": {"width": 1920, "height": 1080, "focal_length": 1739.13, "principal_point": [960.0, 540.0], "disto_k3": [0.0, 0.0, 0.0]}}}}], "extrinsics": [{"key": 0, "value": {"rotation": [[0.9999999792966447, -0.00018633509180511693, 8.176762130892634e-05], [0.0001863250009619329, 0.9999999750278327, 0.00012339905923930948], [-8.179061284204359e-05, -0.0001233838213324159, 0.9999999890433638]], "center": [102655.28827444011, -59731.17478749505, 609.33163207752]}}, {"key": 1, "value": {"rotation": [[0.9999991346571566, 0.0011531618254613085, 0.0006331688103817054], [-0.0011537904916472414, 0.9999988409386263, 0.0009934228227652653], [-0.0006320224992244423, -0.0009941525072669642, 0.9999993061039354]], "center": [102655.38039506896, -59737.39234563751, 610.347295765423]}}, {"key": 2, "value": {"rotation": [[0.9999997243467391, 0.00026724977094956916, 0.0006927366067410176], [-0.00026821353195701376, 0.9999989958691351, 0.0013915179562608041], [-0.0006923640282877294, -0.0013917033740163376, 0.9999987918961555]], "center": [102655.43426967393, -59744.26859184135, 610.8647836142247]}}, {"key": 3, "value": {"rotation": [[0.9999957436159532, -0.001279903892464503, 0.0026219450801577187], [0.0012768786348700846, 0.9999985175792676, 0.0011551710778118127], [-0.002623419701290952, -0.0011518182553053417, 0.9999958954834651]], "center": [102654.3015856517, -59750.59876200786, 610.3722359427619]}}, {"key": 4, "value": {"rotation": [[0.9999935430262311, -0.002231145212200612, 0.00281707239675681], [0.00222790111721881, 0.9999968521377344, 0.0011541972250322691], [-0.002819638710613505, -0.0011479136136709747, 0.999995365955201]], "center": [102654.71841313265, -59757.16792721448, 610.9778742835437]}}, {"key": 5, "value": {"rotation": [[0.9999898820260765, -0.0035881089749154045, 0.00271317516182329], [0.0035877761764138857, 0.9999935557799501, 0.000127517370933567], [-0.002713615223748611, -0.0001177818155080415, 0.9999963112031268]], "center": [102655.00604327145, -59763.14162286828, 611.9843517309453]}}, {"key": 6, "value": {"rotation": [[0.9999843069913734, -0.004854855892773543, 0.0027957369769138684], [0.004854245091925039, 0.9999881927205607, 0.0002252200130569181], [-0.0027967973775737034, -0.00021164528617874484, 0.9999960665576145]], "center": [102655.4678418124, -59769.9607231348, 612.7433752532296]}}, {"key": 7, "value": {"rotation": [[0.9999727072800935, -0.006643769688490266, 0.003231875500003426], [0.006643371741731268, 0.9999779236041312, 0.0001338516763671146], [-0.003232693431550705, -0.00011237747282127711, 0.999994768518556]], "center": [102655.36903785203, -59776.86656343285, 613.3210651449874]}}, {"key": 8, "value": {"rotation": [[0.9999669123168553, -0.007127645296671143, 0.003920579551550245], [0.0071262463386381055, 0.999974539281209, 0.0003706783709539577], [-0.003923121794724118, -0.0003427270903908904, 0.9999922457966983]], "center": [102654.61469976217, -59783.38794069704, 613.3297983413997]}}, {"key": 9, "value": {"rotation": [[0.9999536621479744, -0.008453573806233626, 0.0046055017921924355], [0.008452970579309509, 0.9999642616910733, 0.00015042942616007857], [-0.004606608865603327, -0.0001114922844312462, 0.9999893833057574]], "center": [102654.69865058201, -59790.059405278036, 613.6800814762615]}}], "structure": [], "control_points": []}