{"sfm_data_version": "0.3", "root_path": "/mnt/ST8000/jialei/SFM_E/ex_sea_12/1-2/images", "views": [{"key": 9, "value": {"polymorphic_id": 1073741824, "ptr_wrapper": {"id": 2147483649, "data": {"local_path": "", "filename": "038735_11734.566406.jpg", "width": 1920, "height": 1080, "id_view": 9, "id_intrinsic": 0, "id_pose": 9}}}}, {"key": 8, "value": {"polymorphic_id": 1073741824, "ptr_wrapper": {"id": 2147483650, "data": {"local_path": "", "filename": "038734_11734.465820.jpg", "width": 1920, "height": 1080, "id_view": 8, "id_intrinsic": 0, "id_pose": 8}}}}, {"key": 7, "value": {"polymorphic_id": 1073741824, "ptr_wrapper": {"id": 2147483651, "data": {"local_path": "", "filename": "038733_11734.399211.jpg", "width": 1920, "height": 1080, "id_view": 7, "id_intrinsic": 0, "id_pose": 7}}}}, {"key": 6, "value": {"polymorphic_id": 1073741824, "ptr_wrapper": {"id": 2147483652, "data": {"local_path": "", "filename": "038732_11734.299602.jpg", "width": 1920, "height": 1080, "id_view": 6, "id_intrinsic": 0, "id_pose": 6}}}}, {"key": 5, "value": {"polymorphic_id": 1073741824, "ptr_wrapper": {"id": 2147483653, "data": {"local_path": "", "filename": "038731_11734.198016.jpg", "width": 1920, "height": 1080, "id_view": 5, "id_intrinsic": 0, "id_pose": 5}}}}, {"key": 4, "value": {"polymorphic_id": 1073741824, "ptr_wrapper": {"id": 2147483654, "data": {"local_path": "", "filename": "038730_11734.100406.jpg", "width": 1920, "height": 1080, "id_view": 4, "id_intrinsic": 0, "id_pose": 4}}}}, {"key": 3, "value": {"polymorphic_id": 1073741824, "ptr_wrapper": {"id": 2147483655, "data": {"local_path": "", "filename": "038729_11733.998820.jpg", "width": 1920, "height": 1080, "id_view": 3, "id_intrinsic": 0, "id_pose": 3}}}}, {"key": 2, "value": {"polymorphic_id": 1073741824, "ptr_wrapper": {"id": 2147483656, "data": {"local_path": "", "filename": "038728_11733.899211.jpg", "width": 1920, "height": 1080, "id_view": 2, "id_intrinsic": 0, "id_pose": 2}}}}, {"key": 1, "value": {"polymorphic_id": 1073741824, "ptr_wrapper": {"id": 2147483657, "data": {"local_path": "", "filename": "038727_11733.798602.jpg", "width": 1920, "height": 1080, "id_view": 1, "id_intrinsic": 0, "id_pose": 1}}}}, {"key": 0, "value": {"polymorphic_id": 1073741824, "ptr_wrapper": {"id": 2147483658, "data": {"local_path": "", "filename": "038726_11733.699016.jpg", "width": 1920, "height": 1080, "id_view": 0, "id_intrinsic": 0, "id_pose": 0}}}}], "intrinsics": [{"key": 0, "value": {"polymorphic_id": 2147483649, "polymorphic_name": "pinhole_radial_k3", "ptr_wrapper": {"id": 2147483659, "data": {"width": 1920, "height": 1080, "focal_length": 1739.13, "principal_point": [960.0, 540.0], "disto_k3": [0.0, 0.0, 0.0]}}}}], "extrinsics": [{"key": 0, "value": {"rotation": [[0.9999991545900163, -0.001299545939690564, -4.471692396535777e-05], [0.0012995500596350482, 0.9999991513314113, 9.222851982915898e-05], [4.459703081704571e-05, -9.228655373945131e-05, 0.9999999947471484]], "center": [-0.0003254280691424897, -0.0010148120161916564, 0.0005391211774096252]}}, {"key": 1, "value": {"rotation": [[0.9999998708578784, 3.996818403684918e-05, 0.0005066426459961396], [-4.045577465727952e-05, 0.9999995360536749, 0.0009624218229754362], [-0.0005066039446886023, -0.0009624421953069592, 0.9999994085285571]], "center": [-0.00018997869889065413, -0.01088469136309565, 0.0021516780282586933]}}, {"key": 2, "value": {"rotation": [[0.9999994818781077, -0.0008459421306010422, 0.0005662379607368949], [0.0008451711706604258, 0.9999987174912353, 0.0013604049313270883], [-0.0005673880583778325, -0.0013599256584713466, 0.9999989143359079]], "center": [-0.00011650518990727679, -0.021800130636183163, 0.002973469133176005]}}, {"key": 3, "value": {"rotation": [[0.9999940229365218, -0.002393030585907107, 0.00249549511045837], [0.00239023193154042, 0.9999965118559672, 0.0011238626305303066], [-0.0024981758434612284, -0.0011178911010339323, 0.9999962547114571]], "center": [-0.001925815531042892, -0.03184668043487829, 0.002192137726890203]}}, {"key": 4, "value": {"rotation": [[0.9999907881056941, -0.0033442628159042406, 0.0026906523320408124], [0.003341251839804095, 0.9999937876941843, 0.0011227685344649095], [-0.002694390449946381, -0.0011137680445850657, 0.9999957498813912]], "center": [-0.0012756294184506425, -0.04227529564650053, 0.0031537711568406144]}}, {"key": 5, "value": {"rotation": [[0.9999856033771708, -0.0047012248831390996, 0.002586797826380781], [0.004700992475361337, 0.99998894567376, 9.591678067559904e-05], [-0.0025872201574297024, -8.375488268072136e-05, 0.9999966496328758]], "center": [-0.0008293987030329891, -0.051758413040918425, 0.00475169442496459]}}, {"key": 6, "value": {"rotation": [[0.9999786286372784, -0.005967962249356308, 0.002669399801288216], [0.005967466987620739, 0.9999821757967565, 0.0001934593929153811], [-0.002670506779717317, -0.00017752570323350433, 0.9999964184326682]], "center": [-0.00010823628020382894, -0.06258384767940313, 0.005956815332616895]}}, {"key": 7, "value": {"rotation": [[0.999965092679688, -0.007756848499834131, 0.0031055955071745077], [0.007756569522478493, 0.9999699121737367, 0.0001018650695948361], [-0.0031062922184687237, -7.77727462981161e-05, 0.9999951724383738]], "center": [-0.000277165291052035, -0.07354599192360994, 0.006874203481554177]}}, {"key": 8, "value": {"rotation": [[0.9999588462033621, -0.008240696002875896, 0.003794315357144078], [0.008239470013346434, 0.9999659976534645, 0.0003386307886063802], [-0.003796976894904577, -0.0003073537050573937, 0.9999927442237564]], "center": [-0.0014861256100482114, -0.0838967082324361, 0.006888540486388551]}}, {"key": 9, "value": {"rotation": [[0.9999442066662136, -0.009566587703163324, 0.00447928056664984], [0.00956615411323845, 0.9999542363132676, 0.00011821434798226032], [-0.0044802064861849695, -7.535826419269363e-05, 0.9999899609850954]], "center": [-0.001364580756805598, -0.09448713804946872, 0.007444894105283202]}}], "structure": [], "control_points": []}