{"sfm_data_version": "0.3", "root_path": "/mnt/ST8000/jialei/SFM_E/ex_sea_12/1-2/images", "views": [{"key": 9, "value": {"polymorphic_id": 1073741824, "ptr_wrapper": {"id": 2147483649, "data": {"local_path": "", "filename": "038735_11734.566406.jpg", "width": 1920, "height": 1080, "id_view": 9, "id_intrinsic": 0, "id_pose": 9}}}}, {"key": 8, "value": {"polymorphic_id": 1073741824, "ptr_wrapper": {"id": 2147483650, "data": {"local_path": "", "filename": "038734_11734.465820.jpg", "width": 1920, "height": 1080, "id_view": 8, "id_intrinsic": 0, "id_pose": 8}}}}, {"key": 7, "value": {"polymorphic_id": 1073741824, "ptr_wrapper": {"id": 2147483651, "data": {"local_path": "", "filename": "038733_11734.399211.jpg", "width": 1920, "height": 1080, "id_view": 7, "id_intrinsic": 0, "id_pose": 7}}}}, {"key": 6, "value": {"polymorphic_id": 1073741824, "ptr_wrapper": {"id": 2147483652, "data": {"local_path": "", "filename": "038732_11734.299602.jpg", "width": 1920, "height": 1080, "id_view": 6, "id_intrinsic": 0, "id_pose": 6}}}}, {"key": 5, "value": {"polymorphic_id": 1073741824, "ptr_wrapper": {"id": 2147483653, "data": {"local_path": "", "filename": "038731_11734.198016.jpg", "width": 1920, "height": 1080, "id_view": 5, "id_intrinsic": 0, "id_pose": 5}}}}, {"key": 4, "value": {"polymorphic_id": 1073741824, "ptr_wrapper": {"id": 2147483654, "data": {"local_path": "", "filename": "038730_11734.100406.jpg", "width": 1920, "height": 1080, "id_view": 4, "id_intrinsic": 0, "id_pose": 4}}}}, {"key": 3, "value": {"polymorphic_id": 1073741824, "ptr_wrapper": {"id": 2147483655, "data": {"local_path": "", "filename": "038729_11733.998820.jpg", "width": 1920, "height": 1080, "id_view": 3, "id_intrinsic": 0, "id_pose": 3}}}}, {"key": 2, "value": {"polymorphic_id": 1073741824, "ptr_wrapper": {"id": 2147483656, "data": {"local_path": "", "filename": "038728_11733.899211.jpg", "width": 1920, "height": 1080, "id_view": 2, "id_intrinsic": 0, "id_pose": 2}}}}, {"key": 1, "value": {"polymorphic_id": 1073741824, "ptr_wrapper": {"id": 2147483657, "data": {"local_path": "", "filename": "038727_11733.798602.jpg", "width": 1920, "height": 1080, "id_view": 1, "id_intrinsic": 0, "id_pose": 1}}}}, {"key": 0, "value": {"polymorphic_id": 1073741824, "ptr_wrapper": {"id": 2147483658, "data": {"local_path": "", "filename": "038726_11733.699016.jpg", "width": 1920, "height": 1080, "id_view": 0, "id_intrinsic": 0, "id_pose": 0}}}}], "intrinsics": [{"key": 0, "value": {"polymorphic_id": 2147483649, "polymorphic_name": "pinhole_radial_k3", "ptr_wrapper": {"id": 2147483659, "data": {"width": 1920, "height": 1080, "focal_length": 1739.13, "principal_point": [960.0, 540.0], "disto_k3": [0.0, 0.0, 0.0]}}}}], "extrinsics": [{"key": 0, "value": {"rotation": [[0.9999990336164843, -0.0013864205021889705, -0.00010297712604700552], [0.0013864219770877045, 0.9999990388150207, 1.4252582176518014e-05], [0.00010295726699480033, -1.4395338153744674e-05, 0.9999999945962877]], "center": [-0.00032857973901015473, -0.0009831584895905019, 0.00042796892665656033]}}, {"key": 1, "value": {"rotation": [[0.9999998575069928, -8.378000443420695e-05, 0.000527225667833084], [8.325211282552076e-05, 0.9999994953282805, 0.001001205408535934], [-0.0005273092827507627, -0.0010011613732203834, 0.9999993598102076]], "center": [1.948818462602185e-05, -0.010231086514837087, 0.002003383474053504]}}, {"key": 2, "value": {"rotation": [[0.9999993347994091, -0.0009918453900837265, 0.0005887643512752364], [0.0009910146019547106, 0.9999985153320012, 0.0014096892749095229], [-0.0005901616709644101, -0.0014091048631141782, 0.9999988330656624]], "center": [0.00015407527940939684, -0.020667063239674145, 0.0028451783194347775]}}, {"key": 3, "value": {"rotation": [[0.9999933795457002, -0.0025272120906218304, 0.002618026703098078], [0.0025240798890607853, 0.9999960956880033, 0.0011990118696841023], [-0.00262104663879887, -0.0011923958231305379, 0.9999958541447647]], "center": [-0.0016903389695717473, -0.030323113658593377, 0.002240792750622372]}}, {"key": 4, "value": {"rotation": [[0.9999899847320278, -0.003477716779999812, 0.0028170767892616733], [0.0034743677728606053, 0.999993252920462, 0.0011928462314643189], [-0.0028212061635756254, -0.0011830467239794117, 0.9999953205871668]], "center": [-0.0010059981655802979, -0.040251632894915255, 0.0032223144385864844]}}, {"key": 5, "value": {"rotation": [[0.9999850274098988, -0.004781942548226255, 0.0026604476106870836], [0.004781883056377526, 0.9999885663193717, 2.8722166718438592e-05], [-0.0026605545397299164, -1.5999787321314525e-05, 0.9999964605905097]], "center": [-0.0004041977275606475, -0.049121971111415384, 0.004822299357526462]}}, {"key": 6, "value": {"rotation": [[0.9999778599042481, -0.00605174961398964, 0.0027669528238562983], [0.006051384981418668, 0.9999816803832839, 0.00014013433015998337], [-0.002767750192219599, -0.000123387330809921, 0.999996162159855]], "center": [0.0003550222784808743, -0.059462212726894885, 0.0060173563481129705]}}, {"key": 7, "value": {"rotation": [[0.9999640615714475, -0.007837306174700057, 0.00323298584264559], [0.007837235735085827, 0.9999692878027792, 3.445627766542286e-05], [-0.003233156594944533, -9.117367183947673e-06, 0.9999947732939932]], "center": [0.0002485895518302315, -0.0699042018484737, 0.006976570803935692]}}, {"key": 8, "value": {"rotation": [[0.9999574625649681, -0.00833572158289611, 0.003948266242685682], [0.008334687363045835, 0.9999652271564339, 0.00027832452585551705], [-0.003950448985998544, -0.0002454051218852141, 0.9999921668338877]], "center": [-0.0009376897050329843, -0.07979833037978164, 0.007070322616551439]}}, {"key": 9, "value": {"rotation": [[0.9999425017992617, -0.009646608126848871, 0.004683593394047804], [0.009646445389775257, 0.9999534703194787, 5.7335620379286834e-05], [-0.0046839285622050615, -1.2152295780697825e-05, 0.9999890302726048]], "center": [-0.000830136063643805, -0.0899007490859677, 0.007671472601525609]}}], "structure": [], "control_points": []}