{"sfm_data_version": "0.3", "root_path": "/mnt/ST8000/jialei/SFM_E/ex_sea_12/1-2/images", "views": [{"key": 9, "value": {"polymorphic_id": 1073741824, "ptr_wrapper": {"id": 2147483649, "data": {"local_path": "", "filename": "038735_11734.566406.jpg", "width": 1920, "height": 1080, "id_view": 9, "id_intrinsic": 0, "id_pose": 9}}}}, {"key": 8, "value": {"polymorphic_id": 1073741824, "ptr_wrapper": {"id": 2147483650, "data": {"local_path": "", "filename": "038734_11734.465820.jpg", "width": 1920, "height": 1080, "id_view": 8, "id_intrinsic": 0, "id_pose": 8}}}}, {"key": 7, "value": {"polymorphic_id": 1073741824, "ptr_wrapper": {"id": 2147483651, "data": {"local_path": "", "filename": "038733_11734.399211.jpg", "width": 1920, "height": 1080, "id_view": 7, "id_intrinsic": 0, "id_pose": 7}}}}, {"key": 6, "value": {"polymorphic_id": 1073741824, "ptr_wrapper": {"id": 2147483652, "data": {"local_path": "", "filename": "038732_11734.299602.jpg", "width": 1920, "height": 1080, "id_view": 6, "id_intrinsic": 0, "id_pose": 6}}}}, {"key": 5, "value": {"polymorphic_id": 1073741824, "ptr_wrapper": {"id": 2147483653, "data": {"local_path": "", "filename": "038731_11734.198016.jpg", "width": 1920, "height": 1080, "id_view": 5, "id_intrinsic": 0, "id_pose": 5}}}}, {"key": 4, "value": {"polymorphic_id": 1073741824, "ptr_wrapper": {"id": 2147483654, "data": {"local_path": "", "filename": "038730_11734.100406.jpg", "width": 1920, "height": 1080, "id_view": 4, "id_intrinsic": 0, "id_pose": 4}}}}, {"key": 3, "value": {"polymorphic_id": 1073741824, "ptr_wrapper": {"id": 2147483655, "data": {"local_path": "", "filename": "038729_11733.998820.jpg", "width": 1920, "height": 1080, "id_view": 3, "id_intrinsic": 0, "id_pose": 3}}}}, {"key": 2, "value": {"polymorphic_id": 1073741824, "ptr_wrapper": {"id": 2147483656, "data": {"local_path": "", "filename": "038728_11733.899211.jpg", "width": 1920, "height": 1080, "id_view": 2, "id_intrinsic": 0, "id_pose": 2}}}}, {"key": 1, "value": {"polymorphic_id": 1073741824, "ptr_wrapper": {"id": 2147483657, "data": {"local_path": "", "filename": "038727_11733.798602.jpg", "width": 1920, "height": 1080, "id_view": 1, "id_intrinsic": 0, "id_pose": 1}}}}, {"key": 0, "value": {"polymorphic_id": 1073741824, "ptr_wrapper": {"id": 2147483658, "data": {"local_path": "", "filename": "038726_11733.699016.jpg", "width": 1920, "height": 1080, "id_view": 0, "id_intrinsic": 0, "id_pose": 0}}}}], "intrinsics": [{"key": 0, "value": {"polymorphic_id": 2147483649, "polymorphic_name": "pinhole_radial_k3", "ptr_wrapper": {"id": 2147483659, "data": {"width": 1920, "height": 1080, "focal_length": 1739.13, "principal_point": [960.0, 540.0], "disto_k3": [0.0, 0.0, 0.0]}}}}], "extrinsics": [{"key": 0, "value": {"rotation": [[0.9999999345660618, -0.0003600941570776463, -3.464203046960048e-05], [0.0003600930275074632, 0.9999999346348744, -3.2607640884328023e-05], [3.4653770026178375e-05, 3.259516439705086e-05, 0.9999999988683357]], "center": [102655.28827435838, -59731.174787433265, 609.3316321738954]}}, {"key": 1, "value": {"rotation": [[0.9999993784650881, 0.000942576045706629, 0.0005954996521148006], [-0.000943144042756612, 0.999999099936811, 0.0009542561931642032], [-0.0005945996570983377, -0.0009548172420100235, 0.9999993673874408]], "center": [102655.51358850037, -59737.003803739906, 610.3249595200266]}}, {"key": 2, "value": {"rotation": [[0.9999997835267067, 3.451348807274072e-05, 0.0006570809377972896], [-3.540893493329336e-05, 0.9999990707579209, 0.001362802077152558], [-0.0006570332921567933, -0.0013628250486784964, 0.9999988555069146]], "center": [102655.60513848907, -59743.581847912064, 610.8558867956394]}}, {"key": 3, "value": {"rotation": [[0.9999952654307486, -0.0015007633725835322, 0.00268641496910803], [0.0014976724176216612, 0.9999982146707197, 0.0011522294487266388], [-0.002688139396726181, -0.0011482006238150407, 0.9999957277618291]], "center": [102654.448813386, -59749.6696006494, 610.4751279461335]}}, {"key": 4, "value": {"rotation": [[0.9999928325499196, -0.002451261712081821, 0.002885509453695135], [0.0024479631375489614, 0.9999963469259298, 0.0011461288202226252], [-0.0028883083744094874, -0.0011390569846258625, 0.9999951801003437]], "center": [102654.88655779413, -59755.92741707893, 611.0941385548522]}}, {"key": 5, "value": {"rotation": [[0.9999892244947621, -0.003755499223354915, 0.002728941177037172], [0.0037555620702507085, 0.9999929476915926, -1.7905756318705576e-05], [-0.0027288546866484527, 2.815427135152921e-05, 0.9999962762727843]], "center": [102655.27156295982, -59761.51826063023, 612.1029532050663]}}, {"key": 6, "value": {"rotation": [[0.9999833529554937, -0.005025307981700767, 0.0028355055242029695], [0.005025062779464564, 0.9999873699124094, 9.359339904400916e-05], [-0.0028359400471751396, -7.934324771989659e-05, 0.9999959755662502]], "center": [102655.7567634721, -59768.03554512528, 612.8565779596586]}}, {"key": 7, "value": {"rotation": [[0.9999713553585501, -0.006810855911820147, 0.0033016214400435756], [0.006810932526992579, 0.9999768052585116, -1.1962151053602796e-05], [-0.003301463387300611, 3.4448929259875455e-05, 0.9999945495615323]], "center": [102655.69638918669, -59774.61753157194, 613.4615087110752]}}, {"key": 8, "value": {"rotation": [[0.999965219026683, -0.007309244293933861, 0.004016924790168934], [0.007308371398708396, 0.9999732665982723, 0.00023194024802011698], [-0.004018512712039238, -0.00020257500266529415, 0.9999919052267122]], "center": [102654.95503322684, -59780.85490675498, 613.5208455340661]}}, {"key": 9, "value": {"rotation": [[0.999951553432516, -0.008620111025048295, 0.0047523124702062635], [0.008620155895448177, 0.9999628457049913, 1.104144914555388e-05], [-0.004752231079904351, 2.992476013180051e-05, 0.9999887076383764]], "center": [102655.0293376715, -59787.222722402534, 613.9000749378314]}}], "structure": [], "control_points": []}