{"sfm_data_version": "0.3", "root_path": "/mnt/ST8000/jialei/SFM_E/ex_sea_12/6-5/images", "views": [{"key": 9, "value": {"polymorphic_id": 1073741824, "ptr_wrapper": {"id": 2147483649, "data": {"local_path": "", "filename": "128880_17395.546875.jpg", "width": 1920, "height": 1080, "id_view": 9, "id_intrinsic": 0, "id_pose": 9}}}}, {"key": 8, "value": {"polymorphic_id": 1073741824, "ptr_wrapper": {"id": 2147483650, "data": {"local_path": "", "filename": "128879_17395.479266.jpg", "width": 1920, "height": 1080, "id_view": 8, "id_intrinsic": 0, "id_pose": 8}}}}, {"key": 7, "value": {"polymorphic_id": 1073741824, "ptr_wrapper": {"id": 2147483651, "data": {"local_path": "", "filename": "128878_17395.379656.jpg", "width": 1920, "height": 1080, "id_view": 7, "id_intrinsic": 0, "id_pose": 7}}}}, {"key": 6, "value": {"polymorphic_id": 1073741824, "ptr_wrapper": {"id": 2147483652, "data": {"local_path": "", "filename": "128877_17395.280047.jpg", "width": 1920, "height": 1080, "id_view": 6, "id_intrinsic": 0, "id_pose": 6}}}}, {"key": 5, "value": {"polymorphic_id": 1073741824, "ptr_wrapper": {"id": 2147483653, "data": {"local_path": "", "filename": "128876_17395.180437.jpg", "width": 1920, "height": 1080, "id_view": 5, "id_intrinsic": 0, "id_pose": 5}}}}, {"key": 4, "value": {"polymorphic_id": 1073741824, "ptr_wrapper": {"id": 2147483654, "data": {"local_path": "", "filename": "128875_17395.078875.jpg", "width": 1920, "height": 1080, "id_view": 4, "id_intrinsic": 0, "id_pose": 4}}}}, {"key": 3, "value": {"polymorphic_id": 1073741824, "ptr_wrapper": {"id": 2147483655, "data": {"local_path": "", "filename": "128874_17394.979266.jpg", "width": 1920, "height": 1080, "id_view": 3, "id_intrinsic": 0, "id_pose": 3}}}}, {"key": 2, "value": {"polymorphic_id": 1073741824, "ptr_wrapper": {"id": 2147483656, "data": {"local_path": "", "filename": "128873_17394.879656.jpg", "width": 1920, "height": 1080, "id_view": 2, "id_intrinsic": 0, "id_pose": 2}}}}, {"key": 1, "value": {"polymorphic_id": 1073741824, "ptr_wrapper": {"id": 2147483657, "data": {"local_path": "", "filename": "128872_17394.780047.jpg", "width": 1920, "height": 1080, "id_view": 1, "id_intrinsic": 0, "id_pose": 1}}}}, {"key": 0, "value": {"polymorphic_id": 1073741824, "ptr_wrapper": {"id": 2147483658, "data": {"local_path": "", "filename": "128871_17394.680437.jpg", "width": 1920, "height": 1080, "id_view": 0, "id_intrinsic": 0, "id_pose": 0}}}}], "intrinsics": [{"key": 0, "value": {"polymorphic_id": 2147483649, "polymorphic_name": "pinhole_radial_k3", "ptr_wrapper": {"id": 2147483659, "data": {"width": 1920, "height": 1080, "focal_length": 1739.13, "principal_point": [960.0, 540.0], "disto_k3": [0.0, 0.0, 0.0]}}}}], "extrinsics": [{"key": 0, "value": {"rotation": [[0.9999999996467004, 1.926035624604e-05, 1.8320401678452148e-05], [-1.9260709321704816e-05, 0.999999999628802, 1.9272285367268218e-05], [-1.8320030480569648e-05, -1.927263822439064e-05, 0.999999999646471]], "center": [102655.28827442341, -59731.17478747634, 609.3316321520061]}}, {"key": 1, "value": {"rotation": [[0.9999985311238159, 0.0006761633962713662, -0.001574977228904002], [-0.0006774119873932488, 0.9999994566318541, -0.0007923692293721623], [0.0015744406020422907, 0.0007934349739346047, 0.9999984457976585]], "center": [102655.21439599611, -59738.58721347968, 609.2485588157692]}}, {"key": 2, "value": {"rotation": [[0.999995644761038, 0.002470410074429921, -0.0016147857504738106], [-0.002488256821587183, 0.9999347952321154, -0.01114512728041425], [0.0015871474240293842, 0.011149096742380711, 0.9999365872918559]], "center": [102657.14981172657, -59739.60890736805, 615.1010383621718]}}, {"key": 3, "value": {"rotation": [[0.9999969153657937, 0.0022354590392434583, -0.001082581073572512], [-0.0022466716497583235, 0.9999426717662158, -0.010469271585917345], [0.0010591153833105506, 0.010471671496250671, 0.9999446096512944]], "center": [102657.38062055556, -59744.49274368308, 615.1776295159627]}}, {"key": 4, "value": {"rotation": [[0.999998186283433, 0.0015739651067207916, -0.0010724102232676327], [-0.0015841684373911523, 0.9999528470981889, -0.00958091804513982], [0.0010572796253202094, 0.009582599546497705, 0.9999535268929878]], "center": [102658.76932509094, -59751.89640684649, 615.9684770024089]}}, {"key": 5, "value": {"rotation": [[0.9999993312694062, 0.0010462230493169529, 0.0004928266135303176], [-0.0010422846653369356, 0.9999680533892765, -0.007925013787811056], [-0.0005011022014813814, 0.007924494822489988, 0.9999684751422875]], "center": [102658.7595845041, -59759.636650832545, 615.9112343077804]}}, {"key": 6, "value": {"rotation": [[0.9999974287640743, 0.0005499494200867381, -0.0022000047443986445], [-0.0005735719101731332, 0.9999420386994132, -0.010751290942218905], [0.0021939645630434453, 0.010752525159037065, 0.9999397830480593]], "center": [102660.31419288501, -59764.976762396225, 618.382652963275]}}, {"key": 7, "value": {"rotation": [[0.9999977280407607, 0.00018685729257323665, -0.0021234400552625297], [-0.00020633875899410298, 0.9999578602462772, -0.009177971235668062], [0.002121635603165058, 0.00917838853167737, 0.99995562693868]], "center": [102661.45184738612, -59772.74573212946, 619.0523104626851]}}, {"key": 8, "value": {"rotation": [[0.9999987464159088, -0.00017793528992501813, -0.0015733739680399747], [0.00016472524484049378, 0.9999647717594033, -0.008392145479989671], [0.0015748117996822902, 0.008391875785317585, 0.9999635475299082]], "center": [102661.3613151069, -59779.869024171174, 619.2020952099806]}}, {"key": 9, "value": {"rotation": [[0.9999975293055606, -0.000735648561211851, -0.0020976663150441472], [0.0007182350943402551, 0.9999653789506255, -0.008290056602955877], [0.0021036922598474026, 0.008288529503195507, 0.9999634367103382]], "center": [102662.3443526876, -59786.71372759205, 620.0962167418745]}}], "structure": [], "control_points": []}