{"sfm_data_version": "0.3", "root_path": "/mnt/ST8000/jialei/SFM_E/ex_sea_12/6-5/images", "views": [{"key": 9, "value": {"polymorphic_id": 1073741824, "ptr_wrapper": {"id": 2147483649, "data": {"local_path": "", "filename": "128880_17395.546875.jpg", "width": 1920, "height": 1080, "id_view": 9, "id_intrinsic": 0, "id_pose": 9}}}}, {"key": 8, "value": {"polymorphic_id": 1073741824, "ptr_wrapper": {"id": 2147483650, "data": {"local_path": "", "filename": "128879_17395.479266.jpg", "width": 1920, "height": 1080, "id_view": 8, "id_intrinsic": 0, "id_pose": 8}}}}, {"key": 7, "value": {"polymorphic_id": 1073741824, "ptr_wrapper": {"id": 2147483651, "data": {"local_path": "", "filename": "128878_17395.379656.jpg", "width": 1920, "height": 1080, "id_view": 7, "id_intrinsic": 0, "id_pose": 7}}}}, {"key": 6, "value": {"polymorphic_id": 1073741824, "ptr_wrapper": {"id": 2147483652, "data": {"local_path": "", "filename": "128877_17395.280047.jpg", "width": 1920, "height": 1080, "id_view": 6, "id_intrinsic": 0, "id_pose": 6}}}}, {"key": 5, "value": {"polymorphic_id": 1073741824, "ptr_wrapper": {"id": 2147483653, "data": {"local_path": "", "filename": "128876_17395.180437.jpg", "width": 1920, "height": 1080, "id_view": 5, "id_intrinsic": 0, "id_pose": 5}}}}, {"key": 4, "value": {"polymorphic_id": 1073741824, "ptr_wrapper": {"id": 2147483654, "data": {"local_path": "", "filename": "128875_17395.078875.jpg", "width": 1920, "height": 1080, "id_view": 4, "id_intrinsic": 0, "id_pose": 4}}}}, {"key": 3, "value": {"polymorphic_id": 1073741824, "ptr_wrapper": {"id": 2147483655, "data": {"local_path": "", "filename": "128874_17394.979266.jpg", "width": 1920, "height": 1080, "id_view": 3, "id_intrinsic": 0, "id_pose": 3}}}}, {"key": 2, "value": {"polymorphic_id": 1073741824, "ptr_wrapper": {"id": 2147483656, "data": {"local_path": "", "filename": "128873_17394.879656.jpg", "width": 1920, "height": 1080, "id_view": 2, "id_intrinsic": 0, "id_pose": 2}}}}, {"key": 1, "value": {"polymorphic_id": 1073741824, "ptr_wrapper": {"id": 2147483657, "data": {"local_path": "", "filename": "128872_17394.780047.jpg", "width": 1920, "height": 1080, "id_view": 1, "id_intrinsic": 0, "id_pose": 1}}}}, {"key": 0, "value": {"polymorphic_id": 1073741824, "ptr_wrapper": {"id": 2147483658, "data": {"local_path": "", "filename": "128871_17394.680437.jpg", "width": 1920, "height": 1080, "id_view": 0, "id_intrinsic": 0, "id_pose": 0}}}}], "intrinsics": [{"key": 0, "value": {"polymorphic_id": 2147483649, "polymorphic_name": "pinhole_radial_k3", "ptr_wrapper": {"id": 2147483659, "data": {"width": 1920, "height": 1080, "focal_length": 1739.13, "principal_point": [960.0, 540.0], "disto_k3": [0.0, 0.0, 0.0]}}}}], "extrinsics": [{"key": 0, "value": {"rotation": [[0.9999999247726918, -0.00030089416310128515, 0.00024478013229322737], [0.0003009290539997603, 0.99999994456553, -0.00014251540746609002], [-0.00024473723666970263, 0.00014258905819870441, 0.999999959886022]], "center": [6.673571580328222e-05, -0.00039471264836071204, 0.00034390074941575]}}, {"key": 1, "value": {"rotation": [[0.9999990273265829, 0.00035575142030118867, -0.0013486240451087736], [-0.00035703858273213637, 0.999999480911763, -0.0009543058497355449], [0.0013482838493924384, 0.0009547864323253342, 0.9999986352558338]], "center": [-5.5745991131061245e-05, -0.012304055657117749, 0.00021232875020073117]}}, {"key": 2, "value": {"rotation": [[0.9999967244843614, 0.0021499924638509952, -0.0013887234979937395], [-0.002165560003201937, 0.9999337236174638, -0.011307463127759874], [0.0013643204979139581, 0.011310433454050353, 0.9999351042566015]], "center": [0.0030511834429762454, -0.013945059286704439, 0.009616331232416743]}}, {"key": 3, "value": {"rotation": [[0.9999977993620657, 0.001915127177419471, -0.0008564805427988297], [-0.0019241253491178133, 0.999941632196941, -0.010631554023664625], [0.0008360697738622181, 0.010633178603386993, 0.9999431166322021]], "center": [0.003419477868314428, -0.02179189571321439, 0.009740741777857534]}}, {"key": 4, "value": {"rotation": [[0.9999988561703432, 0.001253634526780944, -0.0008462023863808517], [-0.001261820062657176, 0.9999517392080977, -0.009743052131127913], [0.0008339473214357135, 0.00974410874188419, 0.9999521772948401]], "center": [0.005646578188333138, -0.03368768476008707, 0.011013806422059557]}}, {"key": 5, "value": {"rotation": [[0.9999994777894269, 0.0007261454794682657, 0.0007191200289604244], [-0.0007203063783045827, 0.9999670400278199, -0.008087027681514146], [-0.0007249686853776106, 0.008086505471639234, 0.9999670408816793]], "center": [0.005626967102040122, -0.04612375099453586, 0.010923844417009875]}}, {"key": 6, "value": {"rotation": [[0.99999802606708, 0.00022943664081977362, -0.001973631366722456], [-0.0002509620885919261, 0.9999404178283, -0.010913194371692999], [0.001971009886822186, 0.010913668136429328, 0.9999385015928898]], "center": [0.008121071226786597, -0.05470373162123328, 0.014896564760242873]}}, {"key": 7, "value": {"rotation": [[0.9999981917486866, -0.0001336431667034555, -0.0018970078705230135], [0.00011591988336995334, 0.9999563764526712, -0.009339794121073716], [0.001898173315973013, 0.009339557331447694, 0.9999545837721405]], "center": [0.009944671896802388, -0.06718635197225224, 0.015974920089553857]}}, {"key": 8, "value": {"rotation": [[0.9999989687782815, -0.0004983470203650016, -0.0013468825566213115], [0.000486808152074179, 0.9999632963569147, -0.008553885481786802], [0.0013510959244670121, 0.00855322098742597, 0.9999625077724379]], "center": [0.009795496900789465, -0.0786310815574848, 0.0162173941417804]}}, {"key": 9, "value": {"rotation": [[0.9999976917970874, -0.0010561447258694795, -0.0018710849302397202], [0.0010402950393834192, 0.9999637428614573, -0.008451671357523702], [0.0018799432781832102, 0.008449705368980142, 0.9999625334443527]], "center": [0.011371072270128384, -0.08962856844361, 0.017656093720197216]}}], "structure": [], "control_points": []}