{"sfm_data_version": "0.3", "root_path": "/mnt/ST8000/jialei/SFM_E/ex_sea_12/6-3/images", "views": [{"key": 9, "value": {"polymorphic_id": 1073741824, "ptr_wrapper": {"id": 2147483649, "data": {"local_path": "", "filename": "087511_13303.979266.jpg", "width": 1920, "height": 1080, "id_view": 9, "id_intrinsic": 0, "id_pose": 9}}}}, {"key": 8, "value": {"polymorphic_id": 1073741824, "ptr_wrapper": {"id": 2147483650, "data": {"local_path": "", "filename": "087510_13303.879656.jpg", "width": 1920, "height": 1080, "id_view": 8, "id_intrinsic": 0, "id_pose": 8}}}}, {"key": 7, "value": {"polymorphic_id": 1073741824, "ptr_wrapper": {"id": 2147483651, "data": {"local_path": "", "filename": "087509_13303.781047.jpg", "width": 1920, "height": 1080, "id_view": 7, "id_intrinsic": 0, "id_pose": 7}}}}, {"key": 6, "value": {"polymorphic_id": 1073741824, "ptr_wrapper": {"id": 2147483652, "data": {"local_path": "", "filename": "087508_13303.679461.jpg", "width": 1920, "height": 1080, "id_view": 6, "id_intrinsic": 0, "id_pose": 6}}}}, {"key": 5, "value": {"polymorphic_id": 1073741824, "ptr_wrapper": {"id": 2147483653, "data": {"local_path": "", "filename": "087507_13303.580852.jpg", "width": 1920, "height": 1080, "id_view": 5, "id_intrinsic": 0, "id_pose": 5}}}}, {"key": 4, "value": {"polymorphic_id": 1073741824, "ptr_wrapper": {"id": 2147483654, "data": {"local_path": "", "filename": "087506_13303.479266.jpg", "width": 1920, "height": 1080, "id_view": 4, "id_intrinsic": 0, "id_pose": 4}}}}, {"key": 3, "value": {"polymorphic_id": 1073741824, "ptr_wrapper": {"id": 2147483655, "data": {"local_path": "", "filename": "087505_13303.379656.jpg", "width": 1920, "height": 1080, "id_view": 3, "id_intrinsic": 0, "id_pose": 3}}}}, {"key": 2, "value": {"polymorphic_id": 1073741824, "ptr_wrapper": {"id": 2147483656, "data": {"local_path": "", "filename": "087504_13303.248047.jpg", "width": 1920, "height": 1080, "id_view": 2, "id_intrinsic": 0, "id_pose": 2}}}}, {"key": 1, "value": {"polymorphic_id": 1073741824, "ptr_wrapper": {"id": 2147483657, "data": {"local_path": "", "filename": "087503_13303.179461.jpg", "width": 1920, "height": 1080, "id_view": 1, "id_intrinsic": 0, "id_pose": 1}}}}, {"key": 0, "value": {"polymorphic_id": 1073741824, "ptr_wrapper": {"id": 2147483658, "data": {"local_path": "", "filename": "087502_13303.047852.jpg", "width": 1920, "height": 1080, "id_view": 0, "id_intrinsic": 0, "id_pose": 0}}}}], "intrinsics": [{"key": 0, "value": {"polymorphic_id": 2147483649, "polymorphic_name": "pinhole_radial_k3", "ptr_wrapper": {"id": 2147483659, "data": {"width": 1920, "height": 1080, "focal_length": 1739.13, "principal_point": [960.0, 540.0], "disto_k3": [0.0, 0.0, 0.0]}}}}], "extrinsics": [{"key": 0, "value": {"rotation": [[0.999999974724245, -4.7811773048128664e-05, 0.00021969420514772833], [4.78127147269965e-05, 0.9999999988478084, -4.281066287174454e-06], [-0.0002196940002092291, 4.291570355309054e-06, 0.9999999758580641]], "center": [0.0001724898281967709, -2.8428038796226712e-05, 0.00015447576059428344]}}, {"key": 1, "value": {"rotation": [[0.9999999723842321, 9.294530718576718e-05, -0.00021585343399015017], [-9.301363856437627e-05, 0.9999999455642641, -0.0003165753180861835], [0.00021582399804982835, 0.00031659538665700115, 0.9999999265936789]], "center": [-0.002062059887981568, -0.011198884452544243, 3.5084124281670646e-05]}}, {"key": 2, "value": {"rotation": [[0.9999999985448159, -3.8905062596686584e-05, 3.737331080328939e-05], [3.887119523535177e-05, 0.9999995890394922, 0.00090576480228254], [-3.7408534280644986e-05, -0.0009057633482192223, 0.9999995890965949]], "center": [-0.0031627525859731064, -0.023491329762758327, 0.00012579600702253537]}}, {"key": 3, "value": {"rotation": [[0.9999993300307445, -0.0011574646467026346, 1.4616892842556118e-05], [0.0011574664118833736, 0.9999993227741156, -0.00012133760944711337], [-1.4476438950342882e-05, 0.00012135444671716925, 0.9999999925317656]], "center": [-0.004152616408860969, -0.033842054700491266, 0.0008401706887352391]}}, {"key": 4, "value": {"rotation": [[0.9999982996710368, -0.0017731559464497482, 0.0005065303786021625], [0.001773086845343845, 0.9999984187180921, 0.00013683696051556437], [-0.0005067722109050408, -0.00013593860549664477, 0.9999998623513016]], "center": [-0.005537582398613283, -0.04540196631633405, 0.0008961122206968229]}}, {"key": 5, "value": {"rotation": [[0.9999977169448083, -0.001978893142961408, 0.0008062797895775715], [0.0019774652460508428, 0.999996482013222, 0.001767934495441978], [-0.0008097755065461247, -0.001766336068887458, 0.9999981121584784]], "center": [-0.006566746260678427, -0.05810113843248439, 0.0009930557603351389]}}, {"key": 6, "value": {"rotation": [[0.9999963047054389, -0.002308948452281127, 0.0014350374598680834], [0.0023051333129979687, 0.999993819826536, 0.0026545562985848133], [-0.0014411578247447566, -0.002651238536563203, 0.9999954469888083]], "center": [-0.008463810543790393, -0.06998540748930747, 0.0008255828433946478]}}, {"key": 7, "value": {"rotation": [[0.9999957393296485, -0.0023700790767228297, 0.0017041266735105648], [0.0023625894916177535, 0.9999876008932087, 0.004383632139914977], [-0.001714495098676814, -0.0043795873109322495, 0.9999889397996071]], "center": [-0.009242689125151752, -0.08279751473836325, 0.0008326774017005559]}}, {"key": 8, "value": {"rotation": [[0.9999993891815881, -0.0008939582972344622, -0.0006499807789425733], [0.0008896404766280828, 0.99997773672655, -0.0066132133693363425], [0.0006558782452056498, 0.006612631080653899, 0.9999779212232229]], "center": [-0.007129940131988562, -0.0833963042797438, 0.012902987433995707]}}, {"key": 9, "value": {"rotation": [[0.9999991933315342, -0.0012683583202468805, -6.784874662290276e-05], [0.0012680174008497269, 0.9999876345998163, -0.004808615116083603], [7.394695463732732e-05, 0.004808525203734143, 0.999988436241746]], "center": [-0.008263970075142733, -0.09649920590309258, 0.012557788544482576]}}], "structure": [], "control_points": []}