{"sfm_data_version": "0.3", "root_path": "/mnt/ST8000/jialei/SFM_E/ex_sea_12/6-3/images", "views": [{"key": 9, "value": {"polymorphic_id": 1073741824, "ptr_wrapper": {"id": 2147483649, "data": {"local_path": "", "filename": "087511_13303.979266.jpg", "width": 1920, "height": 1080, "id_view": 9, "id_intrinsic": 0, "id_pose": 9}}}}, {"key": 8, "value": {"polymorphic_id": 1073741824, "ptr_wrapper": {"id": 2147483650, "data": {"local_path": "", "filename": "087510_13303.879656.jpg", "width": 1920, "height": 1080, "id_view": 8, "id_intrinsic": 0, "id_pose": 8}}}}, {"key": 7, "value": {"polymorphic_id": 1073741824, "ptr_wrapper": {"id": 2147483651, "data": {"local_path": "", "filename": "087509_13303.781047.jpg", "width": 1920, "height": 1080, "id_view": 7, "id_intrinsic": 0, "id_pose": 7}}}}, {"key": 6, "value": {"polymorphic_id": 1073741824, "ptr_wrapper": {"id": 2147483652, "data": {"local_path": "", "filename": "087508_13303.679461.jpg", "width": 1920, "height": 1080, "id_view": 6, "id_intrinsic": 0, "id_pose": 6}}}}, {"key": 5, "value": {"polymorphic_id": 1073741824, "ptr_wrapper": {"id": 2147483653, "data": {"local_path": "", "filename": "087507_13303.580852.jpg", "width": 1920, "height": 1080, "id_view": 5, "id_intrinsic": 0, "id_pose": 5}}}}, {"key": 4, "value": {"polymorphic_id": 1073741824, "ptr_wrapper": {"id": 2147483654, "data": {"local_path": "", "filename": "087506_13303.479266.jpg", "width": 1920, "height": 1080, "id_view": 4, "id_intrinsic": 0, "id_pose": 4}}}}, {"key": 3, "value": {"polymorphic_id": 1073741824, "ptr_wrapper": {"id": 2147483655, "data": {"local_path": "", "filename": "087505_13303.379656.jpg", "width": 1920, "height": 1080, "id_view": 3, "id_intrinsic": 0, "id_pose": 3}}}}, {"key": 2, "value": {"polymorphic_id": 1073741824, "ptr_wrapper": {"id": 2147483656, "data": {"local_path": "", "filename": "087504_13303.248047.jpg", "width": 1920, "height": 1080, "id_view": 2, "id_intrinsic": 0, "id_pose": 2}}}}, {"key": 1, "value": {"polymorphic_id": 1073741824, "ptr_wrapper": {"id": 2147483657, "data": {"local_path": "", "filename": "087503_13303.179461.jpg", "width": 1920, "height": 1080, "id_view": 1, "id_intrinsic": 0, "id_pose": 1}}}}, {"key": 0, "value": {"polymorphic_id": 1073741824, "ptr_wrapper": {"id": 2147483658, "data": {"local_path": "", "filename": "087502_13303.047852.jpg", "width": 1920, "height": 1080, "id_view": 0, "id_intrinsic": 0, "id_pose": 0}}}}], "intrinsics": [{"key": 0, "value": {"polymorphic_id": 2147483649, "polymorphic_name": "pinhole_radial_k3", "ptr_wrapper": {"id": 2147483659, "data": {"width": 1920, "height": 1080, "focal_length": 1739.13, "principal_point": [960.0, 540.0], "disto_k3": [0.0, 0.0, 0.0]}}}}], "extrinsics": [{"key": 0, "value": {"rotation": [[0.9999999648219853, 0.0002633547803882766, 3.162732807713076e-05], [-0.00026335207412267535, 0.9999999616642087, -8.554101958823082e-05], [-3.164985450109999e-05, 8.553268745661951e-05, 0.999999995841223]], "center": [102655.28827441008, -59731.1747874364, 609.331632165818]}}, {"key": 1, "value": {"rotation": [[0.999999836780678, 0.0004040764384645435, -0.0004039317381282653], [-0.00040423712704632853, 0.9999998391702487, -0.00039780877518447345], [0.00040377092801096383, 0.00039797199445975093, 0.9999998392936518]], "center": [102653.91693452788, -59738.04112449972, 609.2590644485596]}}, {"key": 2, "value": {"rotation": [[0.9999999515864888, 0.00027224667337434453, -0.00015069429059983097], [-0.00027212233550168256, 0.9999996230691249, 0.0008245065448188141], [0.00015091870296252304, -0.0008244654976192337, 0.9999996487400324]], "center": [102653.24275696876, -59745.59686295456, 609.3155615001314]}}, {"key": 3, "value": {"rotation": [[0.9999996268486734, -0.0008463149112079531, -0.00017335969831355145], [0.000846279748111376, 0.9999996213400449, -0.00020280619877630714], [0.00017353127057931066, 0.00020265941229711209, 0.9999999644080299]], "center": [102652.63640092271, -59751.95907362344, 609.7552821550224]}}, {"key": 4, "value": {"rotation": [[0.9999988805720927, -0.0014619665024831361, 0.0003186039964131876], [0.0014619489707525313, 0.9999989298256023, 5.52526590196945e-05], [-0.00031868443298797676, -5.478681438367008e-05, 0.9999999477193173]], "center": [102651.78735110666, -59759.06461748096, 609.7904039415993]}}, {"key": 5, "value": {"rotation": [[0.9999984182304271, -0.0016676794972023694, 0.0006183702270367657], [0.0016666346810889183, 0.9999971893365923, 0.0016863118794732076], [-0.0006211807167534395, -0.0016852786148502288, 0.9999983869839528]], "center": [102651.15721714459, -59766.87033594642, 609.8507433152615]}}, {"key": 6, "value": {"rotation": [[0.9999972269275074, -0.0019976841049133853, 0.0012471549670441675], [0.0019944702799710614, 0.9999947011942905, 0.0025728722555314557], [-0.0012522881446211474, -0.0025703777072538566, 0.9999959124580684]], "center": [102649.99344312247, -59774.17535470584, 609.7486191482947]}}, {"key": 7, "value": {"rotation": [[0.9999967311744107, -0.002058793022606647, 0.0015162492482921554], [0.002052253534782668, 0.9999886407289518, 0.0043019377600419665], [-0.0015250888242500274, -0.0042988119698782815, 0.9999895971057526]], "center": [102649.51715783322, -59782.05044519997, 609.7537096906883]}}, {"key": 8, "value": {"rotation": [[0.9999994790312461, -0.0005828625950505784, -0.0008379787774200742], [0.0005772397795220929, 0.9999774241088838, -0.006694629698311125], [0.0008418619085412936, 0.006694142495933548, 0.9999772396033675]], "center": [102650.81726534446, -59782.41748297291, 617.1724929736516]}}, {"key": 9, "value": {"rotation": [[0.999999509148299, -0.0009572153267894028, -0.0002558163001216694], [0.0009559529454030735, 0.9999875864440645, -0.004890103448778149], [0.00026049400650245407, 0.004889856500117047, 0.999988010651268]], "center": [102650.1227017211, -59790.47139530726, 616.961102464034]}}], "structure": [], "control_points": []}