{"sfm_data_version": "0.3", "root_path": "/mnt/ST8000/jialei/SFM_E/ex_sea_12/1-3/images", "views": [{"key": 9, "value": {"polymorphic_id": 1073741824, "ptr_wrapper": {"id": 2147483649, "data": {"local_path": "", "filename": "051561_13000.366211.jpg", "width": 1920, "height": 1080, "id_view": 9, "id_intrinsic": 0, "id_pose": 9}}}}, {"key": 8, "value": {"polymorphic_id": 1073741824, "ptr_wrapper": {"id": 2147483650, "data": {"local_path": "", "filename": "051560_13000.298602.jpg", "width": 1920, "height": 1080, "id_view": 8, "id_intrinsic": 0, "id_pose": 8}}}}, {"key": 7, "value": {"polymorphic_id": 1073741824, "ptr_wrapper": {"id": 2147483651, "data": {"local_path": "", "filename": "051559_13000.166016.jpg", "width": 1920, "height": 1080, "id_view": 7, "id_intrinsic": 0, "id_pose": 7}}}}, {"key": 6, "value": {"polymorphic_id": 1073741824, "ptr_wrapper": {"id": 2147483652, "data": {"local_path": "", "filename": "051558_13000.098406.jpg", "width": 1920, "height": 1080, "id_view": 6, "id_intrinsic": 0, "id_pose": 6}}}}, {"key": 5, "value": {"polymorphic_id": 1073741824, "ptr_wrapper": {"id": 2147483653, "data": {"local_path": "", "filename": "051557_12999.965820.jpg", "width": 1920, "height": 1080, "id_view": 5, "id_intrinsic": 0, "id_pose": 5}}}}, {"key": 4, "value": {"polymorphic_id": 1073741824, "ptr_wrapper": {"id": 2147483654, "data": {"local_path": "", "filename": "051556_12999.898211.jpg", "width": 1920, "height": 1080, "id_view": 4, "id_intrinsic": 0, "id_pose": 4}}}}, {"key": 3, "value": {"polymorphic_id": 1073741824, "ptr_wrapper": {"id": 2147483655, "data": {"local_path": "", "filename": "051555_12999.766602.jpg", "width": 1920, "height": 1080, "id_view": 3, "id_intrinsic": 0, "id_pose": 3}}}}, {"key": 2, "value": {"polymorphic_id": 1073741824, "ptr_wrapper": {"id": 2147483656, "data": {"local_path": "", "filename": "051554_12999.698016.jpg", "width": 1920, "height": 1080, "id_view": 2, "id_intrinsic": 0, "id_pose": 2}}}}, {"key": 1, "value": {"polymorphic_id": 1073741824, "ptr_wrapper": {"id": 2147483657, "data": {"local_path": "", "filename": "051553_12999.598406.jpg", "width": 1920, "height": 1080, "id_view": 1, "id_intrinsic": 0, "id_pose": 1}}}}, {"key": 0, "value": {"polymorphic_id": 1073741824, "ptr_wrapper": {"id": 2147483658, "data": {"local_path": "", "filename": "051552_12999.465820.jpg", "width": 1920, "height": 1080, "id_view": 0, "id_intrinsic": 0, "id_pose": 0}}}}], "intrinsics": [{"key": 0, "value": {"polymorphic_id": 2147483649, "polymorphic_name": "pinhole_radial_k3", "ptr_wrapper": {"id": 2147483659, "data": {"width": 1920, "height": 1080, "focal_length": 1739.13, "principal_point": [960.0, 540.0], "disto_k3": [0.0, 0.0, 0.0]}}}}], "extrinsics": [{"key": 0, "value": {"rotation": [[0.9999999985148772, 4.1884160714325204e-05, 3.487064672300903e-05], [-4.188839135494941e-05, 0.9999999917619609, 0.00012133194690915835], [-3.4865564548978244e-05, -0.00012133340740426218, 0.9999999920312984]], "center": [102655.2882747291, -59731.17478774908, 609.3316320919133]}}, {"key": 1, "value": {"rotation": [[0.9999987963934919, 0.001444751419361537, 0.0005656013640813824], [-0.001446095000026571, 0.999996116642551, 0.0023823326948179506], [-0.0005621572891068739, -0.0023831477407313976, 0.9999970022885211]], "center": [102655.51035399963, -59737.257115048415, 610.416064213826]}}, {"key": 2, "value": {"rotation": [[0.9999999676225324, -0.0001535736238416695, 0.00020290410372451978], [0.0001535089757657847, 0.9999999374673488, 0.0003185911057519883], [-0.00020295301822701708, -0.000318559947835654, 0.9999999286648138]], "center": [102655.39639733589, -59743.61510814905, 611.1255391297107]}}, {"key": 3, "value": {"rotation": [[0.9999982901064673, -0.0018486654606713197, -4.711852475650701e-05], [0.0018485671757984725, 0.9999962774888549, -0.0020069399168288955], [5.0828509863151585e-05, 0.0020068493834171043, 0.9999979849839775]], "center": [102655.5392601272, -59749.828377517224, 612.0925257481927]}}, {"key": 4, "value": {"rotation": [[0.9999941233893713, -0.0034156719811232875, 0.0002938905231560407], [0.003416893780429591, 0.9999850781537942, -0.004262429664303106], [-0.00027932707619099715, 0.004263408808364381, 0.9999908726192044]], "center": [102655.04476207006, -59755.87208753574, 612.4964158898031]}}, {"key": 5, "value": {"rotation": [[0.9999882888138596, -0.00478155586306263, 0.0007476353768740653], [0.0047855428890705405, 0.9999738323144195, -0.005425243374238057], [-0.0007216747087219662, 0.005428757679364513, 0.9999850037753937]], "center": [102655.02763650543, -59762.606848018644, 612.9340711825707]}}, {"key": 6, "value": {"rotation": [[0.9999791769313814, -0.006402191541211025, 0.0008109544416124985], [0.006407700574886382, 0.9999550863223413, -0.006983316649077552], [-0.0007662094878857958, 0.00698836758823756, 0.999975287515383]], "center": [102654.95018162196, -59769.18623845729, 613.601995957785]}}, {"key": 7, "value": {"rotation": [[0.9999700872142044, -0.007644599181231815, 0.001176766830656881], [0.007654355742379707, 0.9999343853094866, -0.008522670585423997], [-0.001111537216886209, 0.00853142304055213, 0.9999629889680514]], "center": [102654.29766249607, -59775.68422907707, 614.0885905076489]}}, {"key": 8, "value": {"rotation": [[0.9999617826401199, -0.00862397033724373, 0.0014354075432455415], [0.008638122330442777, 0.9999110368462953, -0.010163721541360414], [-0.0013476282117749533, 0.010175732336709218, 0.9999473177971003]], "center": [102654.1334272059, -59779.45307157747, 614.481535633737]}}, {"key": 9, "value": {"rotation": [[0.9999504841632156, -0.009935271957856703, 0.0005653254581023582], [0.009941418121970275, 0.99987650332503, -0.012171536642295915], [-0.00044432811560177475, 0.012176554095228167, 0.9999257642959765]], "center": [102653.88023129362, -59785.745394436475, 615.5943727839846]}}], "structure": [], "control_points": []}