{"sfm_data_version": "0.3", "root_path": "/mnt/ST8000/jialei/SFM_E/ex_sea_12/1-3/images", "views": [{"key": 9, "value": {"polymorphic_id": 1073741824, "ptr_wrapper": {"id": 2147483649, "data": {"local_path": "", "filename": "051561_13000.366211.jpg", "width": 1920, "height": 1080, "id_view": 9, "id_intrinsic": 0, "id_pose": 9}}}}, {"key": 8, "value": {"polymorphic_id": 1073741824, "ptr_wrapper": {"id": 2147483650, "data": {"local_path": "", "filename": "051560_13000.298602.jpg", "width": 1920, "height": 1080, "id_view": 8, "id_intrinsic": 0, "id_pose": 8}}}}, {"key": 7, "value": {"polymorphic_id": 1073741824, "ptr_wrapper": {"id": 2147483651, "data": {"local_path": "", "filename": "051559_13000.166016.jpg", "width": 1920, "height": 1080, "id_view": 7, "id_intrinsic": 0, "id_pose": 7}}}}, {"key": 6, "value": {"polymorphic_id": 1073741824, "ptr_wrapper": {"id": 2147483652, "data": {"local_path": "", "filename": "051558_13000.098406.jpg", "width": 1920, "height": 1080, "id_view": 6, "id_intrinsic": 0, "id_pose": 6}}}}, {"key": 5, "value": {"polymorphic_id": 1073741824, "ptr_wrapper": {"id": 2147483653, "data": {"local_path": "", "filename": "051557_12999.965820.jpg", "width": 1920, "height": 1080, "id_view": 5, "id_intrinsic": 0, "id_pose": 5}}}}, {"key": 4, "value": {"polymorphic_id": 1073741824, "ptr_wrapper": {"id": 2147483654, "data": {"local_path": "", "filename": "051556_12999.898211.jpg", "width": 1920, "height": 1080, "id_view": 4, "id_intrinsic": 0, "id_pose": 4}}}}, {"key": 3, "value": {"polymorphic_id": 1073741824, "ptr_wrapper": {"id": 2147483655, "data": {"local_path": "", "filename": "051555_12999.766602.jpg", "width": 1920, "height": 1080, "id_view": 3, "id_intrinsic": 0, "id_pose": 3}}}}, {"key": 2, "value": {"polymorphic_id": 1073741824, "ptr_wrapper": {"id": 2147483656, "data": {"local_path": "", "filename": "051554_12999.698016.jpg", "width": 1920, "height": 1080, "id_view": 2, "id_intrinsic": 0, "id_pose": 2}}}}, {"key": 1, "value": {"polymorphic_id": 1073741824, "ptr_wrapper": {"id": 2147483657, "data": {"local_path": "", "filename": "051553_12999.598406.jpg", "width": 1920, "height": 1080, "id_view": 1, "id_intrinsic": 0, "id_pose": 1}}}}, {"key": 0, "value": {"polymorphic_id": 1073741824, "ptr_wrapper": {"id": 2147483658, "data": {"local_path": "", "filename": "051552_12999.465820.jpg", "width": 1920, "height": 1080, "id_view": 0, "id_intrinsic": 0, "id_pose": 0}}}}], "intrinsics": [{"key": 0, "value": {"polymorphic_id": 2147483649, "polymorphic_name": "pinhole_radial_k3", "ptr_wrapper": {"id": 2147483659, "data": {"width": 1920, "height": 1080, "focal_length": 1739.13, "principal_point": [960.0, 540.0], "disto_k3": [0.0, 0.0, 0.0]}}}}], "extrinsics": [{"key": 0, "value": {"rotation": [[0.9999987996981744, -0.0012514634965791374, 0.0009134776008844928], [0.0012517639917284057, 0.9999991626001983, -0.00032845975606121653], [-0.0009130657805437334, 0.00032960282017838616, 0.9999995288363197]], "center": [-0.00013571817919988746, -0.0014960783896662661, 0.0016714143015774772]}}, {"key": 1, "value": {"rotation": [[0.9999989465456831, 0.00015164330260991572, 0.001443576057148195], [-0.00015443117046388477, 0.9999981230987182, 0.0019313078611276145], [-0.0014432804777960264, -0.001931528759723169, 0.9999970930648313]], "center": [0.0001928230902139533, -0.010866088746179328, 0.0033465861171605]}}, {"key": 2, "value": {"rotation": [[0.9999983683899742, -0.0014468452930542681, 0.001081598856974079], [0.0014469878476731446, 0.9999989445282293, -0.00013102898772029948], [-0.001081408136702886, 0.0001325938343341848, 0.9999994064874825]], "center": [3.6315133651503365e-06, -0.020660375642162793, 0.004443841671136361]}}, {"key": 3, "value": {"rotation": [[0.9999947173665392, -0.0031420461031305925, 0.0008323372521415705], [0.0031440811574682008, 0.9999920436659658, -0.00245506790948465], [-0.0008246166932304617, 0.0024576718761318856, 0.9999966399224843]], "center": [0.00021003125423467515, -0.03023203667264339, 0.00593806253156226]}}, {"key": 4, "value": {"rotation": [[0.9999882239052338, -0.004708892006660309, 0.0011740472417248232], [0.004714371773395636, 0.99997779894519, -0.0047091735490501765], [-0.0011518461869545846, 0.004714652988553233, 0.9999882225794259]], "center": [-0.0005643754255328793, -0.039541598883235156, 0.006563806750732943]}}, {"key": 5, "value": {"rotation": [[0.9999802238048329, -0.006074562471629917, 0.0016284010608921629], [0.006084025660388371, 0.9999642586535142, -0.005870779104239467], [-0.001592680445219797, 0.005880570236406015, 0.9999814409591282]], "center": [-0.0006047741024895071, -0.049916708406816876, 0.0072426939495804366]}}, {"key": 6, "value": {"rotation": [[0.9999689596248175, -0.007695156294574539, 0.0016924409775963137], [0.007707525166289877, 0.99994271211848, -0.007427417919380942], [-0.0016351888794833658, 0.007440231900969396, 0.999970984132334]], "center": [-0.000738116798302697, -0.060052177547323234, 0.008276140906588361]}}, {"key": 7, "value": {"rotation": [[0.999957941343725, -0.008937386071330102, 0.0020588039808353592], [0.008955503647163146, 0.9999197046660772, -0.008965666452072424], [-0.0019785090460132724, 0.008983726994748057, 0.9999576881804745]], "center": [-0.0017569850701654212, -0.0700612237532901, 0.00902939893499008]}}, {"key": 8, "value": {"rotation": [[0.9999481426119226, -0.009916628949039337, 0.002317877747739706], [0.009940679739180914, 0.9998943439219998, -0.010605841744801501], [-0.0022124586525921856, 0.010628333033915156, 0.9999410700454459]], "center": [-0.0020180462320154497, -0.07586683272829578, 0.009637152279268018]}}, {"key": 9, "value": {"rotation": [[0.999935911610453, -0.011228307038756909, 0.0014483759235624407], [0.011245692208102986, 0.999857219492321, -0.012612495226728028], [-0.0013065521547822125, 0.012627974902058818, 0.9999194103383235]], "center": [-0.002422161900769681, -0.0855593916340607, 0.01135558654892895]}}], "structure": [], "control_points": []}