{"sfm_data_version": "0.3", "root_path": "/mnt/ST8000/jialei/SFM_E/ex_sea_12/1-5/images", "views": [{"key": 9, "value": {"polymorphic_id": 1073741824, "ptr_wrapper": {"id": 2147483649, "data": {"local_path": "", "filename": "075418_15357.965820.jpg", "width": 1920, "height": 1080, "id_view": 9, "id_intrinsic": 0, "id_pose": 9}}}}, {"key": 8, "value": {"polymorphic_id": 1073741824, "ptr_wrapper": {"id": 2147483650, "data": {"local_path": "", "filename": "075417_15357.866211.jpg", "width": 1920, "height": 1080, "id_view": 8, "id_intrinsic": 0, "id_pose": 8}}}}, {"key": 7, "value": {"polymorphic_id": 1073741824, "ptr_wrapper": {"id": 2147483651, "data": {"local_path": "", "filename": "075416_15357.766602.jpg", "width": 1920, "height": 1080, "id_view": 7, "id_intrinsic": 0, "id_pose": 7}}}}, {"key": 6, "value": {"polymorphic_id": 1073741824, "ptr_wrapper": {"id": 2147483652, "data": {"local_path": "", "filename": "075415_15357.666016.jpg", "width": 1920, "height": 1080, "id_view": 6, "id_intrinsic": 0, "id_pose": 6}}}}, {"key": 5, "value": {"polymorphic_id": 1073741824, "ptr_wrapper": {"id": 2147483653, "data": {"local_path": "", "filename": "075414_15357.566406.jpg", "width": 1920, "height": 1080, "id_view": 5, "id_intrinsic": 0, "id_pose": 5}}}}, {"key": 4, "value": {"polymorphic_id": 1073741824, "ptr_wrapper": {"id": 2147483654, "data": {"local_path": "", "filename": "075413_15357.497820.jpg", "width": 1920, "height": 1080, "id_view": 4, "id_intrinsic": 0, "id_pose": 4}}}}, {"key": 3, "value": {"polymorphic_id": 1073741824, "ptr_wrapper": {"id": 2147483655, "data": {"local_path": "", "filename": "075412_15357.398211.jpg", "width": 1920, "height": 1080, "id_view": 3, "id_intrinsic": 0, "id_pose": 3}}}}, {"key": 2, "value": {"polymorphic_id": 1073741824, "ptr_wrapper": {"id": 2147483656, "data": {"local_path": "", "filename": "075411_15357.299602.jpg", "width": 1920, "height": 1080, "id_view": 2, "id_intrinsic": 0, "id_pose": 2}}}}, {"key": 1, "value": {"polymorphic_id": 1073741824, "ptr_wrapper": {"id": 2147483657, "data": {"local_path": "", "filename": "075410_15357.198016.jpg", "width": 1920, "height": 1080, "id_view": 1, "id_intrinsic": 0, "id_pose": 1}}}}, {"key": 0, "value": {"polymorphic_id": 1073741824, "ptr_wrapper": {"id": 2147483658, "data": {"local_path": "", "filename": "075409_15357.099406.jpg", "width": 1920, "height": 1080, "id_view": 0, "id_intrinsic": 0, "id_pose": 0}}}}], "intrinsics": [{"key": 0, "value": {"polymorphic_id": 2147483649, "polymorphic_name": "pinhole_radial_k3", "ptr_wrapper": {"id": 2147483659, "data": {"width": 1920, "height": 1080, "focal_length": 1739.13, "principal_point": [960.0, 540.0], "disto_k3": [0.0, 0.0, 0.0]}}}}], "extrinsics": [{"key": 0, "value": {"rotation": [[0.9999998500298822, -0.00046588593107971217, 0.00028790712432639174], [0.00046592136840144016, 0.999999883890302, -0.00012303113863661817], [-0.0002878497724210186, 0.0001231652622669353, 0.9999999509864121]], "center": [0.0002510898556332905, -0.00046918986564396955, 0.00016725822405652357]}}, {"key": 1, "value": {"rotation": [[0.9999995663812399, 1.4420083928847691e-05, 0.0009311441313674328], [-1.447769977364779e-05, 0.999999997981269, 6.186968716551938e-05], [-0.0009311432373216219, -6.188314116284098e-05, 0.9999995645712795]], "center": [-4.202147653360443e-05, -0.011706701541414335, 0.0007524242655075155]}}, {"key": 2, "value": {"rotation": [[0.9999987296380018, -0.0011096028068052113, 0.0011443356123916064], [0.0011098936927679973, 0.9999993519131661, -0.0002535926627139107], [-0.0011440534836324266, 0.0002548624314380631, 0.999999313093148]], "center": [0.0010331670943884703, -0.023223519581930103, 0.0014737499609305598]}}, {"key": 3, "value": {"rotation": [[0.9999987661428426, -0.0015708344994230057, -1.384805393016648e-05], [0.0015708247933301544, 0.9999985383975707, -0.0006750645828739829], [1.4908448425941613e-05, 0.0006750419970742889, 0.9999997720479944]], "center": [0.0011883132525053494, -0.03392101884817914, 0.0021811487026577943]}}, {"key": 4, "value": {"rotation": [[0.9999963643247631, -0.002098366074436567, 0.0016935752342462343], [0.0020968067097169854, 0.9999973766516048, 0.000922004084025637], [-0.0016955054934987923, -0.0009184496320036041, 0.9999981408539695]], "center": [0.0007031337164664178, -0.04678262569668507, 0.0016164321766962884]}}, {"key": 5, "value": {"rotation": [[0.9999949904609727, -0.0028613726266688414, 0.0013533660446741957], [0.0028601278720637663, 0.9999954858969254, 0.0009207900562091695], [-0.0013559946589021463, -0.0009169146435299551, 0.9999986602721137]], "center": [0.001229316199629149, -0.05831656173784436, 0.0022278385006348402]}}, {"key": 6, "value": {"rotation": [[0.9999917752699675, -0.0035105149147071015, 0.002031176371668696], [0.0035070876761968545, 0.9999924247487015, 0.001688425670332013], [-0.002037088228495417, -0.0016812882698653616, 0.9999965117645678]], "center": [0.0001448431213052631, -0.07041849893532992, 0.002257190540943884]}}, {"key": 7, "value": {"rotation": [[0.9999878885474061, -0.004735837369501811, 0.0013396279000020717], [0.004735425660444017, 0.9999887396542907, 0.000310336008318366], [-0.0013410825161941414, -0.0003039885413653454, 0.9999990545438792]], "center": [0.0013428127436777078, -0.0808161818340345, 0.0036621421574715715]}}, {"key": 8, "value": {"rotation": [[0.9999823888695228, -0.00584017170774975, 0.0010556255146404927], [0.005840532585978325, 0.9999828864476481, -0.0003391031445229275], [-0.0010536270285473645, 0.0003452625877501519, 0.9999993853317266]], "center": [0.0015581501391988047, -0.09151562189736749, 0.004536200821152961]}}, {"key": 9, "value": {"rotation": [[0.9999773423133332, -0.006731527916596784, -3.7307799828496444e-05], [0.006731474309894339, 0.9999765145396722, -0.0012874869725046471], [4.597367813527828e-05, 0.0012872066645322232, 0.9999991704923681]], "center": [0.0023952169902738602, -0.10220946009042721, 0.00581370375674643]}}], "structure": [], "control_points": []}