{"sfm_data_version": "0.3", "root_path": "/mnt/ST8000/jialei/SFM_E/ex_sea_12/1-5/images", "views": [{"key": 9, "value": {"polymorphic_id": 1073741824, "ptr_wrapper": {"id": 2147483649, "data": {"local_path": "", "filename": "075418_15357.965820.jpg", "width": 1920, "height": 1080, "id_view": 9, "id_intrinsic": 0, "id_pose": 9}}}}, {"key": 8, "value": {"polymorphic_id": 1073741824, "ptr_wrapper": {"id": 2147483650, "data": {"local_path": "", "filename": "075417_15357.866211.jpg", "width": 1920, "height": 1080, "id_view": 8, "id_intrinsic": 0, "id_pose": 8}}}}, {"key": 7, "value": {"polymorphic_id": 1073741824, "ptr_wrapper": {"id": 2147483651, "data": {"local_path": "", "filename": "075416_15357.766602.jpg", "width": 1920, "height": 1080, "id_view": 7, "id_intrinsic": 0, "id_pose": 7}}}}, {"key": 6, "value": {"polymorphic_id": 1073741824, "ptr_wrapper": {"id": 2147483652, "data": {"local_path": "", "filename": "075415_15357.666016.jpg", "width": 1920, "height": 1080, "id_view": 6, "id_intrinsic": 0, "id_pose": 6}}}}, {"key": 5, "value": {"polymorphic_id": 1073741824, "ptr_wrapper": {"id": 2147483653, "data": {"local_path": "", "filename": "075414_15357.566406.jpg", "width": 1920, "height": 1080, "id_view": 5, "id_intrinsic": 0, "id_pose": 5}}}}, {"key": 4, "value": {"polymorphic_id": 1073741824, "ptr_wrapper": {"id": 2147483654, "data": {"local_path": "", "filename": "075413_15357.497820.jpg", "width": 1920, "height": 1080, "id_view": 4, "id_intrinsic": 0, "id_pose": 4}}}}, {"key": 3, "value": {"polymorphic_id": 1073741824, "ptr_wrapper": {"id": 2147483655, "data": {"local_path": "", "filename": "075412_15357.398211.jpg", "width": 1920, "height": 1080, "id_view": 3, "id_intrinsic": 0, "id_pose": 3}}}}, {"key": 2, "value": {"polymorphic_id": 1073741824, "ptr_wrapper": {"id": 2147483656, "data": {"local_path": "", "filename": "075411_15357.299602.jpg", "width": 1920, "height": 1080, "id_view": 2, "id_intrinsic": 0, "id_pose": 2}}}}, {"key": 1, "value": {"polymorphic_id": 1073741824, "ptr_wrapper": {"id": 2147483657, "data": {"local_path": "", "filename": "075410_15357.198016.jpg", "width": 1920, "height": 1080, "id_view": 1, "id_intrinsic": 0, "id_pose": 1}}}}, {"key": 0, "value": {"polymorphic_id": 1073741824, "ptr_wrapper": {"id": 2147483658, "data": {"local_path": "", "filename": "075409_15357.099406.jpg", "width": 1920, "height": 1080, "id_view": 0, "id_intrinsic": 0, "id_pose": 0}}}}], "intrinsics": [{"key": 0, "value": {"polymorphic_id": 2147483649, "polymorphic_name": "pinhole_radial_k3", "ptr_wrapper": {"id": 2147483659, "data": {"width": 1920, "height": 1080, "focal_length": 1739.13, "principal_point": [960.0, 540.0], "disto_k3": [0.0, 0.0, 0.0]}}}}], "extrinsics": [{"key": 0, "value": {"rotation": [[1.0000000000000002, 9.339234040595208e-13, 3.2144793775391095e-13], [-9.339233243941197e-13, 1.0000000000000002, -2.9512268242341234e-13], [-3.2144822003739857e-13, 2.951226851779697e-13, 1.0]], "center": [102655.28827440464, -59731.17478745766, 609.3316321519351]}}, {"key": 1, "value": {"rotation": [[0.9999996777761015, 0.00048022668983513345, 0.0006432962144994978], [-0.0004803458159519, 0.9999998675142032, 0.00018503911325869698], [-0.0006432072685510246, -0.00018534805827969658, 0.9999997759652286]], "center": [102655.11189790431, -59738.06397218349, 609.6895662589376]}}, {"key": 2, "value": {"rotation": [[0.9999994260787872, -0.0006438226894361171, 0.000856349485356943], [0.0006439348851037893, 0.9999997841265262, -0.00013074695078103723], [-0.0008562651226403027, 0.0001312983090501087, 0.9999996247853268]], "center": [102655.77444929998, -59745.12400264258, 610.1307092953433]}}, {"key": 3, "value": {"rotation": [[0.999999344015651, -0.0011049118188371778, -0.00030189094242825433], [0.001104744950777144, 0.9999992372228448, -0.0005523516293923704], [0.0003025010119962283, 0.000552017754564067, 0.9999998018847489]], "center": [102655.87274041174, -59751.682018733845, 610.563538752857]}}, {"key": 4, "value": {"rotation": [[0.9999976795467997, -0.0016326545178883501, 0.0014054679798593574], [0.0016311871369702328, 0.9999981240540525, 0.0010445654123676777], [-0.0014071707577171363, -0.0010422704072122878, 0.9999984667702534]], "center": [102655.57887910678, -59759.56680873404, 610.216458767836]}}, {"key": 5, "value": {"rotation": [[0.9999965632085847, -0.002395619765316795, 0.001065165226526679], [0.0023945087161903974, 0.999996589096597, 0.0010431314299127982], [-0.0010676605396223219, -0.001040577297468512, 0.999998888649313]], "center": [102655.90485268911, -59766.63748175319, 610.5903122910671]}}, {"key": 6, "value": {"rotation": [[0.9999938455907434, -0.0030448468677856458, 0.001742896494011298], [0.0030416908572066872, 0.999993734938043, 0.0018105804021517659], [-0.001748398514723226, -0.0018052679067679885, 0.9999968420502233]], "center": [102655.24348769081, -59774.05677899331, 610.6075839091066]}}, {"key": 7, "value": {"rotation": [[0.9999903306275271, -0.004270085909219946, 0.0010511982578710046], [0.004269633612242289, 0.9999907917009155, 0.0004321367769987919], [-0.0010530338392854052, -0.000427644367092321, 0.9999993541198062]], "center": [102655.98110994468, -59780.430750070496, 611.4678806159452]}}, {"key": 8, "value": {"rotation": [[0.9999852636779911, -0.005374387740524645, 0.000767061453882352], [0.005374556120811503, 0.9999855332891229, -0.0002176211696995491], [-0.0007658807764795827, 0.00022174057759604554, 0.9999996821288262]], "center": [102656.11633072907, -59786.98995132785, 612.0028686992822]}}, {"key": 9, "value": {"rotation": [[0.9999803177295891, -0.0062656117323451384, -0.000325980138488978], [0.0062652276332348005, 0.9999796931714168, -0.0011662621933674735], [0.000333280864947914, 0.0011641968989081846, 0.9999992667844544]], "center": [102656.63276683682, -59793.5455712534, 612.7850754422933]}}], "structure": [], "control_points": []}