{"sfm_data_version": "0.3", "root_path": "/mnt/ST8000/jialei/SFM_E/ex_sea_12/6-1/images", "views": [{"key": 9, "value": {"polymorphic_id": 1073741824, "ptr_wrapper": {"id": 2147483649, "data": {"local_path": "", "filename": "104926_15025.847656.jpg", "width": 1920, "height": 1080, "id_view": 9, "id_intrinsic": 0, "id_pose": 9}}}}, {"key": 8, "value": {"polymorphic_id": 1073741824, "ptr_wrapper": {"id": 2147483650, "data": {"local_path": "", "filename": "104925_15025.748047.jpg", "width": 1920, "height": 1080, "id_view": 8, "id_intrinsic": 0, "id_pose": 8}}}}, {"key": 7, "value": {"polymorphic_id": 1073741824, "ptr_wrapper": {"id": 2147483651, "data": {"local_path": "", "filename": "104924_15025.647461.jpg", "width": 1920, "height": 1080, "id_view": 7, "id_intrinsic": 0, "id_pose": 7}}}}, {"key": 6, "value": {"polymorphic_id": 1073741824, "ptr_wrapper": {"id": 2147483652, "data": {"local_path": "", "filename": "104923_15025.547852.jpg", "width": 1920, "height": 1080, "id_view": 6, "id_intrinsic": 0, "id_pose": 6}}}}, {"key": 5, "value": {"polymorphic_id": 1073741824, "ptr_wrapper": {"id": 2147483653, "data": {"local_path": "", "filename": "104922_15025.447266.jpg", "width": 1920, "height": 1080, "id_view": 5, "id_intrinsic": 0, "id_pose": 5}}}}, {"key": 4, "value": {"polymorphic_id": 1073741824, "ptr_wrapper": {"id": 2147483654, "data": {"local_path": "", "filename": "104921_15025.347656.jpg", "width": 1920, "height": 1080, "id_view": 4, "id_intrinsic": 0, "id_pose": 4}}}}, {"key": 3, "value": {"polymorphic_id": 1073741824, "ptr_wrapper": {"id": 2147483655, "data": {"local_path": "", "filename": "104920_15025.280047.jpg", "width": 1920, "height": 1080, "id_view": 3, "id_intrinsic": 0, "id_pose": 3}}}}, {"key": 2, "value": {"polymorphic_id": 1073741824, "ptr_wrapper": {"id": 2147483656, "data": {"local_path": "", "filename": "104919_15025.248047.jpg", "width": 1920, "height": 1080, "id_view": 2, "id_intrinsic": 0, "id_pose": 2}}}}, {"key": 1, "value": {"polymorphic_id": 1073741824, "ptr_wrapper": {"id": 2147483657, "data": {"local_path": "", "filename": "104918_15025.147461.jpg", "width": 1920, "height": 1080, "id_view": 1, "id_intrinsic": 0, "id_pose": 1}}}}, {"key": 0, "value": {"polymorphic_id": 1073741824, "ptr_wrapper": {"id": 2147483658, "data": {"local_path": "", "filename": "104917_15025.047852.jpg", "width": 1920, "height": 1080, "id_view": 0, "id_intrinsic": 0, "id_pose": 0}}}}], "intrinsics": [{"key": 0, "value": {"polymorphic_id": 2147483649, "polymorphic_name": "pinhole_radial_k3", "ptr_wrapper": {"id": 2147483659, "data": {"width": 1920, "height": 1080, "focal_length": 1739.13, "principal_point": [960.0, 540.0], "disto_k3": [0.0, 0.0, 0.0]}}}}], "extrinsics": [{"key": 0, "value": {"rotation": [[0.9999999587445512, 0.00010698656296568181, 0.00026657976510933025], [-0.00010699310704448768, 0.9999999939752752, 2.4534155166320428e-05], [-0.00026657713867832375, -2.456267635149701e-05, 0.9999999641666514]], "center": [102655.28827493357, -59731.17478793528, 609.3316322726856]}}, {"key": 1, "value": {"rotation": [[0.9999993041181953, 0.001082587905125862, -0.0004687926539589548], [-0.0010821497712569569, 0.9999989784395585, 0.0009338477992437205], [0.0004698031473916265, -0.0009333398455327201, 0.9999994540807187]], "center": [102655.63739244847, -59737.23865598436, 609.4416413955852]}}, {"key": 2, "value": {"rotation": [[0.9999992238067054, 0.0010602969308876838, 0.0006543366143442416], [-0.0010621211494925512, 0.9999955330887975, 0.002793868485703764], [-0.0006513713612999796, -0.0027945613018787174, 0.9999958830627651]], "center": [102656.06889788996, -59744.71288546327, 609.0826672588963]}}, {"key": 3, "value": {"rotation": [[0.999998691787836, 0.0007464297253878677, 0.0014350140353342044], [-0.0007506949176391532, 0.9999952959008078, 0.0029739928373626466], [-0.0014327874082289242, -0.0029750662044920866, 0.9999945480357987]], "center": [102656.19802036337, -59751.16891017449, 608.9891424503309]}}, {"key": 4, "value": {"rotation": [[0.9999958579204478, -0.0004258392145915742, 0.0028465422727754026], [0.0004193175311662187, 0.9999972870688127, 0.0022912939188907324], [-0.002847510273104894, -0.0022900908230908345, 0.9999933235623456]], "center": [102656.76809243576, -59757.24592294114, 608.816956914072]}}, {"key": 5, "value": {"rotation": [[0.9999934758401406, -0.00046050028467818296, 0.0035827666183990497], [0.00045049294439735175, 0.9999959967166091, 0.0027934936661273215], [-0.0035840386801974486, -0.002791861429845026, 0.9999896800349967]], "center": [102656.81749771562, -59763.79572272143, 608.5847414230145]}}, {"key": 6, "value": {"rotation": [[0.9999889996481497, -0.001026033132029845, 0.004576880892644467], [0.0010121452302630962, 0.9999948801995917, 0.003035644352876228], [-0.004579972131610906, -0.003030978491555251, 0.9999849183986013]], "center": [102656.87781917937, -59770.09198955074, 608.4500800506913]}}, {"key": 7, "value": {"rotation": [[0.9999855007088084, -0.00095055198714236, 0.005300454987352518], [0.0009309931538505266, 0.999992753839046, 0.003691276357716375], [-0.005303925329479459, -0.0036862881495200455, 0.9999791396103108]], "center": [102656.94283661716, -59776.75679412747, 608.1604933168837]}}, {"key": 8, "value": {"rotation": [[0.9999797377612476, -0.001642326832557362, 0.0061503519835213495], [0.0016133472600692476, 0.9999875882554297, 0.004713856776329926], [-0.006158017340392103, -0.004703838609517391, 0.9999699759116625]], "center": [102657.86481290644, -59783.644047531416, 608.1064275365985]}}, {"key": 9, "value": {"rotation": [[0.9999744464224477, -0.00204973543257055, 0.006848728843768311], [0.00201631700320818, 0.9999860459979091, 0.0048828552313310725], [-0.006858641837971454, -0.004868921248493164, 0.9999646256933363]], "center": [102658.35342873361, -59790.245298860405, 608.0434021211344]}}], "structure": [], "control_points": []}