{"sfm_data_version": "0.3", "root_path": "/mnt/ST8000/jialei/SFM_E/ex_sea_12/6-1/images", "views": [{"key": 9, "value": {"polymorphic_id": 1073741824, "ptr_wrapper": {"id": 2147483649, "data": {"local_path": "", "filename": "104926_15025.847656.jpg", "width": 1920, "height": 1080, "id_view": 9, "id_intrinsic": 0, "id_pose": 9}}}}, {"key": 8, "value": {"polymorphic_id": 1073741824, "ptr_wrapper": {"id": 2147483650, "data": {"local_path": "", "filename": "104925_15025.748047.jpg", "width": 1920, "height": 1080, "id_view": 8, "id_intrinsic": 0, "id_pose": 8}}}}, {"key": 7, "value": {"polymorphic_id": 1073741824, "ptr_wrapper": {"id": 2147483651, "data": {"local_path": "", "filename": "104924_15025.647461.jpg", "width": 1920, "height": 1080, "id_view": 7, "id_intrinsic": 0, "id_pose": 7}}}}, {"key": 6, "value": {"polymorphic_id": 1073741824, "ptr_wrapper": {"id": 2147483652, "data": {"local_path": "", "filename": "104923_15025.547852.jpg", "width": 1920, "height": 1080, "id_view": 6, "id_intrinsic": 0, "id_pose": 6}}}}, {"key": 5, "value": {"polymorphic_id": 1073741824, "ptr_wrapper": {"id": 2147483653, "data": {"local_path": "", "filename": "104922_15025.447266.jpg", "width": 1920, "height": 1080, "id_view": 5, "id_intrinsic": 0, "id_pose": 5}}}}, {"key": 4, "value": {"polymorphic_id": 1073741824, "ptr_wrapper": {"id": 2147483654, "data": {"local_path": "", "filename": "104921_15025.347656.jpg", "width": 1920, "height": 1080, "id_view": 4, "id_intrinsic": 0, "id_pose": 4}}}}, {"key": 3, "value": {"polymorphic_id": 1073741824, "ptr_wrapper": {"id": 2147483655, "data": {"local_path": "", "filename": "104920_15025.280047.jpg", "width": 1920, "height": 1080, "id_view": 3, "id_intrinsic": 0, "id_pose": 3}}}}, {"key": 2, "value": {"polymorphic_id": 1073741824, "ptr_wrapper": {"id": 2147483656, "data": {"local_path": "", "filename": "104919_15025.248047.jpg", "width": 1920, "height": 1080, "id_view": 2, "id_intrinsic": 0, "id_pose": 2}}}}, {"key": 1, "value": {"polymorphic_id": 1073741824, "ptr_wrapper": {"id": 2147483657, "data": {"local_path": "", "filename": "104918_15025.147461.jpg", "width": 1920, "height": 1080, "id_view": 1, "id_intrinsic": 0, "id_pose": 1}}}}, {"key": 0, "value": {"polymorphic_id": 1073741824, "ptr_wrapper": {"id": 2147483658, "data": {"local_path": "", "filename": "104917_15025.047852.jpg", "width": 1920, "height": 1080, "id_view": 0, "id_intrinsic": 0, "id_pose": 0}}}}], "intrinsics": [{"key": 0, "value": {"polymorphic_id": 2147483649, "polymorphic_name": "pinhole_radial_k3", "ptr_wrapper": {"id": 2147483659, "data": {"width": 1920, "height": 1080, "focal_length": 1739.13, "principal_point": [960.0, 540.0], "disto_k3": [0.0, 0.0, 0.0]}}}}], "extrinsics": [{"key": 0, "value": {"rotation": [[0.9999989558226092, -0.0008052576795629624, 0.0011999640664803362], [0.0008060537189312006, 0.9999994553208252, -0.0006630501150130566], [-0.001199429486687872, 0.0006640166581694468, 0.9999990602249506]], "center": [0.00041316966744526883, -0.0016067082238523376, 0.0015563366517399458]}}, {"key": 1, "value": {"rotation": [[0.9999998779663511, 0.000169837439276221, 0.00046392081982042004], [-0.0001699512769777626, 0.999999955459148, 0.00024535334832165886], [-0.0004638791289726048, -0.00024543216231602045, 0.9999998622895943]], "center": [0.0009256516689005437, -0.01065458575151346, 0.001727180590189576]}}, {"key": 2, "value": {"rotation": [[0.9999987296128393, 0.00014831964330861263, 0.001587064583121719], [-0.00015166090155537977, 0.9999977721553732, 0.0021053938493706213], [-0.0015867487761236617, -0.002105631870350806, 0.9999965242653336]], "center": [0.0015597908324516616, -0.021807368472490866, 0.0011998456148199855]}}, {"key": 3, "value": {"rotation": [[0.9999971827723511, -0.0001650095032954274, 0.0023679567616897777], [0.00015959682298253544, 0.9999973747997115, 0.002285808946380376], [-0.0023683277255278795, -0.0022854245883601057, 0.9999945839144506]], "center": [0.001743781200643574, -0.031440267770850065, 0.0010671052679442543]}}, {"key": 4, "value": {"rotation": [[0.9999919618280726, -0.0013363034860327044, 0.0037802873218926794], [0.0013302469352447154, 0.999997828488322, 0.001604201275341178], [-0.0037824228127111537, -0.001599159664871241, 0.9999915679474661]], "center": [0.002586310358189805, -0.040508348325873966, 0.0008172255726633696]}}, {"key": 5, "value": {"rotation": [[0.9999888613295348, -0.001370455590201095, 0.004516532778153562], [0.001360952676653866, 0.9999968553738712, 0.002106430673142835], [-0.004519405345037976, -0.002100260422932086, 0.9999875818636363]], "center": [0.002651425030317835, -0.05028119740634803, 0.0004775387693990863]}}, {"key": 6, "value": {"rotation": [[0.999982941430693, -0.0019352996992113196, 0.005511031001028324], [0.0019223775791018952, 0.9999953930715378, 0.0023491062436161317], [-0.0055155518367094505, -0.0023384718887903633, 0.9999820549575686]], "center": [0.0027330366681174475, -0.0596756806249125, 0.0002831614552537998]}}, {"key": 7, "value": {"rotation": [[0.9999788364421197, -0.0018593173489181193, 0.006234549451280526], [0.0018406120369885352, 0.9999937920529682, 0.0030046635176573864], [-0.006240097370533821, -0.0029931245415219, 0.999976050908363]], "center": [0.0028213684275492385, -0.06962020128750186, -0.00014198565042991584]}}, {"key": 8, "value": {"rotation": [[0.9999716490513, -0.002550501469423608, 0.007084916081261147], [0.00252200695147165, 0.9999887077529619, 0.004027883749313068], [-0.00709510920005982, -0.0040099013473800125, 0.9999667895068433]], "center": [0.00418768335752575, -0.07989754857953862, -0.0002143050849224466]}}, {"key": 9, "value": {"rotation": [[0.9999653342575765, -0.0029574242573555186, 0.007783567620013736], [0.0029248172962588687, 0.9999869141434292, 0.0041972593063859176], [-0.007795878841851369, -0.004174348292074315, 0.9999608987802572]], "center": [0.0049078106917115885, -0.08974758944098565, -0.0003008895582757286]}}], "structure": [], "control_points": []}