{"sfm_data_version": "0.3", "root_path": "/mnt/ST8000/jialei/SFM_E/ex_sea_12/1-3/images", "views": [{"key": 9, "value": {"polymorphic_id": 1073741824, "ptr_wrapper": {"id": 2147483649, "data": {"local_path": "", "filename": "051561_13000.366211.jpg", "width": 1920, "height": 1080, "id_view": 9, "id_intrinsic": 0, "id_pose": 9}}}}, {"key": 8, "value": {"polymorphic_id": 1073741824, "ptr_wrapper": {"id": 2147483650, "data": {"local_path": "", "filename": "051560_13000.298602.jpg", "width": 1920, "height": 1080, "id_view": 8, "id_intrinsic": 0, "id_pose": 8}}}}, {"key": 7, "value": {"polymorphic_id": 1073741824, "ptr_wrapper": {"id": 2147483651, "data": {"local_path": "", "filename": "051559_13000.166016.jpg", "width": 1920, "height": 1080, "id_view": 7, "id_intrinsic": 0, "id_pose": 7}}}}, {"key": 6, "value": {"polymorphic_id": 1073741824, "ptr_wrapper": {"id": 2147483652, "data": {"local_path": "", "filename": "051558_13000.098406.jpg", "width": 1920, "height": 1080, "id_view": 6, "id_intrinsic": 0, "id_pose": 6}}}}, {"key": 5, "value": {"polymorphic_id": 1073741824, "ptr_wrapper": {"id": 2147483653, "data": {"local_path": "", "filename": "051557_12999.965820.jpg", "width": 1920, "height": 1080, "id_view": 5, "id_intrinsic": 0, "id_pose": 5}}}}, {"key": 4, "value": {"polymorphic_id": 1073741824, "ptr_wrapper": {"id": 2147483654, "data": {"local_path": "", "filename": "051556_12999.898211.jpg", "width": 1920, "height": 1080, "id_view": 4, "id_intrinsic": 0, "id_pose": 4}}}}, {"key": 3, "value": {"polymorphic_id": 1073741824, "ptr_wrapper": {"id": 2147483655, "data": {"local_path": "", "filename": "051555_12999.766602.jpg", "width": 1920, "height": 1080, "id_view": 3, "id_intrinsic": 0, "id_pose": 3}}}}, {"key": 2, "value": {"polymorphic_id": 1073741824, "ptr_wrapper": {"id": 2147483656, "data": {"local_path": "", "filename": "051554_12999.698016.jpg", "width": 1920, "height": 1080, "id_view": 2, "id_intrinsic": 0, "id_pose": 2}}}}, {"key": 1, "value": {"polymorphic_id": 1073741824, "ptr_wrapper": {"id": 2147483657, "data": {"local_path": "", "filename": "051553_12999.598406.jpg", "width": 1920, "height": 1080, "id_view": 1, "id_intrinsic": 0, "id_pose": 1}}}}, {"key": 0, "value": {"polymorphic_id": 1073741824, "ptr_wrapper": {"id": 2147483658, "data": {"local_path": "", "filename": "051552_12999.465820.jpg", "width": 1920, "height": 1080, "id_view": 0, "id_intrinsic": 0, "id_pose": 0}}}}], "intrinsics": [{"key": 0, "value": {"polymorphic_id": 2147483649, "polymorphic_name": "pinhole_radial_k3", "ptr_wrapper": {"id": 2147483659, "data": {"width": 1920, "height": 1080, "focal_length": 1739.13, "principal_point": [960.0, 540.0], "disto_k3": [0.0, 0.0, 0.0]}}}}], "extrinsics": [{"key": 0, "value": {"rotation": [[0.9999999544340984, -0.000266685579116009, 0.0001414588363938659], [0.00026668135723369315, 0.9999999639946171, 2.9863329023822953e-05], [-0.00014146679541978037, -2.982560322859119e-05, 0.9999999895487897]], "center": [102655.288274518, -59731.17478763313, 609.3316321009379]}}, {"key": 1, "value": {"rotation": [[0.9999991864630743, 0.0010681581765684827, 0.0006972168234532517], [-0.0010698679547275782, 0.9999964103867826, 0.0024565414934637282], [-0.0006945903458322043, -0.0024572854249134343, 0.9999967396409811]], "center": [102655.57340130467, -59736.737211115884, 610.3870784143377]}}, {"key": 2, "value": {"rotation": [[0.9999998369380952, -0.00047692666727358634, 0.00031410943424820475], [0.00047684954996468144, 0.99999985616227, 0.0002455401095394648], [-0.00031422649369357134, -0.00024539028655889294, 0.999999920522656]], "center": [102655.52423338624, -59742.57538504371, 611.0723699624344]}}, {"key": 3, "value": {"rotation": [[0.9999977734966689, -0.002109493294906582, 5.513386883690455e-05], [0.0021096120257920767, 0.999995242774319, -0.002250325716729961], [-5.038655954188839e-05, 0.002250437017444966, 0.9999974664940035]], "center": [102655.71492112306, -59748.263565573245, 612.0180206699525]}}, {"key": 4, "value": {"rotation": [[0.9999933772915794, -0.0036172875608552696, 0.00040075389329755843], [0.0036191093103608418, 0.999982675042939, -0.00464237673691933], [-0.00038395413863030975, 0.004643796363958198, 0.9999891438083465]], "center": [102655.25803519241, -59753.80860089832, 612.4140502580867]}}, {"key": 5, "value": {"rotation": [[0.9999873600707427, -0.004952242110341715, 0.0008689055342183979], [0.004957266638195552, 0.9999704309569772, -0.0058790066503264125], [-0.0008397655772125402, 0.0058832397365147565, 0.9999823409860688]], "center": [102655.24154551682, -59760.079458061395, 612.8567833532038]}}, {"key": 6, "value": {"rotation": [[0.9999782355702823, -0.006531250679445106, 0.000933354330962511], [0.006538106161827782, 0.9999501914252059, -0.007541076614779976], [-0.0008840551801494831, 0.0075470148572503865, 0.9999711300898556]], "center": [102655.19867484104, -59766.176104356084, 613.5144840921222]}}, {"key": 7, "value": {"rotation": [[0.9999690990619748, -0.007764436538308177, 0.0012306284675450629], [0.0077755340621244555, 0.9999266598797828, -0.009285253454231125], [-0.0011584434519178338, 0.009294535324756737, 0.9999561338488131]], "center": [102654.63075121508, -59772.132720598005, 614.0482990501308]}}, {"key": 8, "value": {"rotation": [[0.9999610191255573, -0.00869898031593374, 0.0015126039931404732], [0.008715130118526865, 0.9999012998288423, -0.011019850616414228], [-0.0014165932352707537, 0.01103260359361894, 0.9999381355471706]], "center": [102654.47190829215, -59775.57926720326, 614.421525567026]}}, {"key": 9, "value": {"rotation": [[0.9999502340594667, -0.00995824784917344, 0.0006022492775511839], [0.009965325084164534, 0.9998633924535384, -0.013186687501690313], [-0.00047085070330360826, 0.01319203286361671, 0.9999128704884944]], "center": [102654.33300594246, -59781.34134481237, 615.4969070210495]}}], "structure": [], "control_points": []}