{"sfm_data_version": "0.3", "root_path": "/mnt/ST8000/jialei/SFM_E/ex_sea_12/1-3/images", "views": [{"key": 9, "value": {"polymorphic_id": 1073741824, "ptr_wrapper": {"id": 2147483649, "data": {"local_path": "", "filename": "051561_13000.366211.jpg", "width": 1920, "height": 1080, "id_view": 9, "id_intrinsic": 0, "id_pose": 9}}}}, {"key": 8, "value": {"polymorphic_id": 1073741824, "ptr_wrapper": {"id": 2147483650, "data": {"local_path": "", "filename": "051560_13000.298602.jpg", "width": 1920, "height": 1080, "id_view": 8, "id_intrinsic": 0, "id_pose": 8}}}}, {"key": 7, "value": {"polymorphic_id": 1073741824, "ptr_wrapper": {"id": 2147483651, "data": {"local_path": "", "filename": "051559_13000.166016.jpg", "width": 1920, "height": 1080, "id_view": 7, "id_intrinsic": 0, "id_pose": 7}}}}, {"key": 6, "value": {"polymorphic_id": 1073741824, "ptr_wrapper": {"id": 2147483652, "data": {"local_path": "", "filename": "051558_13000.098406.jpg", "width": 1920, "height": 1080, "id_view": 6, "id_intrinsic": 0, "id_pose": 6}}}}, {"key": 5, "value": {"polymorphic_id": 1073741824, "ptr_wrapper": {"id": 2147483653, "data": {"local_path": "", "filename": "051557_12999.965820.jpg", "width": 1920, "height": 1080, "id_view": 5, "id_intrinsic": 0, "id_pose": 5}}}}, {"key": 4, "value": {"polymorphic_id": 1073741824, "ptr_wrapper": {"id": 2147483654, "data": {"local_path": "", "filename": "051556_12999.898211.jpg", "width": 1920, "height": 1080, "id_view": 4, "id_intrinsic": 0, "id_pose": 4}}}}, {"key": 3, "value": {"polymorphic_id": 1073741824, "ptr_wrapper": {"id": 2147483655, "data": {"local_path": "", "filename": "051555_12999.766602.jpg", "width": 1920, "height": 1080, "id_view": 3, "id_intrinsic": 0, "id_pose": 3}}}}, {"key": 2, "value": {"polymorphic_id": 1073741824, "ptr_wrapper": {"id": 2147483656, "data": {"local_path": "", "filename": "051554_12999.698016.jpg", "width": 1920, "height": 1080, "id_view": 2, "id_intrinsic": 0, "id_pose": 2}}}}, {"key": 1, "value": {"polymorphic_id": 1073741824, "ptr_wrapper": {"id": 2147483657, "data": {"local_path": "", "filename": "051553_12999.598406.jpg", "width": 1920, "height": 1080, "id_view": 1, "id_intrinsic": 0, "id_pose": 1}}}}, {"key": 0, "value": {"polymorphic_id": 1073741824, "ptr_wrapper": {"id": 2147483658, "data": {"local_path": "", "filename": "051552_12999.465820.jpg", "width": 1920, "height": 1080, "id_view": 0, "id_intrinsic": 0, "id_pose": 0}}}}], "intrinsics": [{"key": 0, "value": {"polymorphic_id": 2147483649, "polymorphic_name": "pinhole_radial_k3", "ptr_wrapper": {"id": 2147483659, "data": {"width": 1920, "height": 1080, "focal_length": 1739.13, "principal_point": [960.0, 540.0], "disto_k3": [0.0, 0.0, 0.0]}}}}], "extrinsics": [{"key": 0, "value": {"rotation": [[0.9999985445656862, -0.001405737526347495, 0.0009668342755980866], [0.0014060997055190135, 0.9999989414937137, -0.00037402549422503], [-0.0009663074705248818, 0.0003753844152457047, 0.9999994626680623]], "center": [-8.203841566966318e-05, -0.0015161321517730445, 0.0017757327770468762]}}, {"key": 1, "value": {"rotation": [[0.9999988391811866, -7.066876225128768e-05, 0.001522051971989336], [6.754612595066816e-05, 0.9999978932876951, 0.002051550070685519], [-0.001522193745967908, -0.002051444880493398, 0.9999967372447283]], "center": [0.0003432110473263403, -0.010027178749215385, 0.003394497670933403]}}, {"key": 2, "value": {"rotation": [[0.9999980451086092, -0.0016159083950894053, 0.0011395696638928793], [0.0016160896757741365, 0.9999986816164953, -0.00015817531615398665], [-0.0011393125646817902, 0.0001600166537070478, 0.9999993381805563]], "center": [0.0002569343130126551, -0.018959804766539304, 0.004446627665739995]}}, {"key": 3, "value": {"rotation": [[0.9999943350569613, -0.0032485763768841575, 0.0008812522396439242], [0.003250903886787405, 0.9999911973890871, -0.0026526907581521163], [-0.0008726270137912661, 0.0026555405971411617, 0.9999960933054849]], "center": [0.0005375995651870538, -0.027663178820455197, 0.005897350001855744]}}, {"key": 4, "value": {"rotation": [[0.9999879357404102, -0.004756224540155971, 0.0012274778032378324], [0.0047623583378054, 0.9999759412866811, -0.005043489950267335], [-0.0012034603010317717, 0.005049274793446044, 0.999986528162937]], "center": [-0.00017166042017905086, -0.03614673473774386, 0.006506176765535273]}}, {"key": 5, "value": {"rotation": [[0.9999800112858547, -0.006090981635474538, 0.0016961637477196018], [0.006101520371143927, 0.9999616720064237, -0.006279010055533753], [-0.0016578534022291481, 0.006289233723856135, 0.9999788483069347]], "center": [-0.00020838362475617288, -0.045741627521481296, 0.007187470678814282]}}, {"key": 6, "value": {"rotation": [[0.9999690344459026, -0.007669952551894012, 0.0017612430785279682], [0.007683706155696524, 0.9999389585206019, -0.007939766523407436], [-0.001700237937137226, 0.007953053538421758, 0.9999669285183246]], "center": [-0.00028544061584125915, -0.05506977667011465, 0.008197551046163636]}}, {"key": 7, "value": {"rotation": [[0.9999582476075475, -0.008903006691491041, 0.002059007890931547], [0.008922544627906445, 0.9999133109496782, -0.009682911907825711], [-0.001972622367984392, 0.009700879212883639, 0.9999509996512279]], "center": [-0.0011654936027904617, -0.06418282394475074, 0.009017321008836742]}}, {"key": 8, "value": {"rotation": [[0.99994887024415, -0.009837426368339428, 0.0023413542868360145], [0.00986354156601119, 0.9998861780178909, -0.011416722671125578], [-0.0022287766206053306, 0.011439232982211714, 0.9999320859456176]], "center": [-0.0014150231429784737, -0.0694559632238119, 0.009590334993555615]}}, {"key": 9, "value": {"rotation": [[0.9999374011915904, -0.01109704943404784, 0.0014314999362465585], [0.011115479323384995, 0.9998459688865398, -0.013582511577279405], [-0.00128055363830588, 0.013597573136182175, 0.9999067287438291]], "center": [-0.0016389643900468053, -0.07827175418037882, 0.011239191160820637]}}], "structure": [], "control_points": []}