{"sfm_data_version": "0.3", "root_path": "/mnt/ST8000/jialei/SFM_E/ex_sea_12/6-3/images", "views": [{"key": 9, "value": {"polymorphic_id": 1073741824, "ptr_wrapper": {"id": 2147483649, "data": {"local_path": "", "filename": "087511_13303.979266.jpg", "width": 1920, "height": 1080, "id_view": 9, "id_intrinsic": 0, "id_pose": 9}}}}, {"key": 8, "value": {"polymorphic_id": 1073741824, "ptr_wrapper": {"id": 2147483650, "data": {"local_path": "", "filename": "087510_13303.879656.jpg", "width": 1920, "height": 1080, "id_view": 8, "id_intrinsic": 0, "id_pose": 8}}}}, {"key": 7, "value": {"polymorphic_id": 1073741824, "ptr_wrapper": {"id": 2147483651, "data": {"local_path": "", "filename": "087509_13303.781047.jpg", "width": 1920, "height": 1080, "id_view": 7, "id_intrinsic": 0, "id_pose": 7}}}}, {"key": 6, "value": {"polymorphic_id": 1073741824, "ptr_wrapper": {"id": 2147483652, "data": {"local_path": "", "filename": "087508_13303.679461.jpg", "width": 1920, "height": 1080, "id_view": 6, "id_intrinsic": 0, "id_pose": 6}}}}, {"key": 5, "value": {"polymorphic_id": 1073741824, "ptr_wrapper": {"id": 2147483653, "data": {"local_path": "", "filename": "087507_13303.580852.jpg", "width": 1920, "height": 1080, "id_view": 5, "id_intrinsic": 0, "id_pose": 5}}}}, {"key": 4, "value": {"polymorphic_id": 1073741824, "ptr_wrapper": {"id": 2147483654, "data": {"local_path": "", "filename": "087506_13303.479266.jpg", "width": 1920, "height": 1080, "id_view": 4, "id_intrinsic": 0, "id_pose": 4}}}}, {"key": 3, "value": {"polymorphic_id": 1073741824, "ptr_wrapper": {"id": 2147483655, "data": {"local_path": "", "filename": "087505_13303.379656.jpg", "width": 1920, "height": 1080, "id_view": 3, "id_intrinsic": 0, "id_pose": 3}}}}, {"key": 2, "value": {"polymorphic_id": 1073741824, "ptr_wrapper": {"id": 2147483656, "data": {"local_path": "", "filename": "087504_13303.248047.jpg", "width": 1920, "height": 1080, "id_view": 2, "id_intrinsic": 0, "id_pose": 2}}}}, {"key": 1, "value": {"polymorphic_id": 1073741824, "ptr_wrapper": {"id": 2147483657, "data": {"local_path": "", "filename": "087503_13303.179461.jpg", "width": 1920, "height": 1080, "id_view": 1, "id_intrinsic": 0, "id_pose": 1}}}}, {"key": 0, "value": {"polymorphic_id": 1073741824, "ptr_wrapper": {"id": 2147483658, "data": {"local_path": "", "filename": "087502_13303.047852.jpg", "width": 1920, "height": 1080, "id_view": 0, "id_intrinsic": 0, "id_pose": 0}}}}], "intrinsics": [{"key": 0, "value": {"polymorphic_id": 2147483649, "polymorphic_name": "pinhole_radial_k3", "ptr_wrapper": {"id": 2147483659, "data": {"width": 1920, "height": 1080, "focal_length": 1739.13, "principal_point": [960.0, 540.0], "disto_k3": [0.0, 0.0, 0.0]}}}}], "extrinsics": [{"key": 0, "value": {"rotation": [[0.9999999470670049, 0.00032320118233204265, 3.750977658855129e-05], [-0.00032319718126675747, 0.9999999420874129, -0.00010662435309087516], [-3.7544235533247445e-05, 0.00010661222439286543, 0.999999993612132]], "center": [102655.28827440739, -59731.174787432385, 609.3316321672982]}}, {"key": 1, "value": {"rotation": [[0.9999998176669945, 0.0004545581030000595, -0.00039754610947272166], [-0.0004547260238545032, 0.9999998073990825, -0.0004224050674273964], [0.00039735402525882383, 0.00042258576497067064, 0.9999998317655109]], "center": [102653.93623173908, -59737.92847572921, 609.2457372141082]}}, {"key": 2, "value": {"rotation": [[0.9999999266660664, 0.00035418164799117934, -0.00014568192264729636], [-0.00035406175127252495, 0.9999995993074934, 0.0008222074730238646], [0.00014597307507143201, -0.0008221558323314985, 0.9999996513757637]], "center": [102653.26901695794, -59745.38435907229, 609.2858477830498]}}, {"key": 3, "value": {"rotation": [[0.9999996716257291, -0.0007915189095071838, -0.00017391449125179334], [0.0007914792144265582, 0.9999996607437415, -0.0002281952123111501], [0.00017409505307586993, 0.0002280574876728039, 0.9999999588403466]], "center": [102652.64938080127, -59751.63921338585, 609.7409345914559]}}, {"key": 4, "value": {"rotation": [[0.9999989705224729, -0.0014003430070547067, 0.0003130390670764268], [0.0014003336806128047, 0.9999990190819977, 3.001041481045841e-05], [-0.0003130807848852558, -2.9572024766426114e-05, 0.9999999505529578]], "center": [102651.80219385607, -59758.6431126747, 609.7612891235124]}}, {"key": 5, "value": {"rotation": [[0.9999985909200498, -0.0015641158472540911, 0.0006096716590833927], [0.0015630833049783469, 0.9999973496270783, 0.0016904169308056328], [-0.0006123140511360598, -0.0016894615812811952, 0.9999983853942307]], "center": [102651.17810650602, -59766.35216323776, 609.8009253879303]}}, {"key": 6, "value": {"rotation": [[0.999997482435448, -0.0018712997046793037, 0.0012382892155955963], [0.0018680871848325762, 0.9999948999949746, 0.0025904119961815152], [-0.001243130337517858, -0.0025880922424373187, 0.9999958781942596]], "center": [102650.02578043932, -59773.549603969, 609.6751816642139]}}, {"key": 7, "value": {"rotation": [[0.9999970866918851, -0.00188792193133372, 0.0015041138667901575], [0.001881363089213504, 0.9999887682779374, 0.004350148376754027], [-0.001512309713526346, -0.004347305919120491, 0.9999894068691807]], "center": [102649.5558033748, -59781.334665515846, 609.6588656468465]}}, {"key": 8, "value": {"rotation": [[0.9999950049840295, -0.0018140065331091117, 0.00258831746306737], [0.0017987167871058045, 0.9999809926750056, 0.005897364379919013], [-0.0025989661235895026, -0.005892679272418581, 0.9999792606379797]], "center": [102647.83430874701, -59788.79975974829, 609.262403670672]}}, {"key": 9, "value": {"rotation": [[0.9999926796068803, -0.002148640192926577, 0.0031660824331128145], [0.002124112159725712, 0.9999678653506884, 0.007730227261852607], [-0.003182590169159435, -0.007723445559355312, 0.9999651091455674]], "center": [102647.14974714885, -59796.73811392453, 609.0053437467346]}}], "structure": [], "control_points": []}