{"sfm_data_version": "0.3", "root_path": "/mnt/ST8000/jialei/SFM_E/ex_sea_12/6-3/images", "views": [{"key": 9, "value": {"polymorphic_id": 1073741824, "ptr_wrapper": {"id": 2147483649, "data": {"local_path": "", "filename": "087511_13303.979266.jpg", "width": 1920, "height": 1080, "id_view": 9, "id_intrinsic": 0, "id_pose": 9}}}}, {"key": 8, "value": {"polymorphic_id": 1073741824, "ptr_wrapper": {"id": 2147483650, "data": {"local_path": "", "filename": "087510_13303.879656.jpg", "width": 1920, "height": 1080, "id_view": 8, "id_intrinsic": 0, "id_pose": 8}}}}, {"key": 7, "value": {"polymorphic_id": 1073741824, "ptr_wrapper": {"id": 2147483651, "data": {"local_path": "", "filename": "087509_13303.781047.jpg", "width": 1920, "height": 1080, "id_view": 7, "id_intrinsic": 0, "id_pose": 7}}}}, {"key": 6, "value": {"polymorphic_id": 1073741824, "ptr_wrapper": {"id": 2147483652, "data": {"local_path": "", "filename": "087508_13303.679461.jpg", "width": 1920, "height": 1080, "id_view": 6, "id_intrinsic": 0, "id_pose": 6}}}}, {"key": 5, "value": {"polymorphic_id": 1073741824, "ptr_wrapper": {"id": 2147483653, "data": {"local_path": "", "filename": "087507_13303.580852.jpg", "width": 1920, "height": 1080, "id_view": 5, "id_intrinsic": 0, "id_pose": 5}}}}, {"key": 4, "value": {"polymorphic_id": 1073741824, "ptr_wrapper": {"id": 2147483654, "data": {"local_path": "", "filename": "087506_13303.479266.jpg", "width": 1920, "height": 1080, "id_view": 4, "id_intrinsic": 0, "id_pose": 4}}}}, {"key": 3, "value": {"polymorphic_id": 1073741824, "ptr_wrapper": {"id": 2147483655, "data": {"local_path": "", "filename": "087505_13303.379656.jpg", "width": 1920, "height": 1080, "id_view": 3, "id_intrinsic": 0, "id_pose": 3}}}}, {"key": 2, "value": {"polymorphic_id": 1073741824, "ptr_wrapper": {"id": 2147483656, "data": {"local_path": "", "filename": "087504_13303.248047.jpg", "width": 1920, "height": 1080, "id_view": 2, "id_intrinsic": 0, "id_pose": 2}}}}, {"key": 1, "value": {"polymorphic_id": 1073741824, "ptr_wrapper": {"id": 2147483657, "data": {"local_path": "", "filename": "087503_13303.179461.jpg", "width": 1920, "height": 1080, "id_view": 1, "id_intrinsic": 0, "id_pose": 1}}}}, {"key": 0, "value": {"polymorphic_id": 1073741824, "ptr_wrapper": {"id": 2147483658, "data": {"local_path": "", "filename": "087502_13303.047852.jpg", "width": 1920, "height": 1080, "id_view": 0, "id_intrinsic": 0, "id_pose": 0}}}}], "intrinsics": [{"key": 0, "value": {"polymorphic_id": 2147483649, "polymorphic_name": "pinhole_radial_k3", "ptr_wrapper": {"id": 2147483659, "data": {"width": 1920, "height": 1080, "focal_length": 1739.13, "principal_point": [960.0, 540.0], "disto_k3": [0.0, 0.0, 0.0]}}}}], "extrinsics": [{"key": 0, "value": {"rotation": [[0.9999999750562008, -1.7889976899872388e-05, 0.00022263770230552795], [1.7893279431065526e-05, 0.999999999729926, -1.4831673440716137e-05], [-0.00022263743690710387, 1.4835656789379747e-05, 0.9999999751062372]], "center": [0.00016267725943723034, -1.5975030093520814e-05, 0.0001607734703384262]}}, {"key": 1, "value": {"rotation": [[0.9999999709999072, 0.00011350691321502398, -0.0002124061329570649], [-0.00011357713884352889, 0.9999999388897882, -0.0003306367391655756], [0.00021236859042121807, 0.0003306608540579367, 0.9999999227814877]], "center": [-0.0020400397130763263, -0.010999581742228192, 1.9655766335452185e-05]}}, {"key": 2, "value": {"rotation": [[0.9999999991359935, 1.3107308835306365e-05, 3.9448848837889896e-05], [-1.3143359397185384e-05, 0.9999995822206678, 0.0009139943883812055], [-3.943685235024964e-05, -0.0009139949060819074, 0.9999995815289358]], "center": [-0.0031293627569220304, -0.0231256549725822, 8.357790582427029e-05]}}, {"key": 3, "value": {"rotation": [[0.9999993585574483, -0.0011325904987500115, 1.1110998161366753e-05], [0.001132592001590548, 0.9999993493427606, -0.00013619623125810492], [-1.095673637437384e-05, 0.00013620872812370035, 0.9999999906635662]], "center": [-0.004140761429686527, -0.03329843253617238, 0.0008226216788790008]}}, {"key": 4, "value": {"rotation": [[0.9999983596526717, -0.0017414590163385972, 0.0004980084943015425], [0.001741398401581229, 0.9999984763077476, 0.00012212202930867824], [-0.0004982204059988576, -0.00012125459779017064, 0.9999998685368663]], "center": [-0.005522539076741271, -0.044689284671150374, 0.0008544254407352731]}}, {"key": 5, "value": {"rotation": [[0.9999978692766938, -0.0019052589445615834, 0.0007946259667661439], [0.0019038400539488616, 0.9999965989333712, 0.0017825584811825854], [-0.0007980194996807467, -0.0017810418423002444, 0.9999980955256036]], "center": [-0.006541858871643121, -0.05722713933018938, 0.0009175513217914621]}}, {"key": 6, "value": {"rotation": [[0.9999965396450605, -0.0022125001051411072, 0.0014232150890722704], [0.0022086764596408086, 0.9999939626583664, 0.0026826097580237604], [-0.0014291417710082712, -0.002679457053577582, 0.9999953890212175]], "center": [-0.008419985875126376, -0.06893258107787366, 0.0007116163977997061]}}, {"key": 7, "value": {"rotation": [[0.9999960890201698, -0.0022291465956518876, 0.0016890381345470954], [0.0022216244924375354, 0.9999876648883745, 0.00444234799516053], [-0.00169891994498334, -0.004438578212738734, 0.9999887062834608]], "center": [-0.009188682122339612, -0.08159413906504716, 0.0006837751071328515]}}, {"key": 8, "value": {"rotation": [[0.9999938318047058, -0.002155330010355627, 0.002773248111671586], [0.0021386891090929365, 0.999979775457588, 0.005989547953399351], [-0.0027861014764500014, -0.005983579893164613, 0.999978216967862]], "center": [-0.01199258622888405, -0.09373454307804452, 3.73258147991787e-05]}}, {"key": 9, "value": {"rotation": [[0.9999912853326104, -0.0024900158888211603, 0.003350981902018794], [0.0024637406627513307, 0.9999663689084014, 0.007822469820539156], [-0.0033703472789824948, -0.007814145699944392, 0.9999637892874914]], "center": [-0.013110300735918809, -0.1066452650957106, -0.0003821549758854283]}}], "structure": [], "control_points": []}