{"sfm_data_version": "0.3", "root_path": "/mnt/ST8000/jialei/SFM_E/ex_sea_12/1-5/images", "views": [{"key": 9, "value": {"polymorphic_id": 1073741824, "ptr_wrapper": {"id": 2147483649, "data": {"local_path": "", "filename": "075418_15357.965820.jpg", "width": 1920, "height": 1080, "id_view": 9, "id_intrinsic": 0, "id_pose": 9}}}}, {"key": 8, "value": {"polymorphic_id": 1073741824, "ptr_wrapper": {"id": 2147483650, "data": {"local_path": "", "filename": "075417_15357.866211.jpg", "width": 1920, "height": 1080, "id_view": 8, "id_intrinsic": 0, "id_pose": 8}}}}, {"key": 7, "value": {"polymorphic_id": 1073741824, "ptr_wrapper": {"id": 2147483651, "data": {"local_path": "", "filename": "075416_15357.766602.jpg", "width": 1920, "height": 1080, "id_view": 7, "id_intrinsic": 0, "id_pose": 7}}}}, {"key": 6, "value": {"polymorphic_id": 1073741824, "ptr_wrapper": {"id": 2147483652, "data": {"local_path": "", "filename": "075415_15357.666016.jpg", "width": 1920, "height": 1080, "id_view": 6, "id_intrinsic": 0, "id_pose": 6}}}}, {"key": 5, "value": {"polymorphic_id": 1073741824, "ptr_wrapper": {"id": 2147483653, "data": {"local_path": "", "filename": "075414_15357.566406.jpg", "width": 1920, "height": 1080, "id_view": 5, "id_intrinsic": 0, "id_pose": 5}}}}, {"key": 4, "value": {"polymorphic_id": 1073741824, "ptr_wrapper": {"id": 2147483654, "data": {"local_path": "", "filename": "075413_15357.497820.jpg", "width": 1920, "height": 1080, "id_view": 4, "id_intrinsic": 0, "id_pose": 4}}}}, {"key": 3, "value": {"polymorphic_id": 1073741824, "ptr_wrapper": {"id": 2147483655, "data": {"local_path": "", "filename": "075412_15357.398211.jpg", "width": 1920, "height": 1080, "id_view": 3, "id_intrinsic": 0, "id_pose": 3}}}}, {"key": 2, "value": {"polymorphic_id": 1073741824, "ptr_wrapper": {"id": 2147483656, "data": {"local_path": "", "filename": "075411_15357.299602.jpg", "width": 1920, "height": 1080, "id_view": 2, "id_intrinsic": 0, "id_pose": 2}}}}, {"key": 1, "value": {"polymorphic_id": 1073741824, "ptr_wrapper": {"id": 2147483657, "data": {"local_path": "", "filename": "075410_15357.198016.jpg", "width": 1920, "height": 1080, "id_view": 1, "id_intrinsic": 0, "id_pose": 1}}}}, {"key": 0, "value": {"polymorphic_id": 1073741824, "ptr_wrapper": {"id": 2147483658, "data": {"local_path": "", "filename": "075409_15357.099406.jpg", "width": 1920, "height": 1080, "id_view": 0, "id_intrinsic": 0, "id_pose": 0}}}}], "intrinsics": [{"key": 0, "value": {"polymorphic_id": 2147483649, "polymorphic_name": "pinhole_radial_k3", "ptr_wrapper": {"id": 2147483659, "data": {"width": 1920, "height": 1080, "focal_length": 1739.13, "principal_point": [960.0, 540.0], "disto_k3": [0.0, 0.0, 0.0]}}}}], "extrinsics": [{"key": 0, "value": {"rotation": [[0.9999998928037921, -0.0003404534029866001, 0.0003138214219731726], [0.000340503085489688, 0.9999999295033756, -0.00015827473781200723], [-0.0003137675146767469, 0.0001583815780079902, 0.9999999382326094]], "center": [0.00020942230395571253, -0.0005056450489744021, 0.000304037266067048]}}, {"key": 1, "value": {"rotation": [[0.999999545258755, 0.00018299300973305242, 0.00093594649506921], [-0.00018303565932187865, 0.999999982214624, 4.548295205381311e-05], [-0.0009359381553607616, -4.565424295466165e-05, 0.9999995609676333]], "center": [-0.00028275727536621054, -0.011688814985835416, 0.0011579729615665698]}}, {"key": 2, "value": {"rotation": [[0.9999988366532215, -0.0010252240135452365, 0.0011294281408698323], [0.0010255687786371907, 0.9999994276771949, -0.0003047194827576919], [-0.001129115088741244, 0.00030587743450221093, 0.9999993157688217]], "center": [0.0005635670889039638, -0.0232336608918674, 0.0018667582421823216]}}, {"key": 3, "value": {"rotation": [[0.9999987581541004, -0.0015756870609899005, 3.0009036476206184e-05], [0.001575709628787411, 0.9999984640598567, -0.0007674744902819892], [-2.8799690760157166e-05, 0.0007675208227246227, 0.9999997050411388]], "center": [0.0004442238585281969, -0.03393924178843788, 0.0030736036049741153]}}, {"key": 4, "value": {"rotation": [[0.999996972032376, -0.0018033192614426688, 0.0016745046192788813], [0.001802012282937617, 0.9999980708485194, 0.0007816974935942239], [-0.0016759110390526448, -0.0007786776487477894, 0.9999982924901966]], "center": [0.00012856840649999747, -0.04659485815750558, 0.0017151626578806411]}}, {"key": 5, "value": {"rotation": [[0.9999995177870017, -0.0006170309204969992, 0.0007640017058471713], [0.0006250350600440115, 0.9999444567400594, -0.01052106296914969], [-0.0007574674495333389, 0.010521535423608406, 0.9999443602198038]], "center": [0.0018518785856638412, -0.04830370748095559, 0.013516990640865551]}}, {"key": 6, "value": {"rotation": [[0.9999983971266212, -0.0011149401867162692, 0.0014009470253614842], [0.0011285319023123614, 0.999951940305265, -0.009738762523046259], [-0.001390021558569248, 0.009740327926454578, 0.9999515957544907]], "center": [0.0007677672365730183, -0.06024576004962882, 0.013246931288163481]}}, {"key": 7, "value": {"rotation": [[0.9999995934927658, 0.0005420281429406199, 0.0007205690771854344], [-0.0005266073357528153, 0.9997744475178642, -0.021231504305217922], [-0.000731914623891919, 0.021231116217495818, 0.999774326538316]], "center": [0.0033987639093596284, -0.06159354245235342, 0.025866001332315366]}}, {"key": 8, "value": {"rotation": [[0.9999996519928227, -0.0006952459100525079, 0.0004611370268882213], [0.0007051768289131543, 0.9997599819459327, -0.021897059736579013], [-0.00044580250445234017, 0.021897377299391268, 0.9997601242935908]], "center": [0.0033096009944738724, -0.07227571225638385, 0.02692020316680825]}}, {"key": 9, "value": {"rotation": [[0.999998323824453, -0.0017521445169674423, -0.0005313547552044392], [0.0017395473018590433, 0.9997374494020284, -0.022847455838902287], [0.0005712472921705066, 0.02284649322582462, 0.9997388216048302]], "center": [0.0037118660037766074, -0.08302456755250812, 0.028717434276643413]}}], "structure": [], "control_points": []}