{"sfm_data_version": "0.3", "root_path": "/mnt/ST8000/jialei/SFM_E/ex_sea_12/1-5/images", "views": [{"key": 9, "value": {"polymorphic_id": 1073741824, "ptr_wrapper": {"id": 2147483649, "data": {"local_path": "", "filename": "075418_15357.965820.jpg", "width": 1920, "height": 1080, "id_view": 9, "id_intrinsic": 0, "id_pose": 9}}}}, {"key": 8, "value": {"polymorphic_id": 1073741824, "ptr_wrapper": {"id": 2147483650, "data": {"local_path": "", "filename": "075417_15357.866211.jpg", "width": 1920, "height": 1080, "id_view": 8, "id_intrinsic": 0, "id_pose": 8}}}}, {"key": 7, "value": {"polymorphic_id": 1073741824, "ptr_wrapper": {"id": 2147483651, "data": {"local_path": "", "filename": "075416_15357.766602.jpg", "width": 1920, "height": 1080, "id_view": 7, "id_intrinsic": 0, "id_pose": 7}}}}, {"key": 6, "value": {"polymorphic_id": 1073741824, "ptr_wrapper": {"id": 2147483652, "data": {"local_path": "", "filename": "075415_15357.666016.jpg", "width": 1920, "height": 1080, "id_view": 6, "id_intrinsic": 0, "id_pose": 6}}}}, {"key": 5, "value": {"polymorphic_id": 1073741824, "ptr_wrapper": {"id": 2147483653, "data": {"local_path": "", "filename": "075414_15357.566406.jpg", "width": 1920, "height": 1080, "id_view": 5, "id_intrinsic": 0, "id_pose": 5}}}}, {"key": 4, "value": {"polymorphic_id": 1073741824, "ptr_wrapper": {"id": 2147483654, "data": {"local_path": "", "filename": "075413_15357.497820.jpg", "width": 1920, "height": 1080, "id_view": 4, "id_intrinsic": 0, "id_pose": 4}}}}, {"key": 3, "value": {"polymorphic_id": 1073741824, "ptr_wrapper": {"id": 2147483655, "data": {"local_path": "", "filename": "075412_15357.398211.jpg", "width": 1920, "height": 1080, "id_view": 3, "id_intrinsic": 0, "id_pose": 3}}}}, {"key": 2, "value": {"polymorphic_id": 1073741824, "ptr_wrapper": {"id": 2147483656, "data": {"local_path": "", "filename": "075411_15357.299602.jpg", "width": 1920, "height": 1080, "id_view": 2, "id_intrinsic": 0, "id_pose": 2}}}}, {"key": 1, "value": {"polymorphic_id": 1073741824, "ptr_wrapper": {"id": 2147483657, "data": {"local_path": "", "filename": "075410_15357.198016.jpg", "width": 1920, "height": 1080, "id_view": 1, "id_intrinsic": 0, "id_pose": 1}}}}, {"key": 0, "value": {"polymorphic_id": 1073741824, "ptr_wrapper": {"id": 2147483658, "data": {"local_path": "", "filename": "075409_15357.099406.jpg", "width": 1920, "height": 1080, "id_view": 0, "id_intrinsic": 0, "id_pose": 0}}}}], "intrinsics": [{"key": 0, "value": {"polymorphic_id": 2147483649, "polymorphic_name": "pinhole_radial_k3", "ptr_wrapper": {"id": 2147483659, "data": {"width": 1920, "height": 1080, "focal_length": 1739.13, "principal_point": [960.0, 540.0], "disto_k3": [0.0, 0.0, 0.0]}}}}], "extrinsics": [{"key": 0, "value": {"rotation": [[0.9999999671868658, 0.00025086653468577583, 5.188689077842346e-05], [-0.0002508628831198497, 0.9999999660579353, -7.037004030301839e-05], [-5.190454250543188e-05, 7.035702149894006e-05, 0.999999996177904]], "center": [102655.28827451653, -59731.174787456905, 609.3316321826535]}}, {"key": 1, "value": {"rotation": [[0.9999994730849796, 0.00077425800150685, 0.0006740580912317924], [-0.0007743481739393186, 0.999999691277974, 0.0001335247636239852], [-0.0006739545005185571, -0.00013404664891982382, 0.9999997639083856]], "center": [102654.9892126901, -59738.06593205113, 609.8572890270576]}}, {"key": 2, "value": {"rotation": [[0.9999995296116847, -0.0004339762201225478, 0.0008674335995344318], [0.0004341646013288885, 0.9999998822072915, -0.00021699424566589114], [-0.0008673393270145478, 0.00021737075255725188, 0.9999996002361441]], "center": [102655.5150273348, -59745.179440936336, 610.2932705028835]}}, {"key": 3, "value": {"rotation": [[0.999999488614788, -0.0009843426437561242, -0.00023203387971445575], [0.000984184684513486, 0.9999992845624768, -0.000679893404733477], [0.00023270296178020742, 0.0006796646928553371, 0.9999997419525851]], "center": [102655.44558519663, -59751.77618482887, 611.0363512984571]}}, {"key": 4, "value": {"rotation": [[0.9999982678843642, -0.001212120310576535, 0.0014124420778739717], [0.0012108933396406342, 0.9999988890970206, 0.0008692192157092907], [-0.0014134941070535526, -0.0008675073934163748, 0.9999986247317202]], "center": [102655.25547456289, -59759.5744470604, 610.1986628694804]}}, {"key": 5, "value": {"rotation": [[0.9999998736448963, -2.575069854496512e-05, 0.000502042918560294], [3.0987233789602125e-05, 0.9999455718186367, -0.01043323727760244], [-0.000501746930129238, 0.010433251516230943, 0.9999454462683538]], "center": [102656.31988273397, -59760.62742788568, 617.4704209336653]}}, {"key": 6, "value": {"rotation": [[0.9999992142627032, -0.0005237164871179539, 0.0011389446943027514], [0.0005346844742873831, 0.9999532844076275, -0.00965106807098408], [-0.0011338370643595578, 0.00965166946382504, 0.9999527787301123]], "center": [102655.65617559908, -59767.986340611555, 617.30354141652]}}, {"key": 7, "value": {"rotation": [[0.9999992525931862, 0.0011333120176109618, 0.00045871226182928146], [-0.001123360061092093, 0.9997758224002923, -0.021143391544211215], [-0.0004825714885455569, 0.021142860442461834, 0.9997763482784886]], "center": [102657.27988832675, -59768.81655034253, 625.0787462202738]}}, {"key": 8, "value": {"rotation": [[0.9999999747637325, -0.00010393899143398175, 0.0001991713335719347], [0.00010825805317863008, 0.9997621437051551, -0.021809270832976804], [-0.00019685712580218387, 0.021809291844492963, 0.9997621297271241]], "center": [102657.22900972383, -59775.39884937547, 625.7277665105371]}}, {"key": 9, "value": {"rotation": [[0.999999011575907, -0.0011607510154124446, -0.0007934130633914523], [0.0011423926713276123, 0.9997403063195087, -0.02275993978812489], [0.000819625642252676, 0.022759010902383005, 0.9997406441855571]], "center": [102657.48108662809, -59782.022100262395, 626.8345485962726]}}], "structure": [], "control_points": []}