{"sfm_data_version": "0.3", "root_path": "/mnt/ST8000/jialei/SFM_E/ex_sea_12/6-3/images", "views": [{"key": 9, "value": {"polymorphic_id": 1073741824, "ptr_wrapper": {"id": 2147483649, "data": {"local_path": "", "filename": "087511_13303.979266.jpg", "width": 1920, "height": 1080, "id_view": 9, "id_intrinsic": 0, "id_pose": 9}}}}, {"key": 8, "value": {"polymorphic_id": 1073741824, "ptr_wrapper": {"id": 2147483650, "data": {"local_path": "", "filename": "087510_13303.879656.jpg", "width": 1920, "height": 1080, "id_view": 8, "id_intrinsic": 0, "id_pose": 8}}}}, {"key": 7, "value": {"polymorphic_id": 1073741824, "ptr_wrapper": {"id": 2147483651, "data": {"local_path": "", "filename": "087509_13303.781047.jpg", "width": 1920, "height": 1080, "id_view": 7, "id_intrinsic": 0, "id_pose": 7}}}}, {"key": 6, "value": {"polymorphic_id": 1073741824, "ptr_wrapper": {"id": 2147483652, "data": {"local_path": "", "filename": "087508_13303.679461.jpg", "width": 1920, "height": 1080, "id_view": 6, "id_intrinsic": 0, "id_pose": 6}}}}, {"key": 5, "value": {"polymorphic_id": 1073741824, "ptr_wrapper": {"id": 2147483653, "data": {"local_path": "", "filename": "087507_13303.580852.jpg", "width": 1920, "height": 1080, "id_view": 5, "id_intrinsic": 0, "id_pose": 5}}}}, {"key": 4, "value": {"polymorphic_id": 1073741824, "ptr_wrapper": {"id": 2147483654, "data": {"local_path": "", "filename": "087506_13303.479266.jpg", "width": 1920, "height": 1080, "id_view": 4, "id_intrinsic": 0, "id_pose": 4}}}}, {"key": 3, "value": {"polymorphic_id": 1073741824, "ptr_wrapper": {"id": 2147483655, "data": {"local_path": "", "filename": "087505_13303.379656.jpg", "width": 1920, "height": 1080, "id_view": 3, "id_intrinsic": 0, "id_pose": 3}}}}, {"key": 2, "value": {"polymorphic_id": 1073741824, "ptr_wrapper": {"id": 2147483656, "data": {"local_path": "", "filename": "087504_13303.248047.jpg", "width": 1920, "height": 1080, "id_view": 2, "id_intrinsic": 0, "id_pose": 2}}}}, {"key": 1, "value": {"polymorphic_id": 1073741824, "ptr_wrapper": {"id": 2147483657, "data": {"local_path": "", "filename": "087503_13303.179461.jpg", "width": 1920, "height": 1080, "id_view": 1, "id_intrinsic": 0, "id_pose": 1}}}}, {"key": 0, "value": {"polymorphic_id": 1073741824, "ptr_wrapper": {"id": 2147483658, "data": {"local_path": "", "filename": "087502_13303.047852.jpg", "width": 1920, "height": 1080, "id_view": 0, "id_intrinsic": 0, "id_pose": 0}}}}], "intrinsics": [{"key": 0, "value": {"polymorphic_id": 2147483649, "polymorphic_name": "pinhole_radial_k3", "ptr_wrapper": {"id": 2147483659, "data": {"width": 1920, "height": 1080, "focal_length": 1739.13, "principal_point": [960.0, 540.0], "disto_k3": [0.0, 0.0, 0.0]}}}}], "extrinsics": [{"key": 0, "value": {"rotation": [[0.9999999667477304, -0.00013877580697159396, 0.00021736102085446828], [0.00013877019815671882, 0.9999999900381054, 2.5819012102979234e-05], [-0.00021736460174338114, -2.5788848012497376e-05, 0.9999999760437823]], "center": [0.00021981805326703224, -4.947411832074651e-05, 0.00011826850927842575]}}, {"key": 1, "value": {"rotation": [[0.9999999679447897, 2.6867100235489355e-05, -0.00025177088455968663], [-2.6945330742139924e-05, 0.9999999513626499, -0.0003107227818295139], [0.00025176252409409066, 0.0003107295559189875, 0.999999920031384]], "center": [-0.0019674630831671186, -0.010784285620852348, 6.875173887907039e-05]}}, {"key": 2, "value": {"rotation": [[0.9999999797031924, -0.0002000321381058767, 2.4098922097287068e-05], [0.00020000886320825574, 0.9999995173064535, 0.0009619684583225183], [-2.4291335072387044e-05, -0.0009619636187996058, 0.9999995370178566]], "center": [-0.003033889165730874, -0.022642460234136477, 0.0002445635023582721]}}, {"key": 3, "value": {"rotation": [[0.9999992244722393, -0.0012453661975827058, -1.0860634576588265e-05], [0.0012453648285687356, 0.9999992167002082, -0.00012516155262404528], [1.1016498036345723e-05, 0.0001251479301054645, 0.9999999921083164]], "center": [-0.0038323604433826786, -0.03238863603741803, 0.0009173970962867834]}}, {"key": 4, "value": {"rotation": [[0.9999980895363692, -0.001882979028731278, 0.0005247033341611013], [0.0018829018156594965, 0.9999982164443089, 0.00014761081971304568], [-0.0005249803464014155, -0.00014662257284738306, 0.9999998514487178]], "center": [-0.005174831668582183, -0.04343218916898021, 0.0010501955765413395]}}, {"key": 5, "value": {"rotation": [[0.9999971776892216, -0.0022167424734569337, 0.0008547902651059539], [0.002215163536462242, 0.9999958468895191, 0.0018437066524696006], [-0.0008588737379126431, -0.0018418079487298644, 0.9999979350375594]], "center": [-0.006178249832894977, -0.05571684553886769, 0.0012561096153144422]}}, {"key": 6, "value": {"rotation": [[0.9999954133229186, -0.002618264992678075, 0.0015225050254399968], [0.0026140524568723407, 0.9999927682328851, 0.002762283780548808], [-0.0015297264059606745, -0.002758291202842754, 0.9999950258710107]], "center": [-0.008046059299034894, -0.06716860163721863, 0.001213786645442854]}}, {"key": 7, "value": {"rotation": [[0.999994382664028, -0.0028159451788297594, 0.0018179915124039811], [0.002807628411364681, 0.9999856564233163, 0.0045611588805381355], [-0.0018308094092628871, -0.00455602901435443, 0.9999879452956056]], "center": [-0.008816828749640588, -0.07954582943707586, 0.0013325100113194875]}}, {"key": 8, "value": {"rotation": [[0.9999914374252119, -0.0028957076643960776, 0.0029563412151420426], [0.002877466309572589, 0.9999769118668113, 0.006155966289178241], [-0.002974098837507703, -0.006147406806010311, 0.9999766817909634]], "center": [-0.01167519336080271, -0.09147209177107078, 0.0009475054742194895]}}, {"key": 9, "value": {"rotation": [[0.9999877461034983, -0.0034192742207130237, 0.0035799729954818964], [0.0033904256031502098, 0.9999619821974871, 0.008033627692575537], [-0.003607306068843632, -0.008021391617230787, 0.9999613215617132]], "center": [-0.01282442974782657, -0.10414002516863453, 0.0007396969675000732]}}], "structure": [], "control_points": []}