{"sfm_data_version": "0.3", "root_path": "/mnt/ST8000/jialei/SFM_E/ex_sea_12/6-3/images", "views": [{"key": 9, "value": {"polymorphic_id": 1073741824, "ptr_wrapper": {"id": 2147483649, "data": {"local_path": "", "filename": "087511_13303.979266.jpg", "width": 1920, "height": 1080, "id_view": 9, "id_intrinsic": 0, "id_pose": 9}}}}, {"key": 8, "value": {"polymorphic_id": 1073741824, "ptr_wrapper": {"id": 2147483650, "data": {"local_path": "", "filename": "087510_13303.879656.jpg", "width": 1920, "height": 1080, "id_view": 8, "id_intrinsic": 0, "id_pose": 8}}}}, {"key": 7, "value": {"polymorphic_id": 1073741824, "ptr_wrapper": {"id": 2147483651, "data": {"local_path": "", "filename": "087509_13303.781047.jpg", "width": 1920, "height": 1080, "id_view": 7, "id_intrinsic": 0, "id_pose": 7}}}}, {"key": 6, "value": {"polymorphic_id": 1073741824, "ptr_wrapper": {"id": 2147483652, "data": {"local_path": "", "filename": "087508_13303.679461.jpg", "width": 1920, "height": 1080, "id_view": 6, "id_intrinsic": 0, "id_pose": 6}}}}, {"key": 5, "value": {"polymorphic_id": 1073741824, "ptr_wrapper": {"id": 2147483653, "data": {"local_path": "", "filename": "087507_13303.580852.jpg", "width": 1920, "height": 1080, "id_view": 5, "id_intrinsic": 0, "id_pose": 5}}}}, {"key": 4, "value": {"polymorphic_id": 1073741824, "ptr_wrapper": {"id": 2147483654, "data": {"local_path": "", "filename": "087506_13303.479266.jpg", "width": 1920, "height": 1080, "id_view": 4, "id_intrinsic": 0, "id_pose": 4}}}}, {"key": 3, "value": {"polymorphic_id": 1073741824, "ptr_wrapper": {"id": 2147483655, "data": {"local_path": "", "filename": "087505_13303.379656.jpg", "width": 1920, "height": 1080, "id_view": 3, "id_intrinsic": 0, "id_pose": 3}}}}, {"key": 2, "value": {"polymorphic_id": 1073741824, "ptr_wrapper": {"id": 2147483656, "data": {"local_path": "", "filename": "087504_13303.248047.jpg", "width": 1920, "height": 1080, "id_view": 2, "id_intrinsic": 0, "id_pose": 2}}}}, {"key": 1, "value": {"polymorphic_id": 1073741824, "ptr_wrapper": {"id": 2147483657, "data": {"local_path": "", "filename": "087503_13303.179461.jpg", "width": 1920, "height": 1080, "id_view": 1, "id_intrinsic": 0, "id_pose": 1}}}}, {"key": 0, "value": {"polymorphic_id": 1073741824, "ptr_wrapper": {"id": 2147483658, "data": {"local_path": "", "filename": "087502_13303.047852.jpg", "width": 1920, "height": 1080, "id_view": 0, "id_intrinsic": 0, "id_pose": 0}}}}], "intrinsics": [{"key": 0, "value": {"polymorphic_id": 2147483649, "polymorphic_name": "pinhole_radial_k3", "ptr_wrapper": {"id": 2147483659, "data": {"width": 1920, "height": 1080, "focal_length": 1739.13, "principal_point": [960.0, 540.0], "disto_k3": [0.0, 0.0, 0.0]}}}}], "extrinsics": [{"key": 0, "value": {"rotation": [[0.999999996321685, 8.141980970581668e-05, 2.697118352620264e-05], [-8.141912476562206e-05, 0.9999999963630003, -2.5395383753871372e-05], [-2.69732511154212e-05, 2.5393187690302562e-05, 0.9999999993138148]], "center": [102655.2882744056, -59731.17478744817, 609.3316321566292]}}, {"key": 1, "value": {"rotation": [[0.9999998717291401, 0.00024703867936482605, -0.0004421691919229083], [-0.0002471987108617014, 0.9999999039585561, -0.00036190561743562925], [0.00044207974477055285, 0.000362014874667907, 0.9999998367553515]], "center": [102653.94655897068, -59737.76709615851, 609.3018181633988]}}, {"key": 2, "value": {"rotation": [[0.9999999859711037, 2.015358219206688e-05, -0.00016628777835398097], [-2.0002128778616916e-05, 0.9999995850740039, 0.0009107424088145902], [0.00016630606407886593, -0.0009107390699283175, 0.9999995714482282]], "center": [102653.29331417705, -59745.04907878358, 609.4102777252621]}}, {"key": 3, "value": {"rotation": [[0.9999994542609175, -0.001025182407838104, -0.00020119368202161012], [0.001025146884513256, 0.9999994589453732, -0.00017658659819576441], [0.00020137460663878376, 0.00017638024874923802, 0.9999999641691374]], "center": [102652.80438705783, -59751.03407757037, 609.8238497365718]}}, {"key": 4, "value": {"rotation": [[0.9999985616874685, -0.0016627680357023853, 0.00033440313050469694], [0.0016627359967948043, 0.9999986130393531, 9.606443494745737e-05], [-0.000334562399572511, -9.550827265426578e-05, 0.9999999394730839]], "center": [102651.9815138433, -59757.815857755326, 609.905902456487]}}, {"key": 5, "value": {"rotation": [[0.9999977861769666, -0.0019965147623546907, 0.0006645073133216994], [0.0019953211376203543, 0.9999964035343138, 0.001792097094416132], [-0.0006680828717484967, -0.0017907672215419445, 0.9999981734073494]], "center": [102651.36702201111, -59765.35972397151, 610.0328532019779]}}, {"key": 6, "value": {"rotation": [[0.9999962373470024, -0.0023980034528437518, 0.0013322429497327065], [0.0023943856029531364, 0.9999934597655212, 0.002710598415001359], [-0.0013387342609098777, -0.0027073983126216436, 0.9999954388820759]], "center": [102650.22158487595, -59772.39224915189, 610.0074419471428]}}, {"key": 7, "value": {"rotation": [[0.9999953064725848, -0.0025956687231370713, 0.0016277397460363518], [0.002588305595260408, 0.9999864827347414, 0.004509436987797601], [-0.0016394227479946627, -0.0045052027347391764, 0.999988507654649]], "center": [102649.74995981809, -59779.99293273159, 610.080826528524]}}, {"key": 8, "value": {"rotation": [[0.9999925955226009, -0.0026753735376235746, 0.0027660940702944406], [0.002658449044483392, 0.9999778352575002, 0.006104231516135468], [-0.0027823638599974885, -0.006096832797353034, 0.9999775432884437]], "center": [102647.99626868396, -59787.31698645856, 609.8451127959847]}}, {"key": 9, "value": {"rotation": [[0.9999891382179337, -0.0031989089447420575, 0.0033897533416415095], [0.003171769083575522, 0.9999631147266349, 0.007981795981377389], [-0.0034151613482228463, -0.007970957769998979, 0.9999623995456998]], "center": [102647.29223654936, -59795.09624739084, 609.7180347296883]}}], "structure": [], "control_points": []}