{"sfm_data_version": "0.3", "root_path": "/mnt/ST8000/jialei/SFM_E/ex_sea_12/1-5/images", "views": [{"key": 9, "value": {"polymorphic_id": 1073741824, "ptr_wrapper": {"id": 2147483649, "data": {"local_path": "", "filename": "075418_15357.965820.jpg", "width": 1920, "height": 1080, "id_view": 9, "id_intrinsic": 0, "id_pose": 9}}}}, {"key": 8, "value": {"polymorphic_id": 1073741824, "ptr_wrapper": {"id": 2147483650, "data": {"local_path": "", "filename": "075417_15357.866211.jpg", "width": 1920, "height": 1080, "id_view": 8, "id_intrinsic": 0, "id_pose": 8}}}}, {"key": 7, "value": {"polymorphic_id": 1073741824, "ptr_wrapper": {"id": 2147483651, "data": {"local_path": "", "filename": "075416_15357.766602.jpg", "width": 1920, "height": 1080, "id_view": 7, "id_intrinsic": 0, "id_pose": 7}}}}, {"key": 6, "value": {"polymorphic_id": 1073741824, "ptr_wrapper": {"id": 2147483652, "data": {"local_path": "", "filename": "075415_15357.666016.jpg", "width": 1920, "height": 1080, "id_view": 6, "id_intrinsic": 0, "id_pose": 6}}}}, {"key": 5, "value": {"polymorphic_id": 1073741824, "ptr_wrapper": {"id": 2147483653, "data": {"local_path": "", "filename": "075414_15357.566406.jpg", "width": 1920, "height": 1080, "id_view": 5, "id_intrinsic": 0, "id_pose": 5}}}}, {"key": 4, "value": {"polymorphic_id": 1073741824, "ptr_wrapper": {"id": 2147483654, "data": {"local_path": "", "filename": "075413_15357.497820.jpg", "width": 1920, "height": 1080, "id_view": 4, "id_intrinsic": 0, "id_pose": 4}}}}, {"key": 3, "value": {"polymorphic_id": 1073741824, "ptr_wrapper": {"id": 2147483655, "data": {"local_path": "", "filename": "075412_15357.398211.jpg", "width": 1920, "height": 1080, "id_view": 3, "id_intrinsic": 0, "id_pose": 3}}}}, {"key": 2, "value": {"polymorphic_id": 1073741824, "ptr_wrapper": {"id": 2147483656, "data": {"local_path": "", "filename": "075411_15357.299602.jpg", "width": 1920, "height": 1080, "id_view": 2, "id_intrinsic": 0, "id_pose": 2}}}}, {"key": 1, "value": {"polymorphic_id": 1073741824, "ptr_wrapper": {"id": 2147483657, "data": {"local_path": "", "filename": "075410_15357.198016.jpg", "width": 1920, "height": 1080, "id_view": 1, "id_intrinsic": 0, "id_pose": 1}}}}, {"key": 0, "value": {"polymorphic_id": 1073741824, "ptr_wrapper": {"id": 2147483658, "data": {"local_path": "", "filename": "075409_15357.099406.jpg", "width": 1920, "height": 1080, "id_view": 0, "id_intrinsic": 0, "id_pose": 0}}}}], "intrinsics": [{"key": 0, "value": {"polymorphic_id": 2147483649, "polymorphic_name": "pinhole_radial_k3", "ptr_wrapper": {"id": 2147483659, "data": {"width": 1920, "height": 1080, "focal_length": 1739.13, "principal_point": [960.0, 540.0], "disto_k3": [0.0, 0.0, 0.0]}}}}], "extrinsics": [{"key": 0, "value": {"rotation": [[0.9999998956048614, -0.0003372148182668056, 0.000308344665411524], [0.0003372617620728802, 0.999999931544028, -0.0001522052664300086], [-0.0003082933184322284, 0.00015230924340570807, 0.9999999408785604]], "center": [0.00020346104795231876, -0.0005020029168317867, 0.00030057843819218433]}}, {"key": 1, "value": {"rotation": [[0.9999995589677224, 0.00018489702549345894, 0.0009208026121961231], [-0.00018493792566902777, 0.9999999819162736, 4.433301455067578e-05], [-0.0009207943985020596, -4.450328632342193e-05, 0.9999995750784764]], "center": [-0.0003204897136425515, -0.011920056424503611, 0.0011529453245476724]}}, {"key": 2, "value": {"rotation": [[0.9999988575593316, -0.0010216582137586997, 0.0011140442209262708], [0.001021987622513115, 0.9999994342113213, -0.0002951581549986522], [-0.0011137420398592624, 0.00029629635720269205, 0.9999993358933483]], "center": [0.0005471605894043347, -0.02370338768144511, 0.0018572631808667242]}}, {"key": 3, "value": {"rotation": [[0.9999987691665251, -0.0015686821283041352, 3.00302470819748e-05], [0.0015687039772701913, 0.9999984943605996, -0.00074191937946342], [-2.8866366196031016e-05, 0.0007419655748521964, 0.9999997243268716]], "center": [0.00038830125360042714, -0.03464657319163643, 0.003060808546279775]}}, {"key": 4, "value": {"rotation": [[0.9999970224938236, -0.0017965973073326297, 0.0016514362244441755], [0.0017953021979725684, 0.9999980800320597, 0.0007853802981283545], [-0.001652844065868432, -0.0007824131325701494, 0.9999983279666943]], "center": [0.00012389462108128936, -0.04750394675057401, 0.0016988907066625319]}}, {"key": 5, "value": {"rotation": [[0.9999958220430586, -0.002565425831615774, 0.0013320986192589793], [0.002564402845985425, 0.9999964161618485, 0.0007690913490251135], [-0.0013340668920467592, -0.0007656720983042082, 0.9999988170051832]], "center": [0.0004328504562480063, -0.05920009938394779, 0.0024475327671136774]}}, {"key": 6, "value": {"rotation": [[0.9999933907999484, -0.003063707099093075, 0.0019575635964667075], [0.003060699147822155, 0.9999941337338248, 0.0015377316619761756], [-0.0019622632722868854, -0.00153172998556846, 0.9999969016582511]], "center": [-0.0006479024820629988, -0.07134226660611023, 0.0021689572036068553]}}, {"key": 7, "value": {"rotation": [[0.9999884393984776, -0.004602241376388366, 0.0013929981022617742], [0.004602128015351318, 0.9999894065764052, 8.457363483035475e-05], [-0.001393372573924352, -7.816190151650511e-05, 0.9999990262013196]], "center": [-1.9660834406160714e-05, -0.08209255586466493, 0.00408475961775357]}}, {"key": 8, "value": {"rotation": [[0.9999823004999895, -0.0058401379053325255, 0.00113643125524363], [0.005840790463490307, 0.9999827789872726, -0.0005717478933320884], [-0.0011330725982023368, 0.0005783754305182575, 0.999999190813847]], "center": [-0.00014597459080367608, -0.09301632887681917, 0.005155859610183755]}}, {"key": 9, "value": {"rotation": [[0.9999763606050226, -0.0068734140808785395, 0.0001854993508340941], [0.006873674444686627, 0.9999753370693454, -0.0014414758679438117], [-0.00017558691534846584, 0.001442716854473735, 0.9999989438680988]], "center": [0.0001758336827212759, -0.10408247211351783, 0.0069175052023556635]}}], "structure": [], "control_points": []}