{"sfm_data_version": "0.3", "root_path": "/mnt/ST8000/jialei/SFM_E/ex_sea_12/1-5/images", "views": [{"key": 9, "value": {"polymorphic_id": 1073741824, "ptr_wrapper": {"id": 2147483649, "data": {"local_path": "", "filename": "075418_15357.965820.jpg", "width": 1920, "height": 1080, "id_view": 9, "id_intrinsic": 0, "id_pose": 9}}}}, {"key": 8, "value": {"polymorphic_id": 1073741824, "ptr_wrapper": {"id": 2147483650, "data": {"local_path": "", "filename": "075417_15357.866211.jpg", "width": 1920, "height": 1080, "id_view": 8, "id_intrinsic": 0, "id_pose": 8}}}}, {"key": 7, "value": {"polymorphic_id": 1073741824, "ptr_wrapper": {"id": 2147483651, "data": {"local_path": "", "filename": "075416_15357.766602.jpg", "width": 1920, "height": 1080, "id_view": 7, "id_intrinsic": 0, "id_pose": 7}}}}, {"key": 6, "value": {"polymorphic_id": 1073741824, "ptr_wrapper": {"id": 2147483652, "data": {"local_path": "", "filename": "075415_15357.666016.jpg", "width": 1920, "height": 1080, "id_view": 6, "id_intrinsic": 0, "id_pose": 6}}}}, {"key": 5, "value": {"polymorphic_id": 1073741824, "ptr_wrapper": {"id": 2147483653, "data": {"local_path": "", "filename": "075414_15357.566406.jpg", "width": 1920, "height": 1080, "id_view": 5, "id_intrinsic": 0, "id_pose": 5}}}}, {"key": 4, "value": {"polymorphic_id": 1073741824, "ptr_wrapper": {"id": 2147483654, "data": {"local_path": "", "filename": "075413_15357.497820.jpg", "width": 1920, "height": 1080, "id_view": 4, "id_intrinsic": 0, "id_pose": 4}}}}, {"key": 3, "value": {"polymorphic_id": 1073741824, "ptr_wrapper": {"id": 2147483655, "data": {"local_path": "", "filename": "075412_15357.398211.jpg", "width": 1920, "height": 1080, "id_view": 3, "id_intrinsic": 0, "id_pose": 3}}}}, {"key": 2, "value": {"polymorphic_id": 1073741824, "ptr_wrapper": {"id": 2147483656, "data": {"local_path": "", "filename": "075411_15357.299602.jpg", "width": 1920, "height": 1080, "id_view": 2, "id_intrinsic": 0, "id_pose": 2}}}}, {"key": 1, "value": {"polymorphic_id": 1073741824, "ptr_wrapper": {"id": 2147483657, "data": {"local_path": "", "filename": "075410_15357.198016.jpg", "width": 1920, "height": 1080, "id_view": 1, "id_intrinsic": 0, "id_pose": 1}}}}, {"key": 0, "value": {"polymorphic_id": 1073741824, "ptr_wrapper": {"id": 2147483658, "data": {"local_path": "", "filename": "075409_15357.099406.jpg", "width": 1920, "height": 1080, "id_view": 0, "id_intrinsic": 0, "id_pose": 0}}}}], "intrinsics": [{"key": 0, "value": {"polymorphic_id": 2147483649, "polymorphic_name": "pinhole_radial_k3", "ptr_wrapper": {"id": 2147483659, "data": {"width": 1920, "height": 1080, "focal_length": 1739.13, "principal_point": [960.0, 540.0], "disto_k3": [0.0, 0.0, 0.0]}}}}], "extrinsics": [{"key": 0, "value": {"rotation": [[0.9999999660493878, 0.0002573436639674794, 4.093241237375878e-05], [-0.0002573412802430397, 0.9999999651923522, -5.8230230460936755e-05], [-4.094739612985842e-05, 5.821969488458105e-05, 0.9999999974668891]], "center": [102655.28827451674, -59731.174787461285, 609.3316321803728]}}, {"key": 1, "value": {"rotation": [[0.9999994827778652, 0.0007793976993630621, 0.0006534395371280234], [-0.0007794883254637904, 0.999999686615047, 0.00013844767340189236], [-0.0006533314265517775, -0.00013895695028427217, 0.9999997769244818]], "center": [102654.96983856372, -59738.20865081909, 609.8561224897503]}}, {"key": 2, "value": {"rotation": [[0.9999995504217349, -0.00042717588492733835, 0.0008465678307623406], [0.0004273464995689483, 0.9999998884132966, -0.00020136624244488055], [-0.0008464817174938315, 0.00020172792971411243, 0.9999996213872008]], "center": [102655.50875056643, -59745.467010239794, 610.2891628968263]}}, {"key": 3, "value": {"rotation": [[0.9999994973639201, -0.0009740979572684658, -0.00023749753182358623], [0.0009739438167144306, 0.9999993155870797, -0.0006482737186891132], [0.00023812885138234315, 0.0006480420835906894, 0.999999761668026]], "center": [102655.41509809109, -59752.20823729525, 611.0299496742625]}}, {"key": 4, "value": {"rotation": [[0.9999983198243904, -0.0012021663936588062, 0.0013838874085425538], [0.001200950691179013, 0.9999988925681322, 0.000878965270620141], [-0.0013849425384910858, -0.0008773018132643747, 0.999998656136944]], "center": [102655.25670598731, -59760.12851140587, 610.190294627399]}}, {"key": 5, "value": {"rotation": [[0.9999974910878318, -0.001970965504634243, 0.0010644778171431286], [0.001970047808763858, 0.9999976875254405, 0.0008624705231058998], [-0.001066175255215039, -0.0008603712870519716, 0.9999990615153468]], "center": [102655.45143263013, -59767.33337521963, 610.6507362143248]}}, {"key": 6, "value": {"rotation": [[0.9999955233766185, -0.0024693068624726095, 0.001689896548359027], [0.0024665509245978836, 0.9999956280092717, 0.001630977890506017], [-0.0016939165450445498, -0.0016268023733384115, 0.9999972420765855]], "center": [102654.79008050851, -59774.81343756125, 610.4786056058545]}}, {"key": 7, "value": {"rotation": [[0.9999913357453075, -0.004007790788852026, 0.0011251876781859904], [0.004007593647747602, 0.9999919538275269, 0.0001774073289770451], [-0.001125889636190794, -0.00017289649688313928, 0.9999993512394539]], "center": [102655.18133588893, -59781.435591725894, 611.6580306338104]}}, {"key": 8, "value": {"rotation": [[0.9999858642394173, -0.0052456666504080195, 0.0008685060398949385], [0.0052460842488826305, 0.9999861243654008, -0.0004792459904909867], [-0.000865980024112785, 0.0004837954718403241, 0.9999995080101488]], "center": [102655.10770284887, -59788.16484092844, 612.3172256406223]}}, {"key": 9, "value": {"rotation": [[0.9999802843789449, -0.006278856872115991, -8.252143344708017e-05], [0.0062787398383166975, 0.9999793782615284, -0.001349250803276371], [9.09914843900479e-05, 0.0013487060713471008, 0.9999990863558242]], "center": [102655.3102828483, -59794.98166726278, 613.4017208568922]}}], "structure": [], "control_points": []}