{"sfm_data_version": "0.3", "root_path": "/mnt/ST8000/jialei/SFM_E/ex_sea_12/6-1/images", "views": [{"key": 9, "value": {"polymorphic_id": 1073741824, "ptr_wrapper": {"id": 2147483649, "data": {"local_path": "", "filename": "104926_15025.847656.jpg", "width": 1920, "height": 1080, "id_view": 9, "id_intrinsic": 0, "id_pose": 9}}}}, {"key": 8, "value": {"polymorphic_id": 1073741824, "ptr_wrapper": {"id": 2147483650, "data": {"local_path": "", "filename": "104925_15025.748047.jpg", "width": 1920, "height": 1080, "id_view": 8, "id_intrinsic": 0, "id_pose": 8}}}}, {"key": 7, "value": {"polymorphic_id": 1073741824, "ptr_wrapper": {"id": 2147483651, "data": {"local_path": "", "filename": "104924_15025.647461.jpg", "width": 1920, "height": 1080, "id_view": 7, "id_intrinsic": 0, "id_pose": 7}}}}, {"key": 6, "value": {"polymorphic_id": 1073741824, "ptr_wrapper": {"id": 2147483652, "data": {"local_path": "", "filename": "104923_15025.547852.jpg", "width": 1920, "height": 1080, "id_view": 6, "id_intrinsic": 0, "id_pose": 6}}}}, {"key": 5, "value": {"polymorphic_id": 1073741824, "ptr_wrapper": {"id": 2147483653, "data": {"local_path": "", "filename": "104922_15025.447266.jpg", "width": 1920, "height": 1080, "id_view": 5, "id_intrinsic": 0, "id_pose": 5}}}}, {"key": 4, "value": {"polymorphic_id": 1073741824, "ptr_wrapper": {"id": 2147483654, "data": {"local_path": "", "filename": "104921_15025.347656.jpg", "width": 1920, "height": 1080, "id_view": 4, "id_intrinsic": 0, "id_pose": 4}}}}, {"key": 3, "value": {"polymorphic_id": 1073741824, "ptr_wrapper": {"id": 2147483655, "data": {"local_path": "", "filename": "104920_15025.280047.jpg", "width": 1920, "height": 1080, "id_view": 3, "id_intrinsic": 0, "id_pose": 3}}}}, {"key": 2, "value": {"polymorphic_id": 1073741824, "ptr_wrapper": {"id": 2147483656, "data": {"local_path": "", "filename": "104919_15025.248047.jpg", "width": 1920, "height": 1080, "id_view": 2, "id_intrinsic": 0, "id_pose": 2}}}}, {"key": 1, "value": {"polymorphic_id": 1073741824, "ptr_wrapper": {"id": 2147483657, "data": {"local_path": "", "filename": "104918_15025.147461.jpg", "width": 1920, "height": 1080, "id_view": 1, "id_intrinsic": 0, "id_pose": 1}}}}, {"key": 0, "value": {"polymorphic_id": 1073741824, "ptr_wrapper": {"id": 2147483658, "data": {"local_path": "", "filename": "104917_15025.047852.jpg", "width": 1920, "height": 1080, "id_view": 0, "id_intrinsic": 0, "id_pose": 0}}}}], "intrinsics": [{"key": 0, "value": {"polymorphic_id": 2147483649, "polymorphic_name": "pinhole_radial_k3", "ptr_wrapper": {"id": 2147483659, "data": {"width": 1920, "height": 1080, "focal_length": 1739.13, "principal_point": [960.0, 540.0], "disto_k3": [0.0, 0.0, 0.0]}}}}], "extrinsics": [{"key": 0, "value": {"rotation": [[0.9999990067014882, -0.000887499085684983, 0.0010949618302421391], [0.0008882964648839186, 0.9999993405057575, -0.0007279542846878891], [-0.0010943150493590175, 0.000728926212334995, 0.9999991355702013]], "center": [0.000687283207513612, -0.0014106261946908087, 0.001173223951884482]}}, {"key": 1, "value": {"rotation": [[0.9999999539721804, -3.7947011933276545e-05, 0.00030102435341898917], [3.7892370737298245e-05, 0.9999999828071195, 0.00018152115289551206], [-0.00030103123642886607, -0.00018150973801409247, 0.999999938217203]], "center": [0.0012322744977812808, -0.010477615192210028, 0.0014546211105766602]}}, {"key": 2, "value": {"rotation": [[0.9999988200315492, -0.0002984085153291263, 0.0015069465376294096], [0.0002953031537804188, 0.9999978335653145, 0.0020605001153227707], [-0.0015075581437083644, -0.002060052677932494, 0.9999967417203955]], "center": [0.001761654022795, -0.021847633413162842, 0.0013286366143157435]}}, {"key": 3, "value": {"rotation": [[0.9999970294849325, -0.0006294184465270672, 0.002354751309569899], [0.0006240774477641331, 0.9999972328326041, 0.0022682271654349694], [-0.002356172457597647, -0.0022667508804445724, 0.9999946551316141]], "center": [0.0019018797410037082, -0.03162428120271775, 0.0013845693126039553]}}, {"key": 4, "value": {"rotation": [[0.9999910022467229, -0.0016871418084326297, 0.003892168818680805], [0.0016808549658613562, 0.9999972784617229, 0.0016179603614260671], [-0.003894887954564478, -0.0016114036321310079, 0.9999911165736202]], "center": [0.002678801347803347, -0.040763410767789485, 0.0014299053053823106]}}, {"key": 5, "value": {"rotation": [[0.9999874861206023, -0.0017861886835686155, 0.004673021740286597], [0.0017762163078836547, 0.9999961384689847, 0.0021373120378568237], [-0.004676821337843417, -0.002128984994369501, 0.9999867972953782]], "center": [0.002669192733850847, -0.05070206775074616, 0.001291197372569709]}}, {"key": 6, "value": {"rotation": [[0.9999806325158875, -0.0023824046759684716, 0.005749673128563358], [0.002368669646305232, 0.9999943279543749, 0.002394465114654279], [-0.005755345101040567, -0.0023807996636733566, 0.9999806037097567]], "center": [0.0027007551831586037, -0.06022842706295577, 0.0013512709241789874]}}, {"key": 7, "value": {"rotation": [[0.9999759224710743, -0.002392019973886555, 0.006514040111083145], [0.00237211137597157, 0.9999924977587247, 0.0030622726670583456], [-0.006521316258567558, -0.0030467469064485594, 0.9999740945482257]], "center": [0.00268403729895132, -0.07033738505700556, 0.001141543111397347]}}, {"key": 8, "value": {"rotation": [[0.999967012821078, -0.0032100646843529748, 0.007461149670942465], [0.003179600997877413, 0.9999865757871985, 0.004091256883650653], [-0.00747418271011825, -0.004067398445688742, 0.999963795775977]], "center": [0.0040199870567911265, -0.08071504046266711, 0.0013726713547546087]}}, {"key": 9, "value": {"rotation": [[0.9999596672478867, -0.0036326292272496046, 0.008213883514682278], [0.003597625668181992, 0.9999844022400959, 0.004272278791230957], [-0.008229275001303212, -0.004242556000301616, 0.9999571389572341]], "center": [0.004715682602601153, -0.09063005113141415, 0.001470432499587916]}}], "structure": [], "control_points": []}