{"sfm_data_version": "0.3", "root_path": "/mnt/ST8000/jialei/SFM_E/ex_sea_12/6-1/images", "views": [{"key": 9, "value": {"polymorphic_id": 1073741824, "ptr_wrapper": {"id": 2147483649, "data": {"local_path": "", "filename": "104926_15025.847656.jpg", "width": 1920, "height": 1080, "id_view": 9, "id_intrinsic": 0, "id_pose": 9}}}}, {"key": 8, "value": {"polymorphic_id": 1073741824, "ptr_wrapper": {"id": 2147483650, "data": {"local_path": "", "filename": "104925_15025.748047.jpg", "width": 1920, "height": 1080, "id_view": 8, "id_intrinsic": 0, "id_pose": 8}}}}, {"key": 7, "value": {"polymorphic_id": 1073741824, "ptr_wrapper": {"id": 2147483651, "data": {"local_path": "", "filename": "104924_15025.647461.jpg", "width": 1920, "height": 1080, "id_view": 7, "id_intrinsic": 0, "id_pose": 7}}}}, {"key": 6, "value": {"polymorphic_id": 1073741824, "ptr_wrapper": {"id": 2147483652, "data": {"local_path": "", "filename": "104923_15025.547852.jpg", "width": 1920, "height": 1080, "id_view": 6, "id_intrinsic": 0, "id_pose": 6}}}}, {"key": 5, "value": {"polymorphic_id": 1073741824, "ptr_wrapper": {"id": 2147483653, "data": {"local_path": "", "filename": "104922_15025.447266.jpg", "width": 1920, "height": 1080, "id_view": 5, "id_intrinsic": 0, "id_pose": 5}}}}, {"key": 4, "value": {"polymorphic_id": 1073741824, "ptr_wrapper": {"id": 2147483654, "data": {"local_path": "", "filename": "104921_15025.347656.jpg", "width": 1920, "height": 1080, "id_view": 4, "id_intrinsic": 0, "id_pose": 4}}}}, {"key": 3, "value": {"polymorphic_id": 1073741824, "ptr_wrapper": {"id": 2147483655, "data": {"local_path": "", "filename": "104920_15025.280047.jpg", "width": 1920, "height": 1080, "id_view": 3, "id_intrinsic": 0, "id_pose": 3}}}}, {"key": 2, "value": {"polymorphic_id": 1073741824, "ptr_wrapper": {"id": 2147483656, "data": {"local_path": "", "filename": "104919_15025.248047.jpg", "width": 1920, "height": 1080, "id_view": 2, "id_intrinsic": 0, "id_pose": 2}}}}, {"key": 1, "value": {"polymorphic_id": 1073741824, "ptr_wrapper": {"id": 2147483657, "data": {"local_path": "", "filename": "104918_15025.147461.jpg", "width": 1920, "height": 1080, "id_view": 1, "id_intrinsic": 0, "id_pose": 1}}}}, {"key": 0, "value": {"polymorphic_id": 1073741824, "ptr_wrapper": {"id": 2147483658, "data": {"local_path": "", "filename": "104917_15025.047852.jpg", "width": 1920, "height": 1080, "id_view": 0, "id_intrinsic": 0, "id_pose": 0}}}}], "intrinsics": [{"key": 0, "value": {"polymorphic_id": 2147483649, "polymorphic_name": "pinhole_radial_k3", "ptr_wrapper": {"id": 2147483659, "data": {"width": 1920, "height": 1080, "focal_length": 1739.13, "principal_point": [960.0, 540.0], "disto_k3": [0.0, 0.0, 0.0]}}}}], "extrinsics": [{"key": 0, "value": {"rotation": [[0.9999999967692926, -5.7210732351412555e-05, 5.646544680500519e-05], [5.7216695975103045e-05, 0.9999999927853866, -0.00010561948821485855], [-5.645940382935694e-05, 0.0001056227186399356, 0.9999999928280886]], "center": [102655.28827440416, -59731.17478740195, 609.3316321717009]}}, {"key": 1, "value": {"rotation": [[0.9999994141630651, 0.0007928358128503787, -0.0007369429423631343], [-0.0007922427251915874, 0.9999993623736194, 0.0008047383545217477], [0.0007375804978562975, -0.0008041540453913591, 0.9999994046554631]], "center": [102655.6467678475, -59737.05446685499, 609.5100841280048]}}, {"key": 2, "value": {"rotation": [[0.9999997487937049, 0.0005316229484691446, 0.0004688172006369149], [-0.0005328791390776143, 0.9999962575678741, 0.002683447422496566], [-0.0004673888638895242, -0.0026836965713039613, 0.9999962896532982]], "center": [102655.99610294648, -59744.42748371328, 609.4234325307631]}}, {"key": 3, "value": {"rotation": [[0.999999113506061, 0.00020008403892198565, 0.0013164169055683217], [-0.00020388892049845128, 0.9999958007489969, 0.002890832696825152], [-0.0013158329681214576, -0.0028910985369412865, 0.9999949550536991]], "center": [102656.09233998944, -59750.76749752937, 609.455658491125]}}, {"key": 4, "value": {"rotation": [[0.9999955610736748, -0.000858600641273814, 0.002853180310710728], [0.0008522123490067722, 0.9999971292510644, 0.0022394695225011756], [-0.0028550949299144825, -0.0022370280661661887, 0.9999934220475515]], "center": [102656.60111794635, -59756.693739221395, 609.4808416977081]}}, {"key": 5, "value": {"rotation": [[0.9999929380767837, -0.000958136383229342, 0.0036339745779527923], [0.0009481138796682321, 0.9999957452598531, 0.002758721128114765], [-0.00363660234741924, -0.0027552562245022364, 0.9999895917890868]], "center": [102656.6001449845, -59763.13881670179, 609.3868803836287]}}, {"key": 6, "value": {"rotation": [[0.999987697590608, -0.0015550278511263932, 0.004710260695221595], [0.0015408352411168864, 0.9999942670066791, 0.0030152579549572855], [-0.004714922501426722, -0.003007963124345431, 0.9999843607095305]], "center": [102656.62578293314, -59769.31658095355, 609.4219659506923]}}, {"key": 7, "value": {"rotation": [[0.9999837892989305, -0.0015651227954189672, 0.0054746260135076176], [0.0015449719793744492, 0.9999920240323787, 0.00368306030493069], [-0.005480346789707876, -0.003674542456152637, 0.9999782315314683]], "center": [102656.62024354882, -59775.8720722505, 609.28188485555]}}, {"key": 8, "value": {"rotation": [[0.9999765424347923, -0.002383763944246798, 0.006421234275128058], [0.002353534364470989, 0.9999861326299488, 0.004711201947902555], [-0.00643237562283356, -0.0046959788390468155, 0.9999682856603955]], "center": [102657.4923380434, -59782.601260380776, 609.4266757531835]}}, {"key": 9, "value": {"rotation": [[0.9999703294180026, -0.002806802860608049, 0.00717371182531579], [0.002771748454181523, 0.9999841937830581, 0.0048917884821585616], [-0.0071873287219755225, -0.004871759615284734, 0.9999623034215307]], "center": [102657.94889474359, -59789.030718813236, 609.4855972656446]}}], "structure": [], "control_points": []}