{"sfm_data_version": "0.3", "root_path": "/mnt/ST8000/jialei/SFM_E/ex_sea_12/6-1/images", "views": [{"key": 9, "value": {"polymorphic_id": 1073741824, "ptr_wrapper": {"id": 2147483649, "data": {"local_path": "", "filename": "104926_15025.847656.jpg", "width": 1920, "height": 1080, "id_view": 9, "id_intrinsic": 0, "id_pose": 9}}}}, {"key": 8, "value": {"polymorphic_id": 1073741824, "ptr_wrapper": {"id": 2147483650, "data": {"local_path": "", "filename": "104925_15025.748047.jpg", "width": 1920, "height": 1080, "id_view": 8, "id_intrinsic": 0, "id_pose": 8}}}}, {"key": 7, "value": {"polymorphic_id": 1073741824, "ptr_wrapper": {"id": 2147483651, "data": {"local_path": "", "filename": "104924_15025.647461.jpg", "width": 1920, "height": 1080, "id_view": 7, "id_intrinsic": 0, "id_pose": 7}}}}, {"key": 6, "value": {"polymorphic_id": 1073741824, "ptr_wrapper": {"id": 2147483652, "data": {"local_path": "", "filename": "104923_15025.547852.jpg", "width": 1920, "height": 1080, "id_view": 6, "id_intrinsic": 0, "id_pose": 6}}}}, {"key": 5, "value": {"polymorphic_id": 1073741824, "ptr_wrapper": {"id": 2147483653, "data": {"local_path": "", "filename": "104922_15025.447266.jpg", "width": 1920, "height": 1080, "id_view": 5, "id_intrinsic": 0, "id_pose": 5}}}}, {"key": 4, "value": {"polymorphic_id": 1073741824, "ptr_wrapper": {"id": 2147483654, "data": {"local_path": "", "filename": "104921_15025.347656.jpg", "width": 1920, "height": 1080, "id_view": 4, "id_intrinsic": 0, "id_pose": 4}}}}, {"key": 3, "value": {"polymorphic_id": 1073741824, "ptr_wrapper": {"id": 2147483655, "data": {"local_path": "", "filename": "104920_15025.280047.jpg", "width": 1920, "height": 1080, "id_view": 3, "id_intrinsic": 0, "id_pose": 3}}}}, {"key": 2, "value": {"polymorphic_id": 1073741824, "ptr_wrapper": {"id": 2147483656, "data": {"local_path": "", "filename": "104919_15025.248047.jpg", "width": 1920, "height": 1080, "id_view": 2, "id_intrinsic": 0, "id_pose": 2}}}}, {"key": 1, "value": {"polymorphic_id": 1073741824, "ptr_wrapper": {"id": 2147483657, "data": {"local_path": "", "filename": "104918_15025.147461.jpg", "width": 1920, "height": 1080, "id_view": 1, "id_intrinsic": 0, "id_pose": 1}}}}, {"key": 0, "value": {"polymorphic_id": 1073741824, "ptr_wrapper": {"id": 2147483658, "data": {"local_path": "", "filename": "104917_15025.047852.jpg", "width": 1920, "height": 1080, "id_view": 0, "id_intrinsic": 0, "id_pose": 0}}}}], "intrinsics": [{"key": 0, "value": {"polymorphic_id": 2147483649, "polymorphic_name": "pinhole_radial_k3", "ptr_wrapper": {"id": 2147483659, "data": {"width": 1920, "height": 1080, "focal_length": 1739.13, "principal_point": [960.0, 540.0], "disto_k3": [0.0, 0.0, 0.0]}}}}], "extrinsics": [{"key": 0, "value": {"rotation": [[0.999999963789856, 0.00017178005335117326, 0.0002071518757035815], [-0.00017180507928758656, 0.9999999779454453, 0.00012079786279578786], [-0.00020713112047162198, -0.0001208334481661102, 0.999999971247988]], "center": [102655.288274945, -59731.17478800705, 609.3316322611947]}}, {"key": 1, "value": {"rotation": [[0.9999992032255365, 0.0011520141701119402, -0.0005161507955234745], [-0.0011515074289750247, 0.9999988558406081, 0.0009809934329622337], [0.0005172803233002747, -0.0009803982998562246, 0.9999993856199317]], "center": [102655.69416007354, -59737.634635907125, 609.4359507548547]}}, {"key": 2, "value": {"rotation": [[0.9999991812886361, 0.0011351047119123813, 0.0005907278138464873], [-0.0011367298359442762, 0.9999955505529772, 0.0027580281956044606], [-0.0005875945346339674, -0.0027586974355063936, 0.9999960221526494]], "center": [102656.20734211575, -59745.42811521237, 609.0609698637654]}}, {"key": 3, "value": {"rotation": [[0.9999987289396186, 0.0008237136129004227, 0.0013651428610429082], [-0.0008277281665232916, 0.9999953273688966, 0.002942805881241672], [-0.0013627124529694225, -0.0029439321079551654, 0.9999947381254135]], "center": [102656.38012478701, -59752.25377212042, 608.9537095101826]}}, {"key": 4, "value": {"rotation": [[0.9999961504148446, -0.00034971269959140923, 0.002752609038601471], [0.00034335877429453733, 0.9999972765491792, 0.0023084624700460783], [-0.002753408840648449, -0.002307508450957682, 0.9999935470514324]], "center": [102657.05497332082, -59758.71026895927, 608.7747286081584]}}, {"key": 5, "value": {"rotation": [[0.999993881912037, -0.0003866338167960138, 0.0034765863697917383], [0.0003769409822286306, 0.9999960417661311, 0.002788255290470042], [-0.0034776506424349803, -0.0027869277637979483, 0.9999900694405163]], "center": [102657.1428690046, -59765.6126308734, 608.534218758631]}}, {"key": 6, "value": {"rotation": [[0.9999896041227319, -0.0009507539998133981, 0.004459564249330407], [0.0009372221468223287, 0.9999949538065419, 0.0030354531949618956], [-0.004462427714772814, -0.0030312420363834505, 0.9999854490494385]], "center": [102657.25445148458, -59772.26249964504, 608.3870458755692]}}, {"key": 7, "value": {"rotation": [[0.9999862747883438, -0.0008763841340634615, 0.005165480208189576], [0.0008574727538866899, 0.9999929265415024, 0.0036621861554900067], [-0.005168653152222327, -0.0036577066326707384, 0.9999799529024475]], "center": [102657.34018388337, -59779.27832082222, 608.0954635220319]}}, {"key": 8, "value": {"rotation": [[0.9999807461616755, -0.0015669891662206939, 0.006004319352961165], [0.001539165641878033, 0.999988070369041, 0.004635740364613574], [-0.006011511878575803, -0.00462640946676723, 0.9999712286162934]], "center": [102658.35690307971, -59786.48715501054, 608.0354502374149]}}, {"key": 9, "value": {"rotation": [[0.9999757143680678, -0.001974157663059092, 0.006683814449432398], [0.00194206189518984, 0.999986569599126, 0.004805103221183616], [-0.006693210714470803, -0.00479200614485871, 0.9999661182297322]], "center": [102658.91336126866, -59793.4578952518, 607.9696784494774]}}], "structure": [], "control_points": []}