{"sfm_data_version": "0.3", "root_path": "/mnt/ST8000/jialei/SFM_E/ex_sea_12/6-1/images", "views": [{"key": 9, "value": {"polymorphic_id": 1073741824, "ptr_wrapper": {"id": 2147483649, "data": {"local_path": "", "filename": "104926_15025.847656.jpg", "width": 1920, "height": 1080, "id_view": 9, "id_intrinsic": 0, "id_pose": 9}}}}, {"key": 8, "value": {"polymorphic_id": 1073741824, "ptr_wrapper": {"id": 2147483650, "data": {"local_path": "", "filename": "104925_15025.748047.jpg", "width": 1920, "height": 1080, "id_view": 8, "id_intrinsic": 0, "id_pose": 8}}}}, {"key": 7, "value": {"polymorphic_id": 1073741824, "ptr_wrapper": {"id": 2147483651, "data": {"local_path": "", "filename": "104924_15025.647461.jpg", "width": 1920, "height": 1080, "id_view": 7, "id_intrinsic": 0, "id_pose": 7}}}}, {"key": 6, "value": {"polymorphic_id": 1073741824, "ptr_wrapper": {"id": 2147483652, "data": {"local_path": "", "filename": "104923_15025.547852.jpg", "width": 1920, "height": 1080, "id_view": 6, "id_intrinsic": 0, "id_pose": 6}}}}, {"key": 5, "value": {"polymorphic_id": 1073741824, "ptr_wrapper": {"id": 2147483653, "data": {"local_path": "", "filename": "104922_15025.447266.jpg", "width": 1920, "height": 1080, "id_view": 5, "id_intrinsic": 0, "id_pose": 5}}}}, {"key": 4, "value": {"polymorphic_id": 1073741824, "ptr_wrapper": {"id": 2147483654, "data": {"local_path": "", "filename": "104921_15025.347656.jpg", "width": 1920, "height": 1080, "id_view": 4, "id_intrinsic": 0, "id_pose": 4}}}}, {"key": 3, "value": {"polymorphic_id": 1073741824, "ptr_wrapper": {"id": 2147483655, "data": {"local_path": "", "filename": "104920_15025.280047.jpg", "width": 1920, "height": 1080, "id_view": 3, "id_intrinsic": 0, "id_pose": 3}}}}, {"key": 2, "value": {"polymorphic_id": 1073741824, "ptr_wrapper": {"id": 2147483656, "data": {"local_path": "", "filename": "104919_15025.248047.jpg", "width": 1920, "height": 1080, "id_view": 2, "id_intrinsic": 0, "id_pose": 2}}}}, {"key": 1, "value": {"polymorphic_id": 1073741824, "ptr_wrapper": {"id": 2147483657, "data": {"local_path": "", "filename": "104918_15025.147461.jpg", "width": 1920, "height": 1080, "id_view": 1, "id_intrinsic": 0, "id_pose": 1}}}}, {"key": 0, "value": {"polymorphic_id": 1073741824, "ptr_wrapper": {"id": 2147483658, "data": {"local_path": "", "filename": "104917_15025.047852.jpg", "width": 1920, "height": 1080, "id_view": 0, "id_intrinsic": 0, "id_pose": 0}}}}], "intrinsics": [{"key": 0, "value": {"polymorphic_id": 2147483649, "polymorphic_name": "pinhole_radial_k3", "ptr_wrapper": {"id": 2147483659, "data": {"width": 1920, "height": 1080, "focal_length": 1739.13, "principal_point": [960.0, 540.0], "disto_k3": [0.0, 0.0, 0.0]}}}}], "extrinsics": [{"key": 0, "value": {"rotation": [[0.999999016615001, -0.00077286310444462, 0.0011702357253282906], [0.0007735831318565593, 0.9999995116986982, -0.0006149565052420191], [-0.0011697598767069263, 0.00061586117512042, 0.9999991261880401]], "center": [0.0003674144129709286, -0.001560297598670779, 0.001511634801912672]}}, {"key": 1, "value": {"rotation": [[0.9999998790564614, 0.00020683831594812006, 0.00044621180348646726], [-0.00020694733795570766, 0.9999999487462284, 0.00024429559908797417], [-0.0004461612509261042, -0.00024438791188692566, 0.999999870607335]], "center": [0.0009674359642798127, -0.01125871323217105, 0.001675965329188783]}}, {"key": 2, "value": {"rotation": [[0.9999987757446557, 0.00019074410544284306, 0.0015531020172068171], [-0.00019388330566335463, 0.9999979382832427, 0.0020213457218813268], [-0.0015527132553688674, -0.002021644367791195, 0.9999967510125203]], "center": [0.0017273383340543468, -0.022959947577464467, 0.0011223675141749116]}}, {"key": 3, "value": {"rotation": [[0.9999972835885275, -0.00012007598695740216, 0.00232774511574842], [0.00011494002023757432, 0.9999975592444486, 0.0022064210696038544], [-0.002328004372479198, -0.002206147524985687, 0.9999948566411427]], "center": [0.0019771974497904284, -0.03320744344314924, 0.0009691286389638855]}}, {"key": 4, "value": {"rotation": [[0.9999922601297981, -0.0012924771540362018, 0.0037160709499104955], [0.0012866383029556435, 0.9999979347923017, 0.0015732046936118597], [-0.0037180966065773024, -0.0015684112779911466, 0.9999918578886967]], "center": [0.00298141887984676, -0.042901522974083464, 0.0007085364227639673]}}, {"key": 5, "value": {"rotation": [[0.9999892598811376, -0.0013288628929971193, 0.004440072723103247], [0.001319757505176165, 0.999997021648682, 0.0020530304166846147], [-0.0044427876949457365, -0.0020471485475941423, 0.9999880353385843]], "center": [0.00310392366815462, -0.05326420044843533, 0.00035521646160012704]}}, {"key": 6, "value": {"rotation": [[0.9999835025869596, -0.0018922546675130482, 0.0054234607207942825], [0.0018797991995047486, 0.9999955863996494, 0.0023007686085595976], [-0.005427790423944555, -0.0022905356347081352, 0.9999826461182313]], "center": [0.003262212182185396, -0.06324774874346534, 0.0001417756080931906]}}, {"key": 7, "value": {"rotation": [[0.9999795641181288, -0.001817361803285699, 0.006129318248714956], [0.0017994447226672005, 0.9999940960710545, 0.0029274257845835526], [-0.006134602253458359, -0.002916336590679944, 0.9999769305519409]], "center": [0.003381382052167219, -0.07378081224569977, -0.0002880956404535663]}}, {"key": 8, "value": {"rotation": [[0.9999725751314061, -0.0025073433124125034, 0.006968659453519383], [0.002480195338383991, 0.9999893128631784, 0.003901639464519731], [-0.006978367728121072, -0.0038842488258788084, 0.9999681069888726]], "center": [0.004897602646925099, -0.08460470423797599, -0.00036876054813500016]}}, {"key": 9, "value": {"rotation": [[0.9999665043387602, -0.002914006315711908, 0.0076484487128616885], [0.0028829267917492253, 0.9999875561752695, 0.004071391374513436], [-0.007660217597085456, -0.0040492050828576385, 0.9999624617977225]], "center": [0.0057231950836004975, -0.09507050722586523, -0.00045899899089612255]}}], "structure": [], "control_points": []}