{"sfm_data_version": "0.3", "root_path": "/mnt/ST8000/jialei/SFM_E/ex_sea_12/6-1/images", "views": [{"key": 9, "value": {"polymorphic_id": 1073741824, "ptr_wrapper": {"id": 2147483649, "data": {"local_path": "", "filename": "104926_15025.847656.jpg", "width": 1920, "height": 1080, "id_view": 9, "id_intrinsic": 0, "id_pose": 9}}}}, {"key": 8, "value": {"polymorphic_id": 1073741824, "ptr_wrapper": {"id": 2147483650, "data": {"local_path": "", "filename": "104925_15025.748047.jpg", "width": 1920, "height": 1080, "id_view": 8, "id_intrinsic": 0, "id_pose": 8}}}}, {"key": 7, "value": {"polymorphic_id": 1073741824, "ptr_wrapper": {"id": 2147483651, "data": {"local_path": "", "filename": "104924_15025.647461.jpg", "width": 1920, "height": 1080, "id_view": 7, "id_intrinsic": 0, "id_pose": 7}}}}, {"key": 6, "value": {"polymorphic_id": 1073741824, "ptr_wrapper": {"id": 2147483652, "data": {"local_path": "", "filename": "104923_15025.547852.jpg", "width": 1920, "height": 1080, "id_view": 6, "id_intrinsic": 0, "id_pose": 6}}}}, {"key": 5, "value": {"polymorphic_id": 1073741824, "ptr_wrapper": {"id": 2147483653, "data": {"local_path": "", "filename": "104922_15025.447266.jpg", "width": 1920, "height": 1080, "id_view": 5, "id_intrinsic": 0, "id_pose": 5}}}}, {"key": 4, "value": {"polymorphic_id": 1073741824, "ptr_wrapper": {"id": 2147483654, "data": {"local_path": "", "filename": "104921_15025.347656.jpg", "width": 1920, "height": 1080, "id_view": 4, "id_intrinsic": 0, "id_pose": 4}}}}, {"key": 3, "value": {"polymorphic_id": 1073741824, "ptr_wrapper": {"id": 2147483655, "data": {"local_path": "", "filename": "104920_15025.280047.jpg", "width": 1920, "height": 1080, "id_view": 3, "id_intrinsic": 0, "id_pose": 3}}}}, {"key": 2, "value": {"polymorphic_id": 1073741824, "ptr_wrapper": {"id": 2147483656, "data": {"local_path": "", "filename": "104919_15025.248047.jpg", "width": 1920, "height": 1080, "id_view": 2, "id_intrinsic": 0, "id_pose": 2}}}}, {"key": 1, "value": {"polymorphic_id": 1073741824, "ptr_wrapper": {"id": 2147483657, "data": {"local_path": "", "filename": "104918_15025.147461.jpg", "width": 1920, "height": 1080, "id_view": 1, "id_intrinsic": 0, "id_pose": 1}}}}, {"key": 0, "value": {"polymorphic_id": 1073741824, "ptr_wrapper": {"id": 2147483658, "data": {"local_path": "", "filename": "104917_15025.047852.jpg", "width": 1920, "height": 1080, "id_view": 0, "id_intrinsic": 0, "id_pose": 0}}}}], "intrinsics": [{"key": 0, "value": {"polymorphic_id": 2147483649, "polymorphic_name": "pinhole_radial_k3", "ptr_wrapper": {"id": 2147483659, "data": {"width": 1920, "height": 1080, "focal_length": 1739.13, "principal_point": [960.0, 540.0], "disto_k3": [0.0, 0.0, 0.0]}}}}], "extrinsics": [{"key": 0, "value": {"rotation": [[0.9999990072072116, -0.0008616032847266044, 0.001114999717925015], [0.0008623769050282772, 0.9999993876571979, -0.0006935353653111672], [-0.0011144014828141549, 0.0006944962267800813, 0.9999991378917914]], "center": [0.0006141202112441477, -0.0014363867083847974, 0.001275778278896389]}}, {"key": 1, "value": {"rotation": [[0.9999999436142472, 1.4381668302703387e-05, 0.0003355065872472665], [-1.4448331819304007e-05, 0.9999999801560637, 0.00019869352734316624], [-0.0003355037230450892, -0.0001986983636501853, 0.9999999239781031]], "center": [0.0011808918738519206, -0.010716220798611524, 0.0015325908622211251]}}, {"key": 2, "value": {"rotation": [[0.9999988256342189, -0.00019668074219210746, 0.0015198838339836901], [0.00019356836311427986, 0.9999978848278073, 0.002047650165512028], [-0.001520283352521928, -0.0020473535593958946, 0.9999967485356795]], "center": [0.0017658255749030303, -0.02222882771059389, 0.0013174512416558601]}}, {"key": 3, "value": {"rotation": [[0.9999970941789083, -0.000523110654080055, 0.0023532932209018842], [0.00051781060787517, 0.999997329665982, 0.00225222846969668], [-0.0023544651015308263, -0.0022510033649304853, 0.9999946947248957]], "center": [0.0019333544845165855, -0.032182975413261435, 0.0013285241187068351]}}, {"key": 4, "value": {"rotation": [[0.9999912684152145, -0.0016028227774470064, 0.003859281341794754], [0.0015966058949924338, 0.9999974238374849, 0.0016134336087187742], [-0.003861857447796744, -0.0016072577695457116, 0.9999912513514884]], "center": [0.0027725480424220083, -0.04151809910389458, 0.0013103617733504988]}}, {"key": 5, "value": {"rotation": [[0.9999878650516311, -0.0016896377308953574, 0.00462762075150676], [0.0016798327568237842, 0.9999963379257392, 0.0021218616874120115], [-0.004631188982382663, -0.002114062309805504, 0.9999870413306167]], "center": [0.002793800279894005, -0.05162145579069917, 0.001127087704458281]}}, {"key": 6, "value": {"rotation": [[0.9999812389673739, -0.0022790534028881335, 0.005685739078026276], [0.002265550541219554, 0.9999946010062978, 0.002380176254221525], [-0.005691132929548406, -0.0023672502704117564, 0.9999810033856323]], "center": [0.002855975618252366, -0.06132095501909083, 0.0011295165652399047]}}, {"key": 7, "value": {"rotation": [[0.9999767054839127, -0.0022719806807651273, 0.006436349378904379], [0.00225247341372834, 0.9999928532141557, 0.003036426210735544], [-0.006443202081383043, -0.0030218577727989322, 0.9999746764406288]], "center": [0.002872043066888113, -0.07159493026129228, 0.0008731301299373516]}}, {"key": 8, "value": {"rotation": [[0.9999682120695415, -0.0030643093301345064, 0.007361036528553434], [0.0030345618260839533, 0.9999871984888404, 0.004048986659029083], [-0.007373349643758936, -0.004026520429672812, 0.9999647098014314]], "center": [0.004259368997803749, -0.0821355180039107, 0.001040227358464414]}}, {"key": 9, "value": {"rotation": [[0.9999611528510547, -0.0034837839524546285, 0.008096668337234589], [0.0034496315072329088, 0.9999851109420876, 0.004228230907297644], [-0.008111278028452849, -0.0042001361303820595, 0.9999582821424262]], "center": [0.0049931062343141, -0.092242857568946, 0.0010999402051581322]}}], "structure": [], "control_points": []}