{"sfm_data_version": "0.3", "root_path": "/mnt/ST8000/jialei/SFM_E/ex_sea_12/6-1/images", "views": [{"key": 9, "value": {"polymorphic_id": 1073741824, "ptr_wrapper": {"id": 2147483649, "data": {"local_path": "", "filename": "104926_15025.847656.jpg", "width": 1920, "height": 1080, "id_view": 9, "id_intrinsic": 0, "id_pose": 9}}}}, {"key": 8, "value": {"polymorphic_id": 1073741824, "ptr_wrapper": {"id": 2147483650, "data": {"local_path": "", "filename": "104925_15025.748047.jpg", "width": 1920, "height": 1080, "id_view": 8, "id_intrinsic": 0, "id_pose": 8}}}}, {"key": 7, "value": {"polymorphic_id": 1073741824, "ptr_wrapper": {"id": 2147483651, "data": {"local_path": "", "filename": "104924_15025.647461.jpg", "width": 1920, "height": 1080, "id_view": 7, "id_intrinsic": 0, "id_pose": 7}}}}, {"key": 6, "value": {"polymorphic_id": 1073741824, "ptr_wrapper": {"id": 2147483652, "data": {"local_path": "", "filename": "104923_15025.547852.jpg", "width": 1920, "height": 1080, "id_view": 6, "id_intrinsic": 0, "id_pose": 6}}}}, {"key": 5, "value": {"polymorphic_id": 1073741824, "ptr_wrapper": {"id": 2147483653, "data": {"local_path": "", "filename": "104922_15025.447266.jpg", "width": 1920, "height": 1080, "id_view": 5, "id_intrinsic": 0, "id_pose": 5}}}}, {"key": 4, "value": {"polymorphic_id": 1073741824, "ptr_wrapper": {"id": 2147483654, "data": {"local_path": "", "filename": "104921_15025.347656.jpg", "width": 1920, "height": 1080, "id_view": 4, "id_intrinsic": 0, "id_pose": 4}}}}, {"key": 3, "value": {"polymorphic_id": 1073741824, "ptr_wrapper": {"id": 2147483655, "data": {"local_path": "", "filename": "104920_15025.280047.jpg", "width": 1920, "height": 1080, "id_view": 3, "id_intrinsic": 0, "id_pose": 3}}}}, {"key": 2, "value": {"polymorphic_id": 1073741824, "ptr_wrapper": {"id": 2147483656, "data": {"local_path": "", "filename": "104919_15025.248047.jpg", "width": 1920, "height": 1080, "id_view": 2, "id_intrinsic": 0, "id_pose": 2}}}}, {"key": 1, "value": {"polymorphic_id": 1073741824, "ptr_wrapper": {"id": 2147483657, "data": {"local_path": "", "filename": "104918_15025.147461.jpg", "width": 1920, "height": 1080, "id_view": 1, "id_intrinsic": 0, "id_pose": 1}}}}, {"key": 0, "value": {"polymorphic_id": 1073741824, "ptr_wrapper": {"id": 2147483658, "data": {"local_path": "", "filename": "104917_15025.047852.jpg", "width": 1920, "height": 1080, "id_view": 0, "id_intrinsic": 0, "id_pose": 0}}}}], "intrinsics": [{"key": 0, "value": {"polymorphic_id": 2147483649, "polymorphic_name": "pinhole_radial_k3", "ptr_wrapper": {"id": 2147483659, "data": {"width": 1920, "height": 1080, "focal_length": 1739.13, "principal_point": [960.0, 540.0], "disto_k3": [0.0, 0.0, 0.0]}}}}], "extrinsics": [{"key": 0, "value": {"rotation": [[0.9999999953227231, -5.497132066829561e-06, 9.65625968682599e-05], [5.5006742216216384e-06, 0.9999999993120777, -3.668224510000269e-05], [-9.656239515468632e-05, 3.668277608781701e-05, 0.9999999946650389]], "center": [102655.28827454368, -59731.174787554584, 609.3316321943164]}}, {"key": 1, "value": {"rotation": [[0.9999993878751956, 0.0008710001296555605, -0.0006823547522557313], [-0.0008704156179419012, 0.9999992544442734, 0.000856438876702276], [0.0006831002018949074, -0.0008558444202214309, 0.9999994004520415]], "center": [102655.66261704902, -59737.21626524627, 609.4944819331296]}}, {"key": 2, "value": {"rotation": [[0.9999996568109581, 0.0006591589156855842, 0.0005018839404610103], [-0.0006605142736317852, 0.9999961228506883, 0.0027051810448746575], [-0.0005000988503777022, -0.0027055116179925407, 0.9999962150468495]], "center": [102656.04971568771, -59744.7111892829, 609.3490966400072]}}, {"key": 3, "value": {"rotation": [[0.999999053608681, 0.0003321802782208552, 0.0013350797747669367], [-0.00033606349113461616, 0.9999957111335053, 0.0029094287970317795], [-0.0013341075939207064, -0.002909874715143666, 0.9999948763799096]], "center": [102656.16434214234, -59751.19179997031, 609.3519321149699]}}, {"key": 4, "value": {"rotation": [[0.9999956860158006, -0.0007485254290851384, 0.002840362559712366], [0.0007420801903547606, 0.9999971492567126, 0.0022695363930663568], [-0.0028420532682702556, -0.0022674188255332327, 0.9999933907507041]], "center": [102656.71589477488, -59757.26900467872, 609.335553822244]}}, {"key": 5, "value": {"rotation": [[0.99999313948622, -0.0008358479385344343, 0.0036086477685203233], [0.000825825708476644, 0.9999958006921802, 0.0027778786699886194], [-0.0036109544988572736, -0.00277487949821367, 0.9999896304719256]], "center": [102656.73524138154, -59763.846757135536, 609.2118917727911]}}, {"key": 6, "value": {"rotation": [[0.999988095670892, -0.0014259639787726525, 0.004666384385679926], [0.0014118075377718812, 0.999994395963349, 0.0030355957197648023], [-0.004670686885241232, -0.0030289715463844916, 0.9999845048876467]], "center": [102656.78112919266, -59770.16163268993, 609.209278379234]}}, {"key": 7, "value": {"rotation": [[0.9999843205827336, -0.001419388190180459, 0.0054170034018050355], [0.0013994002652585353, 0.9999922059037082, 0.003691857355618213], [-0.00542220135988922, -0.003684218913448877, 0.9999785129008579]], "center": [102656.79714684423, -59776.85043886648, 609.0379465259913]}}, {"key": 8, "value": {"rotation": [[0.9999774472760895, -0.00221233104409895, 0.006341177378662561], [0.0021825240523469028, 0.9999865561962723, 0.004703617276256499], [-0.0063514980876382, -0.004689671424725561, 0.9999688322412711]], "center": [102657.70635856898, -59783.71224063932, 609.1413029749269]}}, {"key": 9, "value": {"rotation": [[0.9999714963974415, -0.0026322946767446355, 0.007076539931134549], [0.0025977777017673065, 0.9999847065604318, 0.004882437532626396], [-0.007089283720825327, -0.004863915087928641, 0.9999630415102069]], "center": [102658.18973541778, -59790.292292623795, 609.1753649287158]}}], "structure": [], "control_points": []}