{"sfm_data_version": "0.3", "root_path": "/mnt/ST8000/jialei/SFM_E/ex_sea_12/6-5/images", "views": [{"key": 9, "value": {"polymorphic_id": 1073741824, "ptr_wrapper": {"id": 2147483649, "data": {"local_path": "", "filename": "128880_17395.546875.jpg", "width": 1920, "height": 1080, "id_view": 9, "id_intrinsic": 0, "id_pose": 9}}}}, {"key": 8, "value": {"polymorphic_id": 1073741824, "ptr_wrapper": {"id": 2147483650, "data": {"local_path": "", "filename": "128879_17395.479266.jpg", "width": 1920, "height": 1080, "id_view": 8, "id_intrinsic": 0, "id_pose": 8}}}}, {"key": 7, "value": {"polymorphic_id": 1073741824, "ptr_wrapper": {"id": 2147483651, "data": {"local_path": "", "filename": "128878_17395.379656.jpg", "width": 1920, "height": 1080, "id_view": 7, "id_intrinsic": 0, "id_pose": 7}}}}, {"key": 6, "value": {"polymorphic_id": 1073741824, "ptr_wrapper": {"id": 2147483652, "data": {"local_path": "", "filename": "128877_17395.280047.jpg", "width": 1920, "height": 1080, "id_view": 6, "id_intrinsic": 0, "id_pose": 6}}}}, {"key": 5, "value": {"polymorphic_id": 1073741824, "ptr_wrapper": {"id": 2147483653, "data": {"local_path": "", "filename": "128876_17395.180437.jpg", "width": 1920, "height": 1080, "id_view": 5, "id_intrinsic": 0, "id_pose": 5}}}}, {"key": 4, "value": {"polymorphic_id": 1073741824, "ptr_wrapper": {"id": 2147483654, "data": {"local_path": "", "filename": "128875_17395.078875.jpg", "width": 1920, "height": 1080, "id_view": 4, "id_intrinsic": 0, "id_pose": 4}}}}, {"key": 3, "value": {"polymorphic_id": 1073741824, "ptr_wrapper": {"id": 2147483655, "data": {"local_path": "", "filename": "128874_17394.979266.jpg", "width": 1920, "height": 1080, "id_view": 3, "id_intrinsic": 0, "id_pose": 3}}}}, {"key": 2, "value": {"polymorphic_id": 1073741824, "ptr_wrapper": {"id": 2147483656, "data": {"local_path": "", "filename": "128873_17394.879656.jpg", "width": 1920, "height": 1080, "id_view": 2, "id_intrinsic": 0, "id_pose": 2}}}}, {"key": 1, "value": {"polymorphic_id": 1073741824, "ptr_wrapper": {"id": 2147483657, "data": {"local_path": "", "filename": "128872_17394.780047.jpg", "width": 1920, "height": 1080, "id_view": 1, "id_intrinsic": 0, "id_pose": 1}}}}, {"key": 0, "value": {"polymorphic_id": 1073741824, "ptr_wrapper": {"id": 2147483658, "data": {"local_path": "", "filename": "128871_17394.680437.jpg", "width": 1920, "height": 1080, "id_view": 0, "id_intrinsic": 0, "id_pose": 0}}}}], "intrinsics": [{"key": 0, "value": {"polymorphic_id": 2147483649, "polymorphic_name": "pinhole_radial_k3", "ptr_wrapper": {"id": 2147483659, "data": {"width": 1920, "height": 1080, "focal_length": 1739.13, "principal_point": [960.0, 540.0], "disto_k3": [0.0, 0.0, 0.0]}}}}], "extrinsics": [{"key": 0, "value": {"rotation": [[0.999999924019886, -0.00030948511868635, 0.0002370214832055749], [0.0003095195029116066, 0.9999999415798065, -0.0001450450297750972], [-0.00023697658008045168, 0.00014511838152626538, 0.9999999613913771]], "center": [6.314063361289729e-05, -0.0004000356585576086, 0.00033983131558556405]}}, {"key": 1, "value": {"rotation": [[0.9999990046342816, 0.0003463683465019231, -0.0013677570744080104], [-0.00034769935083174043, 0.9999994661769062, -0.0009730113381513006], [0.0013674193239393768, 0.0009734859378960346, 0.9999985912437683]], "center": [-0.0001010807130686978, -0.012114918713907304, 0.00020985250374788968]}}, {"key": 2, "value": {"rotation": [[0.9999967269310764, 0.0021480162868589194, -0.001390019124193066], [-0.0021633618207223693, 0.9999356736511563, -0.011134110895854418], [0.0013660134577940556, 0.011137081567445388, 0.9999370477292026]], "center": [0.003016009036056563, -0.013734101488334089, 0.009591809679379802]}}, {"key": 3, "value": {"rotation": [[0.9999978036528422, 0.0019159065611386063, -0.0008497008537112901], [-0.0019246687179922369, 0.99994371214684, -0.010433991964893287], [0.0008296624722100094, 0.010435604440877422, 0.9999452034087348]], "center": [0.0033589204772447646, -0.02146674205789551, 0.009712368037363247]}}, {"key": 4, "value": {"rotation": [[0.9999988539725636, 0.0012538833943963915, -0.0008484279537464862], [-0.0012619149191827497, 0.9999537637873295, -0.009532987899394359], [0.0008364354704251307, 0.009534047618221306, 0.9999542001070438]], "center": [0.005552788359162301, -0.03316910855114535, 0.010993214391663172]}}, {"key": 5, "value": {"rotation": [[0.999999473442845, 0.0007238365724854242, 0.0007274439148804257], [-0.0007181024556294802, 0.9999689136078473, -0.007852142816092467], [-0.000733104969416305, 0.00785161630222881, 0.9999689068558817]], "center": [0.00549117520691397, -0.04542409110690777, 0.01090610417459403]}}, {"key": 6, "value": {"rotation": [[0.9999980053364267, 0.0002604618937401517, -0.00198027340794672], [-0.00028166891016984195, 0.9999425379613514, -0.010716409754971215], [0.0019773684010207407, 0.010716946160791625, 0.9999406167764133]], "center": [0.008020456901003871, -0.05376141894055966, 0.014891167370856658]}}, {"key": 7, "value": {"rotation": [[0.999998163791386, -0.00010317325482061385, -0.0019135749621128054], [8.572528189996654e-05, 0.9999584461932232, -0.00911583995091552], [0.0019144359566667408, 0.009115659170578518, 0.9999566189054674]], "center": [0.009816935732316545, -0.06606476015719945, 0.015976928523805743]}}, {"key": 8, "value": {"rotation": [[0.9999989570523449, -0.0004697745459648132, -0.0013657254842912958], [0.0004583930778497181, 0.9999652661171865, -0.008322045119484778], [0.0013695875323098538, 0.00832141040091901, 0.9999644385471572]], "center": [0.009661448043264628, -0.07731377140069128, 0.016225609241508752]}}, {"key": 9, "value": {"rotation": [[0.9999976668007047, -0.0010255728623690939, -0.0019012084185001583], [0.001009913322890591, 0.999965710454249, -0.00821936681320982], [0.001909572786476596, 0.008217427580077437, 0.9999644130746553]], "center": [0.011229679505356985, -0.08810788812553096, 0.017671748897400565]}}], "structure": [], "control_points": []}