{"sfm_data_version": "0.3", "root_path": "/mnt/ST8000/jialei/SFM_E/ex_sea_12/6-5/images", "views": [{"key": 9, "value": {"polymorphic_id": 1073741824, "ptr_wrapper": {"id": 2147483649, "data": {"local_path": "", "filename": "128880_17395.546875.jpg", "width": 1920, "height": 1080, "id_view": 9, "id_intrinsic": 0, "id_pose": 9}}}}, {"key": 8, "value": {"polymorphic_id": 1073741824, "ptr_wrapper": {"id": 2147483650, "data": {"local_path": "", "filename": "128879_17395.479266.jpg", "width": 1920, "height": 1080, "id_view": 8, "id_intrinsic": 0, "id_pose": 8}}}}, {"key": 7, "value": {"polymorphic_id": 1073741824, "ptr_wrapper": {"id": 2147483651, "data": {"local_path": "", "filename": "128878_17395.379656.jpg", "width": 1920, "height": 1080, "id_view": 7, "id_intrinsic": 0, "id_pose": 7}}}}, {"key": 6, "value": {"polymorphic_id": 1073741824, "ptr_wrapper": {"id": 2147483652, "data": {"local_path": "", "filename": "128877_17395.280047.jpg", "width": 1920, "height": 1080, "id_view": 6, "id_intrinsic": 0, "id_pose": 6}}}}, {"key": 5, "value": {"polymorphic_id": 1073741824, "ptr_wrapper": {"id": 2147483653, "data": {"local_path": "", "filename": "128876_17395.180437.jpg", "width": 1920, "height": 1080, "id_view": 5, "id_intrinsic": 0, "id_pose": 5}}}}, {"key": 4, "value": {"polymorphic_id": 1073741824, "ptr_wrapper": {"id": 2147483654, "data": {"local_path": "", "filename": "128875_17395.078875.jpg", "width": 1920, "height": 1080, "id_view": 4, "id_intrinsic": 0, "id_pose": 4}}}}, {"key": 3, "value": {"polymorphic_id": 1073741824, "ptr_wrapper": {"id": 2147483655, "data": {"local_path": "", "filename": "128874_17394.979266.jpg", "width": 1920, "height": 1080, "id_view": 3, "id_intrinsic": 0, "id_pose": 3}}}}, {"key": 2, "value": {"polymorphic_id": 1073741824, "ptr_wrapper": {"id": 2147483656, "data": {"local_path": "", "filename": "128873_17394.879656.jpg", "width": 1920, "height": 1080, "id_view": 2, "id_intrinsic": 0, "id_pose": 2}}}}, {"key": 1, "value": {"polymorphic_id": 1073741824, "ptr_wrapper": {"id": 2147483657, "data": {"local_path": "", "filename": "128872_17394.780047.jpg", "width": 1920, "height": 1080, "id_view": 1, "id_intrinsic": 0, "id_pose": 1}}}}, {"key": 0, "value": {"polymorphic_id": 1073741824, "ptr_wrapper": {"id": 2147483658, "data": {"local_path": "", "filename": "128871_17394.680437.jpg", "width": 1920, "height": 1080, "id_view": 0, "id_intrinsic": 0, "id_pose": 0}}}}], "intrinsics": [{"key": 0, "value": {"polymorphic_id": 2147483649, "polymorphic_name": "pinhole_radial_k3", "ptr_wrapper": {"id": 2147483659, "data": {"width": 1920, "height": 1080, "focal_length": 1739.13, "principal_point": [960.0, 540.0], "disto_k3": [0.0, 0.0, 0.0]}}}}], "extrinsics": [{"key": 0, "value": {"rotation": [[0.9999999999939113, 2.0826628672804535e-06, 2.7998833910802323e-06], [-2.0827026384313414e-06, 0.9999999998969454, 1.4204646009571237e-05], [-2.7998538073028506e-06, -1.4204651840809206e-05, 0.9999999998951943]], "center": [102655.2882744234, -59731.17478747651, 609.3316321524817]}}, {"key": 1, "value": {"rotation": [[0.9999985003909415, 0.0006581913610938422, -0.001601873902569192], [-0.000659495286202211, 0.9999994515540055, -0.0008136078024482731], [0.0016013375144009509, 0.0008146630106424294, 0.9999983860198695]], "center": [102655.18828878268, -59738.46812488786, 609.2495733770205]}}, {"key": 2, "value": {"rotation": [[0.9999956561373937, 0.002459842026605874, -0.0016238483756445946], [-0.0024775176948031046, 0.99993671140854, -0.010974291938294507], [0.0015967505800461286, 0.010978267380562404, 0.999938462122998]], "center": [102657.13057312788, -59739.47650271238, 615.0898704815241]}}, {"key": 3, "value": {"rotation": [[0.9999969317314825, 0.0022276466053643812, -0.0010835673591963542], [-0.0022386631315373514, 0.9999447127884519, -0.01027422765001765], [0.0010606201034312184, 0.010276621868225883, 0.999946631639896]], "center": [102657.34557652363, -59744.29054741911, 615.1641093470225]}}, {"key": 4, "value": {"rotation": [[0.9999981886146498, 0.0015656236037344374, -0.0010824001801993987], [-0.0015757014799347262, 0.9999548274619104, -0.009373377217790592], [0.0010676761048171047, 0.009375065778558147, 0.9999554831138151]], "center": [102658.71386648805, -59751.57577482654, 615.9600435098962]}}, {"key": 5, "value": {"rotation": [[0.999999342334386, 0.0010353260509936048, 0.0004933870319516823], [-0.0010315000871140535, 0.999969879063259, -0.007692657134020951], [-0.0005013365790043649, 0.007692143146058326, 0.9999702893563666]], "center": [102658.67787250277, -59759.20534557677, 615.9046048453847]}}, {"key": 6, "value": {"rotation": [[0.999997384394125, 0.0005723821449337066, -0.0022144036643335537], [-0.0005957292311306977, 0.9999440955456674, -0.010557030360885867], [0.002208237213622903, 0.010558321932847487, 0.9999418210707917]], "center": [102660.25472217583, -59764.39580858595, 618.3843844348755]}}, {"key": 7, "value": {"rotation": [[0.9999976717684697, 0.00020873644634015557, -0.002147763193418065], [-0.00022796513491930436, 0.9999598633691871, -0.008956544120038394], [0.0021458074322485677, 0.008957012882255998, 0.9999575828157368]], "center": [102661.37569832118, -59772.055241740905, 619.0588629975038]}}, {"key": 8, "value": {"rotation": [[0.9999987075690459, -0.00015795181975702252, -0.0015999723310402272], [0.0001448864320069493, 0.9999666730068978, -0.008162835502356842], [0.0016012083434953132, 0.008162593138173087, 0.9999654035040921]], "center": [102661.28111483093, -59779.058577834076, 619.2125906994157]}}, {"key": 9, "value": {"rotation": [[0.9999974650647527, -0.0007136652289576409, -0.002135543492618004], [0.0006964305462202134, 0.9999672728492554, -0.008060286280172003], [0.0021412259484177745, 0.008058778590147036, 0.9999652350152345]], "center": [102662.25975113327, -59785.778495205865, 620.1116125840484]}}], "structure": [], "control_points": []}