{"sfm_data_version": "0.3", "root_path": "/mnt/ST8000/jialei/SFM_E/ex_sea_12/6-5/images", "views": [{"key": 9, "value": {"polymorphic_id": 1073741824, "ptr_wrapper": {"id": 2147483649, "data": {"local_path": "", "filename": "128880_17395.546875.jpg", "width": 1920, "height": 1080, "id_view": 9, "id_intrinsic": 0, "id_pose": 9}}}}, {"key": 8, "value": {"polymorphic_id": 1073741824, "ptr_wrapper": {"id": 2147483650, "data": {"local_path": "", "filename": "128879_17395.479266.jpg", "width": 1920, "height": 1080, "id_view": 8, "id_intrinsic": 0, "id_pose": 8}}}}, {"key": 7, "value": {"polymorphic_id": 1073741824, "ptr_wrapper": {"id": 2147483651, "data": {"local_path": "", "filename": "128878_17395.379656.jpg", "width": 1920, "height": 1080, "id_view": 7, "id_intrinsic": 0, "id_pose": 7}}}}, {"key": 6, "value": {"polymorphic_id": 1073741824, "ptr_wrapper": {"id": 2147483652, "data": {"local_path": "", "filename": "128877_17395.280047.jpg", "width": 1920, "height": 1080, "id_view": 6, "id_intrinsic": 0, "id_pose": 6}}}}, {"key": 5, "value": {"polymorphic_id": 1073741824, "ptr_wrapper": {"id": 2147483653, "data": {"local_path": "", "filename": "128876_17395.180437.jpg", "width": 1920, "height": 1080, "id_view": 5, "id_intrinsic": 0, "id_pose": 5}}}}, {"key": 4, "value": {"polymorphic_id": 1073741824, "ptr_wrapper": {"id": 2147483654, "data": {"local_path": "", "filename": "128875_17395.078875.jpg", "width": 1920, "height": 1080, "id_view": 4, "id_intrinsic": 0, "id_pose": 4}}}}, {"key": 3, "value": {"polymorphic_id": 1073741824, "ptr_wrapper": {"id": 2147483655, "data": {"local_path": "", "filename": "128874_17394.979266.jpg", "width": 1920, "height": 1080, "id_view": 3, "id_intrinsic": 0, "id_pose": 3}}}}, {"key": 2, "value": {"polymorphic_id": 1073741824, "ptr_wrapper": {"id": 2147483656, "data": {"local_path": "", "filename": "128873_17394.879656.jpg", "width": 1920, "height": 1080, "id_view": 2, "id_intrinsic": 0, "id_pose": 2}}}}, {"key": 1, "value": {"polymorphic_id": 1073741824, "ptr_wrapper": {"id": 2147483657, "data": {"local_path": "", "filename": "128872_17394.780047.jpg", "width": 1920, "height": 1080, "id_view": 1, "id_intrinsic": 0, "id_pose": 1}}}}, {"key": 0, "value": {"polymorphic_id": 1073741824, "ptr_wrapper": {"id": 2147483658, "data": {"local_path": "", "filename": "128871_17394.680437.jpg", "width": 1920, "height": 1080, "id_view": 0, "id_intrinsic": 0, "id_pose": 0}}}}], "intrinsics": [{"key": 0, "value": {"polymorphic_id": 2147483649, "polymorphic_name": "pinhole_radial_k3", "ptr_wrapper": {"id": 2147483659, "data": {"width": 1920, "height": 1080, "focal_length": 1739.13, "principal_point": [960.0, 540.0], "disto_k3": [0.0, 0.0, 0.0]}}}}], "extrinsics": [{"key": 0, "value": {"rotation": [[0.9999999990280736, -3.0157676548245513e-05, -3.216157170374647e-05], [3.015728368712279e-05, 0.9999999994706581, -1.2215648940348907e-05], [3.2161940082311664e-05, 1.2214679022834564e-05, 0.9999999994082056]], "center": [102655.28827440477, -59731.17478745892, 609.3316321535817]}}, {"key": 1, "value": {"rotation": [[0.9999983347710145, 0.0006723600013570826, -0.001696581040228723], [-0.0006738039382343309, 0.9999994111841851, -0.0008506582953472963], [0.0016960080926423761, 0.0008518000417929178, 0.9999981989949974]], "center": [102655.14551513895, -59738.29965369086, 609.3693715530654]}}, {"key": 2, "value": {"rotation": [[0.9999993511580866, 5.9211659864761356e-05, -0.0011376191738595289], [-5.974203348369571e-05, 0.9999998895510469, -0.00046618535257500005], [0.0011375914446021514, 0.0004662530137772373, 0.9999992442466306]], "center": [102655.53797905489, -59744.958245661604, 609.6850362575434]}}, {"key": 3, "value": {"rotation": [[0.9999998125226466, -0.00021078637087141008, -0.000574911973798093], [0.0002109300978306222, 0.9999999465169875, 0.00024994902635028037], [0.0005748592572019287, -0.0002500702457293294, 0.999999803500834]], "center": [102655.73575404445, -59749.65789637927, 609.8021621549843]}}, {"key": 4, "value": {"rotation": [[0.9999994083053911, -0.0009266466562225735, -0.0005698375574812382], [0.0009273065751636346, 0.9999988985134323, 0.0011589108842300136], [0.0005687630289171345, -0.0011594386126224415, 0.9999991661050126]], "center": [102657.1054445962, -59756.74788196287, 610.6155195646907]}}, {"key": 5, "value": {"rotation": [[0.9999982319054057, -0.0015526823943652862, 0.0010608314874760358], [0.0015496412066455416, 0.9999947048324003, 0.002861628783001988], [-0.0010652690708260486, -0.0028599798151852317, 0.9999953428477873]], "center": [102657.0266320027, -59764.21490229566, 610.6816955089762]}}, {"key": 6, "value": {"rotation": [[0.9999965940452913, -0.0018396653218159238, -0.001851358776917098], [0.0018398155009458053, 0.9999983043843733, 7.941851613304046e-05], [0.0018512095342341952, -8.282440421266836e-05, 0.9999982830802155]], "center": [102658.83140373026, -59769.17754936752, 612.8407808919487]}}, {"key": 7, "value": {"rotation": [[0.9999957865423508, -0.0022977060207947297, -0.001774103882906419], [0.002300727688814546, 0.9999959031282085, 0.0017030498818262829], [0.0017701835066630774, -0.001707124436023903, 0.9999969760836845]], "center": [102659.9529179973, -59776.644993902475, 613.5463777904639]}}, {"key": 8, "value": {"rotation": [[0.9999955936775784, -0.0027105114382476106, -0.0012106829356754842], [0.0027135325043233243, 0.9999931915789458, 0.002500707320253176], [0.0012038964970410152, -0.0025039815288287674, 0.9999961403474157]], "center": [102659.85795502418, -59783.46601916807, 613.7464454099534]}}, {"key": 9, "value": {"rotation": [[0.9999930746768066, -0.0032732133256380747, -0.0017710654848445589], [0.003277824170372055, 0.9999912301385193, 0.0026068208144845195], [0.001762517272218059, -0.002612608002661367, 0.9999950338938138]], "center": [102660.88053172275, -59789.98488341741, 614.607723045141]}}], "structure": [], "control_points": []}