{"sfm_data_version": "0.3", "root_path": "/mnt/ST8000/jialei/SFM_E/ex_sea_12/6-5/images", "views": [{"key": 9, "value": {"polymorphic_id": 1073741824, "ptr_wrapper": {"id": 2147483649, "data": {"local_path": "", "filename": "128880_17395.546875.jpg", "width": 1920, "height": 1080, "id_view": 9, "id_intrinsic": 0, "id_pose": 9}}}}, {"key": 8, "value": {"polymorphic_id": 1073741824, "ptr_wrapper": {"id": 2147483650, "data": {"local_path": "", "filename": "128879_17395.479266.jpg", "width": 1920, "height": 1080, "id_view": 8, "id_intrinsic": 0, "id_pose": 8}}}}, {"key": 7, "value": {"polymorphic_id": 1073741824, "ptr_wrapper": {"id": 2147483651, "data": {"local_path": "", "filename": "128878_17395.379656.jpg", "width": 1920, "height": 1080, "id_view": 7, "id_intrinsic": 0, "id_pose": 7}}}}, {"key": 6, "value": {"polymorphic_id": 1073741824, "ptr_wrapper": {"id": 2147483652, "data": {"local_path": "", "filename": "128877_17395.280047.jpg", "width": 1920, "height": 1080, "id_view": 6, "id_intrinsic": 0, "id_pose": 6}}}}, {"key": 5, "value": {"polymorphic_id": 1073741824, "ptr_wrapper": {"id": 2147483653, "data": {"local_path": "", "filename": "128876_17395.180437.jpg", "width": 1920, "height": 1080, "id_view": 5, "id_intrinsic": 0, "id_pose": 5}}}}, {"key": 4, "value": {"polymorphic_id": 1073741824, "ptr_wrapper": {"id": 2147483654, "data": {"local_path": "", "filename": "128875_17395.078875.jpg", "width": 1920, "height": 1080, "id_view": 4, "id_intrinsic": 0, "id_pose": 4}}}}, {"key": 3, "value": {"polymorphic_id": 1073741824, "ptr_wrapper": {"id": 2147483655, "data": {"local_path": "", "filename": "128874_17394.979266.jpg", "width": 1920, "height": 1080, "id_view": 3, "id_intrinsic": 0, "id_pose": 3}}}}, {"key": 2, "value": {"polymorphic_id": 1073741824, "ptr_wrapper": {"id": 2147483656, "data": {"local_path": "", "filename": "128873_17394.879656.jpg", "width": 1920, "height": 1080, "id_view": 2, "id_intrinsic": 0, "id_pose": 2}}}}, {"key": 1, "value": {"polymorphic_id": 1073741824, "ptr_wrapper": {"id": 2147483657, "data": {"local_path": "", "filename": "128872_17394.780047.jpg", "width": 1920, "height": 1080, "id_view": 1, "id_intrinsic": 0, "id_pose": 1}}}}, {"key": 0, "value": {"polymorphic_id": 1073741824, "ptr_wrapper": {"id": 2147483658, "data": {"local_path": "", "filename": "128871_17394.680437.jpg", "width": 1920, "height": 1080, "id_view": 0, "id_intrinsic": 0, "id_pose": 0}}}}], "intrinsics": [{"key": 0, "value": {"polymorphic_id": 2147483649, "polymorphic_name": "pinhole_radial_k3", "ptr_wrapper": {"id": 2147483659, "data": {"width": 1920, "height": 1080, "focal_length": 1739.13, "principal_point": [960.0, 540.0], "disto_k3": [0.0, 0.0, 0.0]}}}}], "extrinsics": [{"key": 0, "value": {"rotation": [[0.9999999228893836, -0.00032561079045350386, 0.00021954234240048823], [0.00032564553606146594, 0.9999999344564902, -0.00015824664409103898], [-0.0002194908011960622, 0.0001583181248722959, 0.9999999633795791]], "center": [8.738070838156714e-05, -0.0003793755591256009, 0.00029217486317448856]}}, {"key": 1, "value": {"rotation": [[0.9999988850777382, 0.0003766641477570355, -0.00144498006923427], [-0.00037810480725209187, 0.9999994316469502, -0.00099686635577961], [0.0014446037641591095, 0.0009974115982616845, 0.999998459143847]], "center": [-0.00014581475739985737, -0.01184778793064788, 0.00035453881759263655]}}, {"key": 2, "value": {"rotation": [[0.9999995796221832, -0.00023640278915283965, -0.0008859284273903747], [0.0002358604375401944, 0.9999997847666438, -0.0006122389400661015], [0.0008860729717020668, 0.0006120297272279498, 0.9999994201469828]], "center": [0.0004826170534861737, -0.02256585449602219, 0.0008643704609124861]}}, {"key": 3, "value": {"rotation": [[0.9999998195974523, -0.0005063187227240053, -0.00032318170489798674], [0.0005063523455370871, 0.9999998663994345, 0.00010396352826135334], [0.00032312902303989753, -0.00010412715332035751, 0.9999999423725835]], "center": [0.0007986814019383661, -0.03013067961987499, 0.0010540861871085993]}}, {"key": 4, "value": {"rotation": [[0.9999992025771126, -0.001222178108326801, -0.00031800284731319265], [0.0012224997132203755, 0.9999987395547377, 0.001013105812312101], [0.0003167642507428086, -0.001013493762827931, 0.9999994362452422]], "center": [0.0029996921449960863, -0.04154348346232824, 0.002365522612664735]}}, {"key": 5, "value": {"rotation": [[0.9999974308247155, -0.0018479752030354612, 0.0013127572578765095], [0.001844404558888165, 0.9999946107952851, 0.0027159808927513782], [-0.0013177692485006054, -0.002713552659449205, 0.9999954500477352]], "center": [0.002869253717045854, -0.05356266541804676, 0.0024737655831731696]}}, {"key": 6, "value": {"rotation": [[0.9999964410366896, -0.002135383139701165, -0.0015993913848821786], [0.002135280055822271, 0.9999977180985806, -6.615674526504668e-05], [0.0015995290052271155, 6.274136129008585e-05, 0.999998718784421]], "center": [0.005771056390787892, -0.061551104697611346, 0.0059510194827764006]}}, {"key": 7, "value": {"rotation": [[0.9999954787478867, -0.0025934122872836455, -0.0015220698057744066], [0.0025957829022985246, 0.9999954179003369, 0.0015575909137310576], [0.0015180233560846096, -0.0015615348342477426, 0.9999976286042145]], "center": [0.007572456111685954, -0.07357138991720245, 0.007088988164292655]}}, {"key": 8, "value": {"rotation": [[0.9999950221167875, -0.0030061353022355877, -0.0009585886454230693], [0.0030083861499336038, 0.9999927009367727, 0.0023553526171452856], [0.0009515011399722814, -0.0023582246972793743, 0.9999967667057021]], "center": [0.0074162743585531755, -0.08455071143827086, 0.00741259050180183]}}, {"key": 9, "value": {"rotation": [[0.9999924778699625, -0.0035689182939723555, -0.0015188896287086748], [0.0035726504897681667, 0.999990588281929, 0.002461608425264941], [0.0015100900540061623, -0.00246701637050216, 0.9999958167203785]], "center": [0.009058808051271539, -0.0950440376305602, 0.008800886485525634]}}], "structure": [], "control_points": []}