{"sfm_data_version": "0.3", "root_path": "/mnt/ST8000/jialei/SFM_E/ex_sea_12/6-1/images", "views": [{"key": 9, "value": {"polymorphic_id": 1073741824, "ptr_wrapper": {"id": 2147483649, "data": {"local_path": "", "filename": "104926_15025.847656.jpg", "width": 1920, "height": 1080, "id_view": 9, "id_intrinsic": 0, "id_pose": 9}}}}, {"key": 8, "value": {"polymorphic_id": 1073741824, "ptr_wrapper": {"id": 2147483650, "data": {"local_path": "", "filename": "104925_15025.748047.jpg", "width": 1920, "height": 1080, "id_view": 8, "id_intrinsic": 0, "id_pose": 8}}}}, {"key": 7, "value": {"polymorphic_id": 1073741824, "ptr_wrapper": {"id": 2147483651, "data": {"local_path": "", "filename": "104924_15025.647461.jpg", "width": 1920, "height": 1080, "id_view": 7, "id_intrinsic": 0, "id_pose": 7}}}}, {"key": 6, "value": {"polymorphic_id": 1073741824, "ptr_wrapper": {"id": 2147483652, "data": {"local_path": "", "filename": "104923_15025.547852.jpg", "width": 1920, "height": 1080, "id_view": 6, "id_intrinsic": 0, "id_pose": 6}}}}, {"key": 5, "value": {"polymorphic_id": 1073741824, "ptr_wrapper": {"id": 2147483653, "data": {"local_path": "", "filename": "104922_15025.447266.jpg", "width": 1920, "height": 1080, "id_view": 5, "id_intrinsic": 0, "id_pose": 5}}}}, {"key": 4, "value": {"polymorphic_id": 1073741824, "ptr_wrapper": {"id": 2147483654, "data": {"local_path": "", "filename": "104921_15025.347656.jpg", "width": 1920, "height": 1080, "id_view": 4, "id_intrinsic": 0, "id_pose": 4}}}}, {"key": 3, "value": {"polymorphic_id": 1073741824, "ptr_wrapper": {"id": 2147483655, "data": {"local_path": "", "filename": "104920_15025.280047.jpg", "width": 1920, "height": 1080, "id_view": 3, "id_intrinsic": 0, "id_pose": 3}}}}, {"key": 2, "value": {"polymorphic_id": 1073741824, "ptr_wrapper": {"id": 2147483656, "data": {"local_path": "", "filename": "104919_15025.248047.jpg", "width": 1920, "height": 1080, "id_view": 2, "id_intrinsic": 0, "id_pose": 2}}}}, {"key": 1, "value": {"polymorphic_id": 1073741824, "ptr_wrapper": {"id": 2147483657, "data": {"local_path": "", "filename": "104918_15025.147461.jpg", "width": 1920, "height": 1080, "id_view": 1, "id_intrinsic": 0, "id_pose": 1}}}}, {"key": 0, "value": {"polymorphic_id": 1073741824, "ptr_wrapper": {"id": 2147483658, "data": {"local_path": "", "filename": "104917_15025.047852.jpg", "width": 1920, "height": 1080, "id_view": 0, "id_intrinsic": 0, "id_pose": 0}}}}], "intrinsics": [{"key": 0, "value": {"polymorphic_id": 2147483649, "polymorphic_name": "pinhole_radial_k3", "ptr_wrapper": {"id": 2147483659, "data": {"width": 1920, "height": 1080, "focal_length": 1739.13, "principal_point": [960.0, 540.0], "disto_k3": [0.0, 0.0, 0.0]}}}}], "extrinsics": [{"key": 0, "value": {"rotation": [[0.999999045325574, -0.0008415057221452584, 0.0010960000273906932], [0.0008422284637709493, 0.9999994280918455, -0.0006591412569721834], [-0.0010954447294398927, 0.0006600637101262499, 0.9999991821580372]], "center": [0.0005872429268292201, -0.001406580363086532, 0.0012506337501334423]}}, {"key": 1, "value": {"rotation": [[0.9999999467736524, 3.6899119539542355e-05, 0.00032417764746230717], [-3.6963985182605056e-05, 0.9999999792989919, 0.00020008917925472142], [-0.00032417025763695456, -0.00020010115150247, 0.999999927436584]], "center": [0.0012154919857827184, -0.011127103552497566, 0.0015067469699442321]}}, {"key": 2, "value": {"rotation": [[0.9999988621630689, -0.00017168882302717026, 0.0014987313019890478], [0.0001686995054656367, 0.9999979968249567, 0.0019944639758129263], [-0.0014990707269404333, -0.0019942088712086416, 0.9999968879541244]], "center": [0.0018821632107512184, -0.02300984255781964, 0.0012829404750432614]}}, {"key": 3, "value": {"rotation": [[0.9999971651830117, -0.0004971939738337539, 0.002328609905747268], [0.0004920661413450965, 0.9999974541872895, 0.0022021557284735527], [-0.002329698876100164, -0.0022010036556740524, 0.9999948640298382]], "center": [0.002093219775913403, -0.033380703863039596, 0.0012859584709924553]}}, {"key": 4, "value": {"rotation": [[0.9999914646472577, -0.0015767021103133656, 0.0038189845624542187], [0.0015706195867736688, 0.9999974942698122, 0.001595182814208451], [-0.003821490121218761, -0.001589171026805046, 0.9999914353376739]], "center": [0.0030422912027135464, -0.043139457981637847, 0.001268661030699992]}}, {"key": 5, "value": {"rotation": [[0.9999881267918677, -0.0016653189470936084, 0.004579627506369977], [0.0016557662578109322, 0.9999964474390147, 0.002088910589252811], [-0.004583089939346979, -0.0020813029944841722, 0.9999873316519831]], "center": [0.003100486339048832, -0.05364303377774205, 0.0010809397330625548]}}, {"key": 6, "value": {"rotation": [[0.9999816032398675, -0.0022547236744733376, 0.005631110279253274], [0.002241514418841653, 0.9999947242520021, 0.0023509745368702857], [-0.005636381368880795, -0.0023383090716705534, 0.9999813815845524]], "center": [0.003213813776707984, -0.06374202813373772, 0.0010778465605848504]}}, {"key": 7, "value": {"rotation": [[0.9999771874028703, -0.0022489884960535896, 0.006369201252176263], [0.002229994006778341, 0.9999930501437996, 0.0029877735574713143], [-0.006375876455502984, -0.0029735021179764063, 0.9999752529360808]], "center": [0.0032643801129798628, -0.07441428470192064, 0.0008238205046337448]}}, {"key": 8, "value": {"rotation": [[0.9999688253789907, -0.00304054470799875, 0.007287205091253281], [0.0030116879299889533, 0.9999875937410956, 0.003967631498322114], [-0.007299178445255664, -0.003945561021297056, 0.9999655766786434]], "center": [0.004753212664193167, -0.08532019845926714, 0.0009919643814828847]}}, {"key": 9, "value": {"rotation": [[0.9999619320458393, -0.003460231764378644, 0.008010072115226552], [0.0034270935561317886, 0.9999855281781378, 0.004147103091174668], [-0.008024306132735966, -0.0041194939529138955, 0.9999593193128709]], "center": [0.005558903568471337, -0.09584154727350255, 0.0010530422019383306]}}], "structure": [], "control_points": []}