{"sfm_data_version": "0.3", "root_path": "/mnt/ST8000/jialei/SFM_E/ex_sea_12/6-1/images", "views": [{"key": 9, "value": {"polymorphic_id": 1073741824, "ptr_wrapper": {"id": 2147483649, "data": {"local_path": "", "filename": "104926_15025.847656.jpg", "width": 1920, "height": 1080, "id_view": 9, "id_intrinsic": 0, "id_pose": 9}}}}, {"key": 8, "value": {"polymorphic_id": 1073741824, "ptr_wrapper": {"id": 2147483650, "data": {"local_path": "", "filename": "104925_15025.748047.jpg", "width": 1920, "height": 1080, "id_view": 8, "id_intrinsic": 0, "id_pose": 8}}}}, {"key": 7, "value": {"polymorphic_id": 1073741824, "ptr_wrapper": {"id": 2147483651, "data": {"local_path": "", "filename": "104924_15025.647461.jpg", "width": 1920, "height": 1080, "id_view": 7, "id_intrinsic": 0, "id_pose": 7}}}}, {"key": 6, "value": {"polymorphic_id": 1073741824, "ptr_wrapper": {"id": 2147483652, "data": {"local_path": "", "filename": "104923_15025.547852.jpg", "width": 1920, "height": 1080, "id_view": 6, "id_intrinsic": 0, "id_pose": 6}}}}, {"key": 5, "value": {"polymorphic_id": 1073741824, "ptr_wrapper": {"id": 2147483653, "data": {"local_path": "", "filename": "104922_15025.447266.jpg", "width": 1920, "height": 1080, "id_view": 5, "id_intrinsic": 0, "id_pose": 5}}}}, {"key": 4, "value": {"polymorphic_id": 1073741824, "ptr_wrapper": {"id": 2147483654, "data": {"local_path": "", "filename": "104921_15025.347656.jpg", "width": 1920, "height": 1080, "id_view": 4, "id_intrinsic": 0, "id_pose": 4}}}}, {"key": 3, "value": {"polymorphic_id": 1073741824, "ptr_wrapper": {"id": 2147483655, "data": {"local_path": "", "filename": "104920_15025.280047.jpg", "width": 1920, "height": 1080, "id_view": 3, "id_intrinsic": 0, "id_pose": 3}}}}, {"key": 2, "value": {"polymorphic_id": 1073741824, "ptr_wrapper": {"id": 2147483656, "data": {"local_path": "", "filename": "104919_15025.248047.jpg", "width": 1920, "height": 1080, "id_view": 2, "id_intrinsic": 0, "id_pose": 2}}}}, {"key": 1, "value": {"polymorphic_id": 1073741824, "ptr_wrapper": {"id": 2147483657, "data": {"local_path": "", "filename": "104918_15025.147461.jpg", "width": 1920, "height": 1080, "id_view": 1, "id_intrinsic": 0, "id_pose": 1}}}}, {"key": 0, "value": {"polymorphic_id": 1073741824, "ptr_wrapper": {"id": 2147483658, "data": {"local_path": "", "filename": "104917_15025.047852.jpg", "width": 1920, "height": 1080, "id_view": 0, "id_intrinsic": 0, "id_pose": 0}}}}], "intrinsics": [{"key": 0, "value": {"polymorphic_id": 2147483649, "polymorphic_name": "pinhole_radial_k3", "ptr_wrapper": {"id": 2147483659, "data": {"width": 1920, "height": 1080, "focal_length": 1739.13, "principal_point": [960.0, 540.0], "disto_k3": [0.0, 0.0, 0.0]}}}}], "extrinsics": [{"key": 0, "value": {"rotation": [[0.9999999976825182, 3.469846329468442e-05, 5.85745754570889e-05], [-3.470034670839636e-05, 0.9999999988810221, 3.215340627569689e-05], [-5.857345971775771e-05, -3.2155438759258946e-05, 0.9999999977675889]], "center": [102655.28827454457, -59731.17478759227, 609.3316321816637]}}, {"key": 1, "value": {"rotation": [[0.9999993287054393, 0.0009136370767612025, -0.00071264013581953], [-0.0009130010598178274, 0.9999991851188911, 0.0008922951409959712], [0.0007134547890267751, -0.0008916439008038375, 0.9999993479764966]], "center": [102655.70154238942, -59737.480631367085, 609.4929954327355]}}, {"key": 2, "value": {"rotation": [[0.9999996454100214, 0.0007042363927155289, 0.0004617693527090097], [-0.000705474448460526, 0.9999961426281021, 0.0026864539302174197], [-0.0004598756728678247, -0.0026867787441071573, 0.9999962848602719]], "center": [102656.14064231895, -59745.18895264719, 609.3420191468409]}}, {"key": 3, "value": {"rotation": [[0.9999990946108257, 0.00037815629590382547, 0.0012914237669093684], [-0.0003818921655570983, 0.9999957400023445, 0.0028938098654167415], [-0.0012903239530273483, -0.002894300430011607, 0.9999949790319537]], "center": [102656.28346038402, -59751.91682022809, 609.3391781756071]}}, {"key": 4, "value": {"rotation": [[0.9999958861820418, -0.0007023864010666235, 0.0027810559752737335], [0.0006960305465277591, 0.9999971455106264, 0.0022857191598291463], [-0.0027826534948334793, -0.002283774056886209, 0.9999935205868012]], "center": [102656.90469599361, -59758.24716078031, 609.3229362218586]}}, {"key": 5, "value": {"rotation": [[0.9999934151083946, -0.0007915319107776784, 0.0035416404512274304], [0.0007816902739613614, 0.9999958320572966, 0.002779357542889106], [-0.0035438256400595557, -0.002776570775226313, 0.999989865925932]], "center": [102656.94829392526, -59765.061126909386, 609.1963984027049]}}, {"key": 6, "value": {"rotation": [[0.9999884988854452, -0.001381668838151282, 0.004592721203957957], [0.0013677112829420367, 0.9999944413963381, 0.0030408127651750205], [-0.004596897071081293, -0.003034496275828946, 0.9999848300697718]], "center": [102657.02755261697, -59771.61267654931, 609.1897806912881]}}, {"key": 7, "value": {"rotation": [[0.9999848437592, -0.001376447747590432, 0.005330820151568496], [0.0013568529952458844, 0.99999231699339, 0.0036776220770347273], [-0.005335841249466433, -0.0036703331988190784, 0.9999790285062835]], "center": [102657.06625270894, -59778.53604714664, 609.0201577574367]}}, {"key": 8, "value": {"rotation": [[0.9999781277225839, -0.0021686453773020276, 0.006248284057672698], [0.0021395675319534173, 0.999986868774779, 0.004656664985749109], [-0.006258300665042409, -0.00464319450818038, 0.9999696367478093]], "center": [102658.03842943684, -59785.610371429895, 609.1233406907526]}}, {"key": 9, "value": {"rotation": [[0.9999723520823733, -0.002588837905295058, 0.006970867173363699], [0.0025551607777202995, 0.9999850434468175, 0.0048357042989550835], [-0.0069832817678059655, -0.004817758915412731, 0.9999640108397825]], "center": [102658.5671347305, -59792.43555392377, 609.1576978591231]}}], "structure": [], "control_points": []}