{"sfm_data_version": "0.3", "root_path": "/mnt/ST8000/jialei/SFM_E/ex_sea_12/1-5/images", "views": [{"key": 9, "value": {"polymorphic_id": 1073741824, "ptr_wrapper": {"id": 2147483649, "data": {"local_path": "", "filename": "075418_15357.965820.jpg", "width": 1920, "height": 1080, "id_view": 9, "id_intrinsic": 0, "id_pose": 9}}}}, {"key": 8, "value": {"polymorphic_id": 1073741824, "ptr_wrapper": {"id": 2147483650, "data": {"local_path": "", "filename": "075417_15357.866211.jpg", "width": 1920, "height": 1080, "id_view": 8, "id_intrinsic": 0, "id_pose": 8}}}}, {"key": 7, "value": {"polymorphic_id": 1073741824, "ptr_wrapper": {"id": 2147483651, "data": {"local_path": "", "filename": "075416_15357.766602.jpg", "width": 1920, "height": 1080, "id_view": 7, "id_intrinsic": 0, "id_pose": 7}}}}, {"key": 6, "value": {"polymorphic_id": 1073741824, "ptr_wrapper": {"id": 2147483652, "data": {"local_path": "", "filename": "075415_15357.666016.jpg", "width": 1920, "height": 1080, "id_view": 6, "id_intrinsic": 0, "id_pose": 6}}}}, {"key": 5, "value": {"polymorphic_id": 1073741824, "ptr_wrapper": {"id": 2147483653, "data": {"local_path": "", "filename": "075414_15357.566406.jpg", "width": 1920, "height": 1080, "id_view": 5, "id_intrinsic": 0, "id_pose": 5}}}}, {"key": 4, "value": {"polymorphic_id": 1073741824, "ptr_wrapper": {"id": 2147483654, "data": {"local_path": "", "filename": "075413_15357.497820.jpg", "width": 1920, "height": 1080, "id_view": 4, "id_intrinsic": 0, "id_pose": 4}}}}, {"key": 3, "value": {"polymorphic_id": 1073741824, "ptr_wrapper": {"id": 2147483655, "data": {"local_path": "", "filename": "075412_15357.398211.jpg", "width": 1920, "height": 1080, "id_view": 3, "id_intrinsic": 0, "id_pose": 3}}}}, {"key": 2, "value": {"polymorphic_id": 1073741824, "ptr_wrapper": {"id": 2147483656, "data": {"local_path": "", "filename": "075411_15357.299602.jpg", "width": 1920, "height": 1080, "id_view": 2, "id_intrinsic": 0, "id_pose": 2}}}}, {"key": 1, "value": {"polymorphic_id": 1073741824, "ptr_wrapper": {"id": 2147483657, "data": {"local_path": "", "filename": "075410_15357.198016.jpg", "width": 1920, "height": 1080, "id_view": 1, "id_intrinsic": 0, "id_pose": 1}}}}, {"key": 0, "value": {"polymorphic_id": 1073741824, "ptr_wrapper": {"id": 2147483658, "data": {"local_path": "", "filename": "075409_15357.099406.jpg", "width": 1920, "height": 1080, "id_view": 0, "id_intrinsic": 0, "id_pose": 0}}}}], "intrinsics": [{"key": 0, "value": {"polymorphic_id": 2147483649, "polymorphic_name": "pinhole_radial_k3", "ptr_wrapper": {"id": 2147483659, "data": {"width": 1920, "height": 1080, "focal_length": 1739.13, "principal_point": [960.0, 540.0], "disto_k3": [0.0, 0.0, 0.0]}}}}], "extrinsics": [{"key": 0, "value": {"rotation": [[0.9999998812127469, -0.0003798322855116518, 0.00030545364134735393], [0.00037987480936808594, 0.9999999181634929, -0.00013916945331430726], [-0.00030540075529854744, 0.0001392854709265751, 0.9999999436649665]], "center": [0.00021540401491212556, -0.0004983161122490019, 0.0002813686053261415]}}, {"key": 1, "value": {"rotation": [[0.9999995612789123, 0.00012985063136746285, 0.000927674941136067], [-0.00012990068664393698, 0.9999999901104233, 5.389772673370479e-05], [-0.0009276679333079094, -5.4018208699462595e-05, 0.9999995682570262]], "center": [-0.00023570669343915852, -0.011867149942176889, 0.0010590027086187159]}}, {"key": 2, "value": {"rotation": [[0.9999988136522638, -0.0010528329967969118, 0.0011243828289029302], [0.0010531491378516207, 0.9999994060663108, -0.0002806134694396634], [-0.001124086721974117, 0.0002817972793414143, 0.9999993285094421]], "center": [0.0006958696324431783, -0.023578263225032908, 0.0017697415441572135]}}, {"key": 3, "value": {"rotation": [[0.9999987612616172, -0.001573915064347219, 1.632794806600816e-05], [0.0015739264057071847, 0.9999985025082495, -0.0007195393862985849], [-1.5195429735542372e-05, 0.0007195641939661515, 0.9999997409982017]], "center": [0.0006406990270567092, -0.03445024800690353, 0.002835002863881747]}}, {"key": 4, "value": {"rotation": [[0.9999968489494684, -0.0018847841525412056, 0.0016582158584970822], [0.0018834078145600914, 0.9999978809537111, 0.0008311817441274049], [-0.0016597789428400987, -0.0008280560283256053, 0.999998279727058]], "center": [0.0002980197657983184, -0.04732829992190152, 0.0016946457418461785]}}, {"key": 5, "value": {"rotation": [[0.999995597827998, -0.0026522871805162384, 0.0013302997173617291], [0.0026512027870411016, 0.999996152420926, 0.0008162518768942091], [-0.0013324595333175171, -0.0008127213892947977, 0.9999987820170263]], "center": [0.0006759920428268769, -0.05897962691036676, 0.0024084501290102403]}}, {"key": 6, "value": {"rotation": [[0.9999929604054064, -0.003193703976440182, 0.0019696178673518734], [0.0031905854952252416, 0.9999936548884746, 0.0015844074564582203], [-0.0019746654983007895, -0.0015781120686733897, 0.9999968051241309]], "center": [-0.00041306292760978213, -0.07112057611627796, 0.0022147730286808044]}}, {"key": 7, "value": {"rotation": [[0.9999883076037769, -0.004638875266168748, 0.0013658301507709738], [0.004638672247211706, 0.9999892297845568, 0.000151771773928238], [-0.0013665194908141387, -0.00014543436093777094, 0.9999990557362185]], "center": [0.00039885377742817973, -0.08176478435539182, 0.003988832117154552]}}, {"key": 8, "value": {"rotation": [[0.9999823502564554, -0.005838453305221929, 0.0011007445572508198], [0.005839009610316211, 0.9999828264041585, -0.0005028553680573279], [-0.0010977897559229643, 0.0005092737508373735, 0.9999992677486815]], "center": [0.0003776353269290744, -0.09262599014205615, 0.0050048972141852445]}}, {"key": 9, "value": {"rotation": [[0.9999766431155784, -0.006833820892282209, 0.00011006958326165614], [0.006833967775085376, 0.9999756758647461, -0.0013944759923125067], [-0.00010053730674415071, 0.0013951956336830042, 0.9999990216602186]], "center": [0.0008571799574206001, -0.1035863326551492, 0.0066375284662507925]}}], "structure": [], "control_points": []}