{"sfm_data_version": "0.3", "root_path": "/mnt/ST8000/jialei/SFM_E/ex_sea_12/1-5/images", "views": [{"key": 9, "value": {"polymorphic_id": 1073741824, "ptr_wrapper": {"id": 2147483649, "data": {"local_path": "", "filename": "075418_15357.965820.jpg", "width": 1920, "height": 1080, "id_view": 9, "id_intrinsic": 0, "id_pose": 9}}}}, {"key": 8, "value": {"polymorphic_id": 1073741824, "ptr_wrapper": {"id": 2147483650, "data": {"local_path": "", "filename": "075417_15357.866211.jpg", "width": 1920, "height": 1080, "id_view": 8, "id_intrinsic": 0, "id_pose": 8}}}}, {"key": 7, "value": {"polymorphic_id": 1073741824, "ptr_wrapper": {"id": 2147483651, "data": {"local_path": "", "filename": "075416_15357.766602.jpg", "width": 1920, "height": 1080, "id_view": 7, "id_intrinsic": 0, "id_pose": 7}}}}, {"key": 6, "value": {"polymorphic_id": 1073741824, "ptr_wrapper": {"id": 2147483652, "data": {"local_path": "", "filename": "075415_15357.666016.jpg", "width": 1920, "height": 1080, "id_view": 6, "id_intrinsic": 0, "id_pose": 6}}}}, {"key": 5, "value": {"polymorphic_id": 1073741824, "ptr_wrapper": {"id": 2147483653, "data": {"local_path": "", "filename": "075414_15357.566406.jpg", "width": 1920, "height": 1080, "id_view": 5, "id_intrinsic": 0, "id_pose": 5}}}}, {"key": 4, "value": {"polymorphic_id": 1073741824, "ptr_wrapper": {"id": 2147483654, "data": {"local_path": "", "filename": "075413_15357.497820.jpg", "width": 1920, "height": 1080, "id_view": 4, "id_intrinsic": 0, "id_pose": 4}}}}, {"key": 3, "value": {"polymorphic_id": 1073741824, "ptr_wrapper": {"id": 2147483655, "data": {"local_path": "", "filename": "075412_15357.398211.jpg", "width": 1920, "height": 1080, "id_view": 3, "id_intrinsic": 0, "id_pose": 3}}}}, {"key": 2, "value": {"polymorphic_id": 1073741824, "ptr_wrapper": {"id": 2147483656, "data": {"local_path": "", "filename": "075411_15357.299602.jpg", "width": 1920, "height": 1080, "id_view": 2, "id_intrinsic": 0, "id_pose": 2}}}}, {"key": 1, "value": {"polymorphic_id": 1073741824, "ptr_wrapper": {"id": 2147483657, "data": {"local_path": "", "filename": "075410_15357.198016.jpg", "width": 1920, "height": 1080, "id_view": 1, "id_intrinsic": 0, "id_pose": 1}}}}, {"key": 0, "value": {"polymorphic_id": 1073741824, "ptr_wrapper": {"id": 2147483658, "data": {"local_path": "", "filename": "075409_15357.099406.jpg", "width": 1920, "height": 1080, "id_view": 0, "id_intrinsic": 0, "id_pose": 0}}}}], "intrinsics": [{"key": 0, "value": {"polymorphic_id": 2147483649, "polymorphic_name": "pinhole_radial_k3", "ptr_wrapper": {"id": 2147483659, "data": {"width": 1920, "height": 1080, "focal_length": 1739.13, "principal_point": [960.0, 540.0], "disto_k3": [0.0, 0.0, 0.0]}}}}], "extrinsics": [{"key": 0, "value": {"rotation": [[0.999999984572717, 0.00017210573643786426, 3.513092214611932e-05], [-0.00017210460539241235, 0.9999999846717228, -3.2195638617568725e-05], [-3.513646266171735e-05, 3.218959192738442e-05, 0.9999999988646296]], "center": [102655.28827448901, -59731.174787465236, 609.3316321704177]}}, {"key": 1, "value": {"rotation": [[0.9999995515356621, 0.0006817218637283631, 0.0006574068571710565], [-0.0006818278508385452, 0.9999997545933597, 0.00016100932415038054], [-0.0006572969322625333, -0.0001614574902480305, 0.9999997709460848]], "center": [102655.01491150763, -59738.16473491345, 609.8090607972298]}}, {"key": 2, "value": {"rotation": [[0.9999995098598761, -0.0005009830236193443, 0.0008539883010825587], [0.0005011316404481649, 0.9999998593265419, -0.00017382167757658395], [-0.0008539010992394904, 0.0001742495529378338, 0.9999996202449312]], "center": [102655.59175192246, -59745.36464768774, 610.2451088253697]}}, {"key": 3, "value": {"rotation": [[0.9999994455233894, -0.0010219465564229974, -0.00025412231440822435], [0.0010217906489327832, 0.9999992901555699, -0.0006128884293933657], [0.00025474847324079487, 0.0006126284297564821, 0.9999997798947875]], "center": [102655.56169852834, -59752.04900883358, 610.899342259338]}}, {"key": 4, "value": {"rotation": [[0.9999981486630641, -0.0013329922136495508, 0.0013877327567310747], [0.0013316915660973902, 0.999998673611387, 0.0009377489216720246], [-0.0013889809280690823, -0.0009358991535747184, 0.9999985974113946]], "center": [102655.35519430811, -59759.96668512556, 610.1974412950422]}}, {"key": 5, "value": {"rotation": [[0.9999972325095865, -0.002100460747716586, 0.0010597347860777785], [0.0020994833114633712, 0.9999973704756051, 0.0009226113487721055], [-0.0010616699084028058, -0.000920383899956159, 0.9999990128747543]], "center": [102655.59165021616, -59767.130028390326, 610.6354700045813]}}, {"key": 6, "value": {"rotation": [[0.9999950667520247, -0.002641947274405887, 0.0016989956488884436], [0.0026390749603166595, 0.9999950885301984, 0.0016906208429742777], [-0.001703453835450748, -0.0016861287258478483, 0.9999971276033502]], "center": [102654.92616934859, -59774.594837520046, 610.5157758764897]}}, {"key": 7, "value": {"rotation": [[0.999991048373014, -0.004087056342546839, 0.0010950544715212908], [0.004086776580868241, 0.9999916159162742, 0.0002575933552803406], [-0.001096098089049405, -0.0002531158064318045, 0.9999993672504842]], "center": [102655.42925578011, -59781.13891029852, 611.6056606209696]}}, {"key": 8, "value": {"rotation": [[0.9999856814604994, -0.0052866091354004194, 0.0008298420527604931], [0.005286940278927907, 0.9999859450854357, -0.0003973588743568609], [-0.0008277297083461328, 0.00040174051013200384, 0.9999995767339571]], "center": [102655.42006488559, -59787.81662958725, 612.2296424842922]}}, {"key": 9, "value": {"rotation": [[0.9999802558854536, -0.0062818737851238135, -0.00016093791729441997], [0.006281661160743589, 0.9999794390734748, -0.0012892491459374556], [0.00016903350867408687, 0.0012882127333902833, 0.9999991559674575]], "center": [102655.71888735802, -59794.555170335814, 613.2326095131297]}}], "structure": [], "control_points": []}