{"sfm_data_version": "0.3", "root_path": "/mnt/ST8000/jialei/SFM_E/ex_sea_12/1-5/images", "views": [{"key": 9, "value": {"polymorphic_id": 1073741824, "ptr_wrapper": {"id": 2147483649, "data": {"local_path": "", "filename": "075418_15357.965820.jpg", "width": 1920, "height": 1080, "id_view": 9, "id_intrinsic": 0, "id_pose": 9}}}}, {"key": 8, "value": {"polymorphic_id": 1073741824, "ptr_wrapper": {"id": 2147483650, "data": {"local_path": "", "filename": "075417_15357.866211.jpg", "width": 1920, "height": 1080, "id_view": 8, "id_intrinsic": 0, "id_pose": 8}}}}, {"key": 7, "value": {"polymorphic_id": 1073741824, "ptr_wrapper": {"id": 2147483651, "data": {"local_path": "", "filename": "075416_15357.766602.jpg", "width": 1920, "height": 1080, "id_view": 7, "id_intrinsic": 0, "id_pose": 7}}}}, {"key": 6, "value": {"polymorphic_id": 1073741824, "ptr_wrapper": {"id": 2147483652, "data": {"local_path": "", "filename": "075415_15357.666016.jpg", "width": 1920, "height": 1080, "id_view": 6, "id_intrinsic": 0, "id_pose": 6}}}}, {"key": 5, "value": {"polymorphic_id": 1073741824, "ptr_wrapper": {"id": 2147483653, "data": {"local_path": "", "filename": "075414_15357.566406.jpg", "width": 1920, "height": 1080, "id_view": 5, "id_intrinsic": 0, "id_pose": 5}}}}, {"key": 4, "value": {"polymorphic_id": 1073741824, "ptr_wrapper": {"id": 2147483654, "data": {"local_path": "", "filename": "075413_15357.497820.jpg", "width": 1920, "height": 1080, "id_view": 4, "id_intrinsic": 0, "id_pose": 4}}}}, {"key": 3, "value": {"polymorphic_id": 1073741824, "ptr_wrapper": {"id": 2147483655, "data": {"local_path": "", "filename": "075412_15357.398211.jpg", "width": 1920, "height": 1080, "id_view": 3, "id_intrinsic": 0, "id_pose": 3}}}}, {"key": 2, "value": {"polymorphic_id": 1073741824, "ptr_wrapper": {"id": 2147483656, "data": {"local_path": "", "filename": "075411_15357.299602.jpg", "width": 1920, "height": 1080, "id_view": 2, "id_intrinsic": 0, "id_pose": 2}}}}, {"key": 1, "value": {"polymorphic_id": 1073741824, "ptr_wrapper": {"id": 2147483657, "data": {"local_path": "", "filename": "075410_15357.198016.jpg", "width": 1920, "height": 1080, "id_view": 1, "id_intrinsic": 0, "id_pose": 1}}}}, {"key": 0, "value": {"polymorphic_id": 1073741824, "ptr_wrapper": {"id": 2147483658, "data": {"local_path": "", "filename": "075409_15357.099406.jpg", "width": 1920, "height": 1080, "id_view": 0, "id_intrinsic": 0, "id_pose": 0}}}}], "intrinsics": [{"key": 0, "value": {"polymorphic_id": 2147483649, "polymorphic_name": "pinhole_radial_k3", "ptr_wrapper": {"id": 2147483659, "data": {"width": 1920, "height": 1080, "focal_length": 1739.13, "principal_point": [960.0, 540.0], "disto_k3": [0.0, 0.0, 0.0]}}}}], "extrinsics": [{"key": 0, "value": {"rotation": [[0.9999999963083646, 7.756610913237162e-05, 3.696984676360198e-05], [-7.756519197268512e-05, 0.9999999966840749, -2.4809105419018742e-05], [-3.6971770986791285e-05, 2.4806237754171215e-05, 0.9999999990088694]], "center": [102655.28827445609, -59731.174787464595, 609.3316321644343]}}, {"key": 1, "value": {"rotation": [[0.999999603839349, 0.0005762967651484012, 0.0006783827708688487], [-0.0005764138225187572, 0.9999998190177063, 0.00017237070635668287], [-0.0006782833114131039, -0.0001727616672762808, 0.9999997550425479]], "center": [102655.07451030587, -59737.9816846204, 609.7628796751786]}}, {"key": 2, "value": {"rotation": [[0.9999994413361464, -0.0005842507874218894, 0.000880896368730267], [0.0005843984079538416, 0.9999998152392637, -0.00016733182417697631], [-0.0008807984422251666, 0.00016784652513018806, 0.9999995980107433]], "center": [102655.6727270267, -59744.981407306375, 610.2030088724701]}}, {"key": 3, "value": {"rotation": [[0.999999378618094, -0.0010830619624301206, -0.0002640837205477478], [0.0010828998343890396, 0.9999992255960142, -0.0006132987205450775], [0.000264747756556072, 0.000613012363235142, 0.999999777062209]], "center": [102655.72141159589, -59751.470903003996, 610.7712531702605]}}, {"key": 4, "value": {"rotation": [[0.9999978927507137, -0.0014783911324210118, 0.0014243783880021263], [0.0014769957527006675, 0.9999984288488911, 0.0009801955396763454], [-0.0014258252624823988, -0.0009780896733306223, 0.9999985051803387]], "center": [102655.44418146071, -59759.25931958295, 610.2093951962983]}}, {"key": 5, "value": {"rotation": [[0.999996891970421, -0.0022400651516924237, 0.001094603862091052], [0.0022389914734585402, 0.9999970121501943, 0.0009811258159971258], [-0.0010967983773290146, -0.0009786719579149773, 0.9999989196166755]], "center": [102655.71615125083, -59766.25377826833, 610.61738767558]}}, {"key": 6, "value": {"rotation": [[0.999994463758413, -0.0028250417795190703, 0.001758292202335029], [0.0028219426287058283, 0.9999944649540751, 0.0017625836190931314], [-0.0017632618424708092, -0.0017576120612848747, 0.9999969008489562]], "center": [102655.04861470911, -59773.574915247635, 610.5512799625874]}}, {"key": 7, "value": {"rotation": [[0.9999906598881418, -0.004173862407155408, 0.0011220557407958436], [0.004173485387518998, 0.9999912338022207, 0.0003381396659867038], [-0.0011234572530735587, -0.0003334536244861696, 0.9999993133260048]], "center": [102655.64912584842, -59779.90372797722, 611.5442689618449]}}, {"key": 8, "value": {"rotation": [[0.9999854131655094, -0.005333956526085818, 0.0008499199866911052], [0.005334233919026735, 0.9999857202405186, -0.00032444344669066015], [-0.0008481772827983227, 0.00032897238610928286, 0.9999995861861476]], "center": [102655.70256602402, -59786.39406401145, 612.1312837783565]}}, {"key": 9, "value": {"rotation": [[0.9999800648016861, -0.006310033460952487, -0.00023125081156393542], [0.006309716489913422, 0.9999791867300739, -0.0013466939068508311], [0.00023974368209223697, 0.0013452079331817137, 0.999999066468856]], "center": [102656.12420960312, -59792.86104387829, 613.0854276026764]}}], "structure": [], "control_points": []}