{"sfm_data_version": "0.3", "root_path": "/mnt/ST8000/jialei/SFM_E/ex_sea_12/1-5/images", "views": [{"key": 9, "value": {"polymorphic_id": 1073741824, "ptr_wrapper": {"id": 2147483649, "data": {"local_path": "", "filename": "075418_15357.965820.jpg", "width": 1920, "height": 1080, "id_view": 9, "id_intrinsic": 0, "id_pose": 9}}}}, {"key": 8, "value": {"polymorphic_id": 1073741824, "ptr_wrapper": {"id": 2147483650, "data": {"local_path": "", "filename": "075417_15357.866211.jpg", "width": 1920, "height": 1080, "id_view": 8, "id_intrinsic": 0, "id_pose": 8}}}}, {"key": 7, "value": {"polymorphic_id": 1073741824, "ptr_wrapper": {"id": 2147483651, "data": {"local_path": "", "filename": "075416_15357.766602.jpg", "width": 1920, "height": 1080, "id_view": 7, "id_intrinsic": 0, "id_pose": 7}}}}, {"key": 6, "value": {"polymorphic_id": 1073741824, "ptr_wrapper": {"id": 2147483652, "data": {"local_path": "", "filename": "075415_15357.666016.jpg", "width": 1920, "height": 1080, "id_view": 6, "id_intrinsic": 0, "id_pose": 6}}}}, {"key": 5, "value": {"polymorphic_id": 1073741824, "ptr_wrapper": {"id": 2147483653, "data": {"local_path": "", "filename": "075414_15357.566406.jpg", "width": 1920, "height": 1080, "id_view": 5, "id_intrinsic": 0, "id_pose": 5}}}}, {"key": 4, "value": {"polymorphic_id": 1073741824, "ptr_wrapper": {"id": 2147483654, "data": {"local_path": "", "filename": "075413_15357.497820.jpg", "width": 1920, "height": 1080, "id_view": 4, "id_intrinsic": 0, "id_pose": 4}}}}, {"key": 3, "value": {"polymorphic_id": 1073741824, "ptr_wrapper": {"id": 2147483655, "data": {"local_path": "", "filename": "075412_15357.398211.jpg", "width": 1920, "height": 1080, "id_view": 3, "id_intrinsic": 0, "id_pose": 3}}}}, {"key": 2, "value": {"polymorphic_id": 1073741824, "ptr_wrapper": {"id": 2147483656, "data": {"local_path": "", "filename": "075411_15357.299602.jpg", "width": 1920, "height": 1080, "id_view": 2, "id_intrinsic": 0, "id_pose": 2}}}}, {"key": 1, "value": {"polymorphic_id": 1073741824, "ptr_wrapper": {"id": 2147483657, "data": {"local_path": "", "filename": "075410_15357.198016.jpg", "width": 1920, "height": 1080, "id_view": 1, "id_intrinsic": 0, "id_pose": 1}}}}, {"key": 0, "value": {"polymorphic_id": 1073741824, "ptr_wrapper": {"id": 2147483658, "data": {"local_path": "", "filename": "075409_15357.099406.jpg", "width": 1920, "height": 1080, "id_view": 0, "id_intrinsic": 0, "id_pose": 0}}}}], "intrinsics": [{"key": 0, "value": {"polymorphic_id": 2147483649, "polymorphic_name": "pinhole_radial_k3", "ptr_wrapper": {"id": 2147483659, "data": {"width": 1920, "height": 1080, "focal_length": 1739.13, "principal_point": [960.0, 540.0], "disto_k3": [0.0, 0.0, 0.0]}}}}], "extrinsics": [{"key": 0, "value": {"rotation": [[0.9999998618571635, -0.000427101367035411, 0.00030638223856484356], [0.0004271428845920617, 0.9999998996002568, -0.00013545638604900033], [-0.00030632435419648607, 0.00013558723632984879, 0.9999999438907441]], "center": [0.0002332138016541278, -0.000494234752385892, 0.00025528055176660114]}}, {"key": 1, "value": {"rotation": [[0.9999995483240015, 7.170046487613556e-05, 0.0009477398569572595], [-7.175886735215895e-05, 0.9999999955287278, 6.158903673378574e-05], [-0.000947735436757092, -6.165701765416816e-05, 0.9999995489978754]], "center": [-0.00012070828513991072, -0.011579745461468068, 0.0009587461562609951]}}, {"key": 2, "value": {"rotation": [[0.9999987455407735, -0.0010888244198918669, 0.0011503817896273293], [0.0010891446752667737, 0.9999993682951152, -0.00027780073181091463], [-0.001150078586704867, 0.00027905331552192453, 0.9999992997240006]], "center": [0.0008476053854359836, -0.02297995906227286, 0.001677067566618944]}}, {"key": 3, "value": {"rotation": [[0.9999987394897284, -0.00158776231734417, 5.456913690485649e-06], [0.0015877658504549377, 0.999998477676112, -0.0007236332372936924], [-4.3079477975579325e-06, 0.0007236409894478183, 0.9999997381625456]], "center": [0.0009213100477650496, -0.03354873835282712, 0.002603705167353809]}}, {"key": 4, "value": {"rotation": [[0.9999965992866322, -0.001982903666671298, 0.0016939622841406032], [0.0019814320704015986, 0.9999976585392509, 0.0008699672211908655], [-0.0016956833789872438, -0.0008666077914857963, 0.9999981868227632]], "center": [0.0004636556761917143, -0.04623288600010406, 0.0016899405098700169]}}, {"key": 5, "value": {"rotation": [[0.9999953029183236, -0.0027446136058077416, 0.001364271763827843], [0.002743426700872308, 0.9999958573862117, 0.0008711029518266463], [-0.0013666569531905197, -0.0008673560806007369, 0.9999986899702428]], "center": [0.0009006595685220277, -0.057624264260522466, 0.0023557797140377635]}}, {"key": 6, "value": {"rotation": [[0.9999924006937178, -0.003329515418425813, 0.0020280241355608766], [0.0033261659776852312, 0.9999931025476596, 0.001652718062834587], [-0.0020335128976336062, -0.0016459599584421585, 0.9999965778146996]], "center": [-0.00019248414522929575, -0.0695469865921088, 0.002249142307603408]}}, {"key": 7, "value": {"rotation": [[0.9999880874523371, -0.004678404417356706, 0.0013919358913130906], [0.004678090580065485, 0.9999890315362903, 0.00022863866156178227], [-0.0013929902880390336, -0.00022212433571157557, 0.9999990051189237]], "center": [0.0007798751599469784, -0.07985445331934996, 0.0038677355862856704]}}, {"key": 8, "value": {"rotation": [[0.9999823285333342, -0.005838525875958903, 0.0011199270721911924], [0.00583901461569804, 0.9999828587892907, -0.00043363108306674784], [-0.0011173761089861868, 0.0004401626907125825, 0.9999992788634585]], "center": [0.000861315913449859, -0.09042460171115761, 0.004824945236648572]}}, {"key": 9, "value": {"rotation": [[0.9999767787726975, -0.00681471973438209, 3.886285869253728e-05], [0.00681476908809138, 0.9999757197545485, -0.0014556179616260832], [-2.894228664399663e-05, 0.0014558490017986471, 0.999998939832452]], "center": [0.001542273638928232, -0.10095694847708539, 0.00638022137328777]}}], "structure": [], "control_points": []}