{"sfm_data_version": "0.3", "root_path": "/mnt/ST8000/jialei/SFM_E/ex_sea_12/1-3/images", "views": [{"key": 9, "value": {"polymorphic_id": 1073741824, "ptr_wrapper": {"id": 2147483649, "data": {"local_path": "", "filename": "051561_13000.366211.jpg", "width": 1920, "height": 1080, "id_view": 9, "id_intrinsic": 0, "id_pose": 9}}}}, {"key": 8, "value": {"polymorphic_id": 1073741824, "ptr_wrapper": {"id": 2147483650, "data": {"local_path": "", "filename": "051560_13000.298602.jpg", "width": 1920, "height": 1080, "id_view": 8, "id_intrinsic": 0, "id_pose": 8}}}}, {"key": 7, "value": {"polymorphic_id": 1073741824, "ptr_wrapper": {"id": 2147483651, "data": {"local_path": "", "filename": "051559_13000.166016.jpg", "width": 1920, "height": 1080, "id_view": 7, "id_intrinsic": 0, "id_pose": 7}}}}, {"key": 6, "value": {"polymorphic_id": 1073741824, "ptr_wrapper": {"id": 2147483652, "data": {"local_path": "", "filename": "051558_13000.098406.jpg", "width": 1920, "height": 1080, "id_view": 6, "id_intrinsic": 0, "id_pose": 6}}}}, {"key": 5, "value": {"polymorphic_id": 1073741824, "ptr_wrapper": {"id": 2147483653, "data": {"local_path": "", "filename": "051557_12999.965820.jpg", "width": 1920, "height": 1080, "id_view": 5, "id_intrinsic": 0, "id_pose": 5}}}}, {"key": 4, "value": {"polymorphic_id": 1073741824, "ptr_wrapper": {"id": 2147483654, "data": {"local_path": "", "filename": "051556_12999.898211.jpg", "width": 1920, "height": 1080, "id_view": 4, "id_intrinsic": 0, "id_pose": 4}}}}, {"key": 3, "value": {"polymorphic_id": 1073741824, "ptr_wrapper": {"id": 2147483655, "data": {"local_path": "", "filename": "051555_12999.766602.jpg", "width": 1920, "height": 1080, "id_view": 3, "id_intrinsic": 0, "id_pose": 3}}}}, {"key": 2, "value": {"polymorphic_id": 1073741824, "ptr_wrapper": {"id": 2147483656, "data": {"local_path": "", "filename": "051554_12999.698016.jpg", "width": 1920, "height": 1080, "id_view": 2, "id_intrinsic": 0, "id_pose": 2}}}}, {"key": 1, "value": {"polymorphic_id": 1073741824, "ptr_wrapper": {"id": 2147483657, "data": {"local_path": "", "filename": "051553_12999.598406.jpg", "width": 1920, "height": 1080, "id_view": 1, "id_intrinsic": 0, "id_pose": 1}}}}, {"key": 0, "value": {"polymorphic_id": 1073741824, "ptr_wrapper": {"id": 2147483658, "data": {"local_path": "", "filename": "051552_12999.465820.jpg", "width": 1920, "height": 1080, "id_view": 0, "id_intrinsic": 0, "id_pose": 0}}}}], "intrinsics": [{"key": 0, "value": {"polymorphic_id": 2147483649, "polymorphic_name": "pinhole_radial_k3", "ptr_wrapper": {"id": 2147483659, "data": {"width": 1920, "height": 1080, "focal_length": 1739.13, "principal_point": [960.0, 540.0], "disto_k3": [0.0, 0.0, 0.0]}}}}], "extrinsics": [{"key": 0, "value": {"rotation": [[0.999998884960391, -0.0011744635000294971, 0.0009223412936113973], [0.0011747343189357435, 0.999999267035512, -0.00029313430166114427], [-0.0009219963420300846, 0.00029421748077613526, 0.9999995316793]], "center": [-0.00022808731512009685, -0.0015969170501275664, 0.0018035875440259566]}}, {"key": 1, "value": {"rotation": [[0.9999989539539339, 0.00036101392661939334, 0.0014006284242293553], [-0.0003637548728703419, 0.999998018563668, 0.0019571793812561186], [-0.0013999190799597815, -0.0019576868193707207, 0.9999971038402495]], "center": [-9.048464178065483e-05, -0.011047758418009812, 0.0036028097364994016]}}, {"key": 2, "value": {"rotation": [[0.9999979455788652, 0.0019682352167700247, -0.000484652639416093], [-0.0019729481346765286, 0.9999488111033399, -0.009923842435018032], [0.00046509537441596064, 0.009924778241787278, 0.9999506400133676]], "center": [0.002675543481199269, -0.01274894457410769, 0.01444148612117447]}}, {"key": 3, "value": {"rotation": [[0.9999997409095522, 0.00014176292532301288, -0.0007057507365051128], [-0.00015037891759690487, 0.9999252823657219, -0.012223218561929578], [0.0007039652052595438, 0.012223321525042224, 0.9999250446127873]], "center": [0.0027231018598131867, -0.022419770968888336, 0.016017003783727484]}}, {"key": 4, "value": {"rotation": [[0.9999987414403283, -0.001541256531246992, -0.00037635895737574105], [0.0015356523707945418, 0.9998942337681473, -0.014462470363165832], [0.00039860952821229695, 0.014461874204758682, 0.9998953421758345]], "center": [0.0018719461707247557, -0.03174974446720051, 0.016649912666529376]}}, {"key": 5, "value": {"rotation": [[0.9999955785685859, -0.0029731384516747954, 5.736747566514616e-05], [0.002973671819714826, 0.9998735656208402, -0.015620820995590746], [-1.091735889514139e-05, 0.015620922521247797, 0.999877985886476]], "center": [0.0017740787102265624, -0.0421441727518334, 0.017318804751862715]}}, {"key": 6, "value": {"rotation": [[0.9999985503612926, -0.0010635238888312207, -0.0013297339029066245], [0.0010270557068642262, 0.9996313470263399, -0.02713144299296716], [0.0013580986303107594, 0.02713003795138354, 0.9996309902203244]], "center": [0.004885642211446111, -0.04383274477126905, 0.02871702311264195]}}, {"key": 7, "value": {"rotation": [[0.9999967043467874, -0.002376192338324723, -0.0009721139523977766], [0.0023473802394977025, 0.9995871117695381, -0.028637314647930835], [0.0010397603456449164, 0.02863493834819029, 0.9995893953040009]], "center": [0.003797658896376098, -0.05387182522046633, 0.029438088818647304]}}, {"key": 8, "value": {"rotation": [[0.9999937445079983, -0.0034608389521346866, -0.0007304372806501248], [0.0034371176614457007, 0.9995349020811463, -0.030301249872159472], [0.0008349653016471326, 0.03029854972405524, 0.9995405448092455]], "center": [0.0034827119326269486, -0.05966198764716846, 0.03005842717590179]}}, {"key": 9, "value": {"rotation": [[0.9999868046665046, -0.004892170938296295, -0.001567531940893008], [0.004838993789004116, 0.9994665090714533, -0.032299866619426666], [0.0017247121456088906, 0.03229185513458862, 0.9994769939623328]], "center": [0.002926019721644425, -0.06939672036398042, 0.03189386859856464]}}], "structure": [], "control_points": []}