{"sfm_data_version": "0.3", "root_path": "/mnt/ST8000/jialei/SFM_E/ex_sea_12/1-3/images", "views": [{"key": 9, "value": {"polymorphic_id": 1073741824, "ptr_wrapper": {"id": 2147483649, "data": {"local_path": "", "filename": "051561_13000.366211.jpg", "width": 1920, "height": 1080, "id_view": 9, "id_intrinsic": 0, "id_pose": 9}}}}, {"key": 8, "value": {"polymorphic_id": 1073741824, "ptr_wrapper": {"id": 2147483650, "data": {"local_path": "", "filename": "051560_13000.298602.jpg", "width": 1920, "height": 1080, "id_view": 8, "id_intrinsic": 0, "id_pose": 8}}}}, {"key": 7, "value": {"polymorphic_id": 1073741824, "ptr_wrapper": {"id": 2147483651, "data": {"local_path": "", "filename": "051559_13000.166016.jpg", "width": 1920, "height": 1080, "id_view": 7, "id_intrinsic": 0, "id_pose": 7}}}}, {"key": 6, "value": {"polymorphic_id": 1073741824, "ptr_wrapper": {"id": 2147483652, "data": {"local_path": "", "filename": "051558_13000.098406.jpg", "width": 1920, "height": 1080, "id_view": 6, "id_intrinsic": 0, "id_pose": 6}}}}, {"key": 5, "value": {"polymorphic_id": 1073741824, "ptr_wrapper": {"id": 2147483653, "data": {"local_path": "", "filename": "051557_12999.965820.jpg", "width": 1920, "height": 1080, "id_view": 5, "id_intrinsic": 0, "id_pose": 5}}}}, {"key": 4, "value": {"polymorphic_id": 1073741824, "ptr_wrapper": {"id": 2147483654, "data": {"local_path": "", "filename": "051556_12999.898211.jpg", "width": 1920, "height": 1080, "id_view": 4, "id_intrinsic": 0, "id_pose": 4}}}}, {"key": 3, "value": {"polymorphic_id": 1073741824, "ptr_wrapper": {"id": 2147483655, "data": {"local_path": "", "filename": "051555_12999.766602.jpg", "width": 1920, "height": 1080, "id_view": 3, "id_intrinsic": 0, "id_pose": 3}}}}, {"key": 2, "value": {"polymorphic_id": 1073741824, "ptr_wrapper": {"id": 2147483656, "data": {"local_path": "", "filename": "051554_12999.698016.jpg", "width": 1920, "height": 1080, "id_view": 2, "id_intrinsic": 0, "id_pose": 2}}}}, {"key": 1, "value": {"polymorphic_id": 1073741824, "ptr_wrapper": {"id": 2147483657, "data": {"local_path": "", "filename": "051553_12999.598406.jpg", "width": 1920, "height": 1080, "id_view": 1, "id_intrinsic": 0, "id_pose": 1}}}}, {"key": 0, "value": {"polymorphic_id": 1073741824, "ptr_wrapper": {"id": 2147483658, "data": {"local_path": "", "filename": "051552_12999.465820.jpg", "width": 1920, "height": 1080, "id_view": 0, "id_intrinsic": 0, "id_pose": 0}}}}], "intrinsics": [{"key": 0, "value": {"polymorphic_id": 2147483649, "polymorphic_name": "pinhole_radial_k3", "ptr_wrapper": {"id": 2147483659, "data": {"width": 1920, "height": 1080, "focal_length": 1739.13, "principal_point": [960.0, 540.0], "disto_k3": [0.0, 0.0, 0.0]}}}}], "extrinsics": [{"key": 0, "value": {"rotation": [[0.999999979437153, 0.0001958406581488673, 5.265101606329647e-05], [-0.0001958507742713266, 0.9999999623510241, 0.0001921989197160474], [-5.261337371810673e-05, -0.00019220922750615247, 0.9999999801437226]], "center": [102655.28827508276, -59731.174788009164, 609.3316320688024]}}, {"key": 1, "value": {"rotation": [[0.9999983603275908, 0.0017310845089846755, 0.0005316846357375645], [-0.0017323789389711477, 0.9999955132249911, 0.0024438480104654213], [-0.0005274517427549884, -0.002444765082620365, 0.999996872454284]], "center": [102655.38788025687, -59737.363527322574, 610.5066526224937]}}, {"key": 2, "value": {"rotation": [[0.999993509741141, 0.0033392173860255976, -0.0013528129373213743], [-0.0033518365893186143, 0.9999498642416793, -0.009435793264246132], [0.0013212369481000125, 0.009440266431407137, 0.9999545668192282]], "center": [102657.20673930246, -59738.47840303778, 617.60156876886]}}, {"key": 3, "value": {"rotation": [[0.9999976156306001, 0.0015128567549988052, -0.001574800797979395], [-0.0015312374943768738, 0.9999299493909596, -0.0117367637246756], [0.0015569344399417417, 0.011739147133923362, 0.9999298817315728]], "center": [102657.24745460984, -59744.8111955142, 618.6300915341038]}}, {"key": 4, "value": {"rotation": [[0.9999992089541878, -0.00017032210099036008, -0.0012462268575019323], [0.00015288645166317043, 0.9999022983585178, -0.013977494878778092], [0.0012484857753867458, 0.01397729329073709, 0.9999015334299336]], "center": [102656.69886080163, -59750.92130902624, 619.042025657046]}}, {"key": 5, "value": {"rotation": [[0.9999983854856626, -0.0016024172711136197, -0.0008131942927527396], [0.0015899248122530814, 0.9998841633896283, -0.015137104799622915], [0.00083735605324799, 0.015135787442766955, 0.999885096785289]], "center": [102656.64448606018, -59757.727749368125, 619.4767534651662]}}, {"key": 6, "value": {"rotation": [[0.9999975339926819, 0.00030787231651205403, -0.0021993688167505267], [-0.00036636858749834126, 0.9996448612489539, -0.02664614705014814], [0.0021903841246375495, 0.026646887120201263, 0.9996425089121557]], "center": [102658.68990459164, -59758.83423312505, 626.9378581938522]}}, {"key": 7, "value": {"rotation": [[0.9999977978216107, -0.0010049707795876282, -0.001842385861296243], [0.0009527050378464694, 0.9996031664692214, -0.02815318699218814], [0.0018699478710894172, 0.028151369743556358, 0.999601922605454]], "center": [102657.9869255651, -59765.40890145922, 627.4074252751187]}}, {"key": 8, "value": {"rotation": [[0.999996534516891, -0.0020897375564736414, -0.00160123425962705], [0.0020410653024520563, 0.9995532578751655, -0.02981809389572709], [0.001662830911508069, 0.029814722337937857, 0.9995540592310506]], "center": [102657.78625100384, -59769.200706240415, 627.8119505068339]}}, {"key": 9, "value": {"rotation": [[0.9999908279884463, -0.003520671415085586, -0.0024390186077903955], [0.0034412949369326236, 0.9994877562166737, -0.031817961313009346], [0.002549789822552308, 0.031809276095914434, 0.9994907045721406]], "center": [102657.43151615481, -59775.57596868577, 629.010991674971]}}], "structure": [], "control_points": []}