{"sfm_data_version": "0.3", "root_path": "/mnt/ST8000/jialei/SFM_E/ex_sea_12/6-1/images", "views": [{"key": 9, "value": {"polymorphic_id": 1073741824, "ptr_wrapper": {"id": 2147483649, "data": {"local_path": "", "filename": "104926_15025.847656.jpg", "width": 1920, "height": 1080, "id_view": 9, "id_intrinsic": 0, "id_pose": 9}}}}, {"key": 8, "value": {"polymorphic_id": 1073741824, "ptr_wrapper": {"id": 2147483650, "data": {"local_path": "", "filename": "104925_15025.748047.jpg", "width": 1920, "height": 1080, "id_view": 8, "id_intrinsic": 0, "id_pose": 8}}}}, {"key": 7, "value": {"polymorphic_id": 1073741824, "ptr_wrapper": {"id": 2147483651, "data": {"local_path": "", "filename": "104924_15025.647461.jpg", "width": 1920, "height": 1080, "id_view": 7, "id_intrinsic": 0, "id_pose": 7}}}}, {"key": 6, "value": {"polymorphic_id": 1073741824, "ptr_wrapper": {"id": 2147483652, "data": {"local_path": "", "filename": "104923_15025.547852.jpg", "width": 1920, "height": 1080, "id_view": 6, "id_intrinsic": 0, "id_pose": 6}}}}, {"key": 5, "value": {"polymorphic_id": 1073741824, "ptr_wrapper": {"id": 2147483653, "data": {"local_path": "", "filename": "104922_15025.447266.jpg", "width": 1920, "height": 1080, "id_view": 5, "id_intrinsic": 0, "id_pose": 5}}}}, {"key": 4, "value": {"polymorphic_id": 1073741824, "ptr_wrapper": {"id": 2147483654, "data": {"local_path": "", "filename": "104921_15025.347656.jpg", "width": 1920, "height": 1080, "id_view": 4, "id_intrinsic": 0, "id_pose": 4}}}}, {"key": 3, "value": {"polymorphic_id": 1073741824, "ptr_wrapper": {"id": 2147483655, "data": {"local_path": "", "filename": "104920_15025.280047.jpg", "width": 1920, "height": 1080, "id_view": 3, "id_intrinsic": 0, "id_pose": 3}}}}, {"key": 2, "value": {"polymorphic_id": 1073741824, "ptr_wrapper": {"id": 2147483656, "data": {"local_path": "", "filename": "104919_15025.248047.jpg", "width": 1920, "height": 1080, "id_view": 2, "id_intrinsic": 0, "id_pose": 2}}}}, {"key": 1, "value": {"polymorphic_id": 1073741824, "ptr_wrapper": {"id": 2147483657, "data": {"local_path": "", "filename": "104918_15025.147461.jpg", "width": 1920, "height": 1080, "id_view": 1, "id_intrinsic": 0, "id_pose": 1}}}}, {"key": 0, "value": {"polymorphic_id": 1073741824, "ptr_wrapper": {"id": 2147483658, "data": {"local_path": "", "filename": "104917_15025.047852.jpg", "width": 1920, "height": 1080, "id_view": 0, "id_intrinsic": 0, "id_pose": 0}}}}], "intrinsics": [{"key": 0, "value": {"polymorphic_id": 2147483649, "polymorphic_name": "pinhole_radial_k3", "ptr_wrapper": {"id": 2147483659, "data": {"width": 1920, "height": 1080, "focal_length": 1739.13, "principal_point": [960.0, 540.0], "disto_k3": [0.0, 0.0, 0.0]}}}}], "extrinsics": [{"key": 0, "value": {"rotation": [[0.9999999555617527, 8.387564396289038e-05, 0.00028607930536664474], [-8.387369474832936e-05, 0.9999999964593076, -6.825536647771229e-06], [-0.0002860798768500074, 6.8015418161241616e-06, 0.9999999590560207]], "center": [102655.28827492875, -59731.174787913194, 609.3316322778192]}}, {"key": 1, "value": {"rotation": [[0.9999993379169985, 0.0010579445970651552, -0.00045267957110428576], [-0.001057528328211362, 0.9999990187016999, 0.0009188196080546164], [0.0004536511871306364, -0.0009183402782497196, 0.9999994754257293]], "center": [102655.62004344848, -59737.11617973795, 609.4435178124876]}}, {"key": 2, "value": {"rotation": [[0.9999992376034593, 0.0010338807351515469, 0.0006751911769777658], [-0.0010357715505897368, 0.9999955264930006, 0.002806095379843623], [-0.0006722869885510963, -0.0028067925842984944, 0.999995834964123]], "center": [102656.0265171656, -59744.4929466309, 609.0896530712182]}}, {"key": 3, "value": {"rotation": [[0.9999986773756024, 0.0007199433387137903, 0.0014583993398628867], [-0.000724296272543924, 0.999995278370534, 0.00298640779985899], [-0.0014562424094394049, -0.002987460163168882, 0.9999944772046585]], "center": [102656.14194986987, -59750.83586688689, 608.9997758691667]}}, {"key": 4, "value": {"rotation": [[0.9999957600460426, -0.00045191722978069927, 0.0028767448192105922], [0.00044533797328487026, 0.9999972850109501, 0.002287278911248324], [-0.0028777706696292192, -0.002285988089583572, 0.9999932463244076]], "center": [102656.67996559548, -59756.795432075334, 608.8297699278593]}}, {"key": 5, "value": {"rotation": [[0.9999933425165756, -0.0004858568176811594, 0.0036164714404362613], [0.0004757435312103637, 0.999995975818549, 0.0027967865130652495], [-0.003617815724893961, -0.002795047380611771, 0.999989549505154]], "center": [102656.71766376248, -59763.236726825344, 608.6002608442247]}}, {"key": 6, "value": {"rotation": [[0.9999888045942548, -0.0010518284783635281, 0.004613495746732227], [0.001037823798287453, 0.9999948499636339, 0.003036933975636136], [-0.004616666320703864, -0.0030321119802487768, 0.9999847462281723]], "center": [102656.76246101939, -59769.42379269339, 608.4696477006244]}}, {"key": 7, "value": {"rotation": [[0.9999852430911366, -0.0009757827905679785, 0.0053442911509311835], [0.0009560033821063271, 0.9999926893415813, 0.0037023399255422915], [-0.005347864760228326, -0.003697176130034104, 0.9999788653922491]], "center": [102656.79222395645, -59775.981203258, 608.1859390618665]}}, {"key": 8, "value": {"rotation": [[0.9999794060673969, -0.0016679582577195332, 0.006197205527230486], [0.0016385901333347734, 0.9999874189425599, 0.004740989239727082], [-0.0062050353319839735, -0.0047307369242829645, 0.9999695583689946]], "center": [102657.68516953065, -59782.76996326214, 608.1337783554865]}}, {"key": 9, "value": {"rotation": [[0.9999740315030465, -0.002075429762489584, 0.006901370215057732], [0.002041570384230456, 0.99998586374604, 0.004909612861717972], [-0.006911462212191249, -0.004895395733409562, 0.9999641327521218]], "center": [102658.15283392704, -59789.25725083773, 608.0716207885871]}}], "structure": [], "control_points": []}