{"sfm_data_version": "0.3", "root_path": "/mnt/ST8000/jialei/SFM_E/ex_sea_12/6-1/images", "views": [{"key": 9, "value": {"polymorphic_id": 1073741824, "ptr_wrapper": {"id": 2147483649, "data": {"local_path": "", "filename": "104926_15025.847656.jpg", "width": 1920, "height": 1080, "id_view": 9, "id_intrinsic": 0, "id_pose": 9}}}}, {"key": 8, "value": {"polymorphic_id": 1073741824, "ptr_wrapper": {"id": 2147483650, "data": {"local_path": "", "filename": "104925_15025.748047.jpg", "width": 1920, "height": 1080, "id_view": 8, "id_intrinsic": 0, "id_pose": 8}}}}, {"key": 7, "value": {"polymorphic_id": 1073741824, "ptr_wrapper": {"id": 2147483651, "data": {"local_path": "", "filename": "104924_15025.647461.jpg", "width": 1920, "height": 1080, "id_view": 7, "id_intrinsic": 0, "id_pose": 7}}}}, {"key": 6, "value": {"polymorphic_id": 1073741824, "ptr_wrapper": {"id": 2147483652, "data": {"local_path": "", "filename": "104923_15025.547852.jpg", "width": 1920, "height": 1080, "id_view": 6, "id_intrinsic": 0, "id_pose": 6}}}}, {"key": 5, "value": {"polymorphic_id": 1073741824, "ptr_wrapper": {"id": 2147483653, "data": {"local_path": "", "filename": "104922_15025.447266.jpg", "width": 1920, "height": 1080, "id_view": 5, "id_intrinsic": 0, "id_pose": 5}}}}, {"key": 4, "value": {"polymorphic_id": 1073741824, "ptr_wrapper": {"id": 2147483654, "data": {"local_path": "", "filename": "104921_15025.347656.jpg", "width": 1920, "height": 1080, "id_view": 4, "id_intrinsic": 0, "id_pose": 4}}}}, {"key": 3, "value": {"polymorphic_id": 1073741824, "ptr_wrapper": {"id": 2147483655, "data": {"local_path": "", "filename": "104920_15025.280047.jpg", "width": 1920, "height": 1080, "id_view": 3, "id_intrinsic": 0, "id_pose": 3}}}}, {"key": 2, "value": {"polymorphic_id": 1073741824, "ptr_wrapper": {"id": 2147483656, "data": {"local_path": "", "filename": "104919_15025.248047.jpg", "width": 1920, "height": 1080, "id_view": 2, "id_intrinsic": 0, "id_pose": 2}}}}, {"key": 1, "value": {"polymorphic_id": 1073741824, "ptr_wrapper": {"id": 2147483657, "data": {"local_path": "", "filename": "104918_15025.147461.jpg", "width": 1920, "height": 1080, "id_view": 1, "id_intrinsic": 0, "id_pose": 1}}}}, {"key": 0, "value": {"polymorphic_id": 1073741824, "ptr_wrapper": {"id": 2147483658, "data": {"local_path": "", "filename": "104917_15025.047852.jpg", "width": 1920, "height": 1080, "id_view": 0, "id_intrinsic": 0, "id_pose": 0}}}}], "intrinsics": [{"key": 0, "value": {"polymorphic_id": 2147483649, "polymorphic_name": "pinhole_radial_k3", "ptr_wrapper": {"id": 2147483659, "data": {"width": 1920, "height": 1080, "focal_length": 1739.13, "principal_point": [960.0, 540.0], "disto_k3": [0.0, 0.0, 0.0]}}}}], "extrinsics": [{"key": 0, "value": {"rotation": [[0.9999989346976892, -0.0008168126699967139, 0.001209719202529868], [0.0008176341358867308, 0.9999994354092064, -0.0006787162059601859], [-0.0012091641355371982, 0.0006797045906370427, 0.9999990379614186]], "center": [0.00042762620465719485, -0.0016227299945329886, 0.0015720317911730045]}}, {"key": 1, "value": {"rotation": [[0.9999998771194593, 0.00015675930117153142, 0.0004703058450334261], [-0.0001568750229484475, 0.9999999574298232, 0.0002460296304867294], [-0.0004702672575794704, -0.000246103379494727, 0.9999998591409066]], "center": [0.0009134298012543851, -0.0104685117271109, 0.0017450039125730809]}}, {"key": 2, "value": {"rotation": [[0.9999987139854366, 0.00013345420185905996, 0.001598191931195256], [-0.00013686353831795101, 0.9999977150903542, 0.0021333266140249473], [-0.0015979035780705373, -0.0021335426047384533, 0.9999964473437437]], "center": [0.0015091668706774496, -0.021451823436483105, 0.0012261128859732658]}}, {"key": 3, "value": {"rotation": [[0.9999971477708789, -0.00017995567013159248, 0.002381609973020958], [0.00017444481206084982, 0.9999973076522805, 0.002313926791735045], [-0.0023820199651452415, -0.002313504732381512, 0.9999944868231718]], "center": [0.001672631612525629, -0.030895306150633458, 0.0010988079898416585]}}, {"key": 4, "value": {"rotation": [[0.9999918647482565, -0.0013508588263207567, 0.0038007391038925244], [0.0013447252526257814, 0.9999977903246732, 0.0016158773980889025], [-0.003802913527738582, -0.0016107533026678267, 0.9999914716248827]], "center": [0.0024658556855022113, -0.03976870301078539, 0.0008524064188563094]}}, {"key": 5, "value": {"rotation": [[0.9999887337894741, -0.001384298641187957, 0.004540485810613326], [0.0013746592832911903, 0.9999967964592409, 0.002125413632606491], [-0.004543413472185577, -0.0021191480662788352, 0.999987433223785]], "center": [0.002513650380168854, -0.04935867966477786, 0.0005172113157193099]}}, {"key": 6, "value": {"rotation": [[0.9999827653028192, -0.0019495952122683716, 0.005537885502146903], [0.0019365163896510466, 0.9999953257718311, 0.002366080886460125], [-0.005542472516774615, -0.0023553159017336255, 0.9999818665782914]], "center": [0.0025722193840028505, -0.0585700749236953, 0.0003290063846439661]}}, {"key": 7, "value": {"rotation": [[0.9999785977675479, -0.0018730547979102057, 0.0062686260514218965], [0.0018540798637517704, 0.999993686443803, 0.003031412276643614], [-0.006274264475408331, -0.003019724864318032, 0.9999757571396601]], "center": [0.002608118879748861, -0.0683329665729536, -8.677491983002402e-05]}}, {"key": 8, "value": {"rotation": [[0.9999713494341705, -0.002564650860236433, 0.00712199949236598], [0.002535702528034511, 0.9999884997615, 0.004070694957042825], [-0.007132357498996608, -0.004052519057211486, 0.9999663527168289]], "center": [0.003928481859897935, -0.07844121339322536, -0.00015641295690618047]}}, {"key": 9, "value": {"rotation": [[0.9999649575302854, -0.002971643612527538, 0.007826432501155035], [0.0029385253865855357, 0.9999866949527163, 0.00423969174528309], [-0.007838927222994556, -0.004216545005422395, 0.9999603851994389]], "center": [0.004616111531376664, -0.08810007251628639, -0.00024182052794993508]}}], "structure": [], "control_points": []}