{"sfm_data_version": "0.3", "root_path": "/mnt/ST8000/jialei/SFM_E/ex_sea_12/6-1/images", "views": [{"key": 9, "value": {"polymorphic_id": 1073741824, "ptr_wrapper": {"id": 2147483649, "data": {"local_path": "", "filename": "104926_15025.847656.jpg", "width": 1920, "height": 1080, "id_view": 9, "id_intrinsic": 0, "id_pose": 9}}}}, {"key": 8, "value": {"polymorphic_id": 1073741824, "ptr_wrapper": {"id": 2147483650, "data": {"local_path": "", "filename": "104925_15025.748047.jpg", "width": 1920, "height": 1080, "id_view": 8, "id_intrinsic": 0, "id_pose": 8}}}}, {"key": 7, "value": {"polymorphic_id": 1073741824, "ptr_wrapper": {"id": 2147483651, "data": {"local_path": "", "filename": "104924_15025.647461.jpg", "width": 1920, "height": 1080, "id_view": 7, "id_intrinsic": 0, "id_pose": 7}}}}, {"key": 6, "value": {"polymorphic_id": 1073741824, "ptr_wrapper": {"id": 2147483652, "data": {"local_path": "", "filename": "104923_15025.547852.jpg", "width": 1920, "height": 1080, "id_view": 6, "id_intrinsic": 0, "id_pose": 6}}}}, {"key": 5, "value": {"polymorphic_id": 1073741824, "ptr_wrapper": {"id": 2147483653, "data": {"local_path": "", "filename": "104922_15025.447266.jpg", "width": 1920, "height": 1080, "id_view": 5, "id_intrinsic": 0, "id_pose": 5}}}}, {"key": 4, "value": {"polymorphic_id": 1073741824, "ptr_wrapper": {"id": 2147483654, "data": {"local_path": "", "filename": "104921_15025.347656.jpg", "width": 1920, "height": 1080, "id_view": 4, "id_intrinsic": 0, "id_pose": 4}}}}, {"key": 3, "value": {"polymorphic_id": 1073741824, "ptr_wrapper": {"id": 2147483655, "data": {"local_path": "", "filename": "104920_15025.280047.jpg", "width": 1920, "height": 1080, "id_view": 3, "id_intrinsic": 0, "id_pose": 3}}}}, {"key": 2, "value": {"polymorphic_id": 1073741824, "ptr_wrapper": {"id": 2147483656, "data": {"local_path": "", "filename": "104919_15025.248047.jpg", "width": 1920, "height": 1080, "id_view": 2, "id_intrinsic": 0, "id_pose": 2}}}}, {"key": 1, "value": {"polymorphic_id": 1073741824, "ptr_wrapper": {"id": 2147483657, "data": {"local_path": "", "filename": "104918_15025.147461.jpg", "width": 1920, "height": 1080, "id_view": 1, "id_intrinsic": 0, "id_pose": 1}}}}, {"key": 0, "value": {"polymorphic_id": 1073741824, "ptr_wrapper": {"id": 2147483658, "data": {"local_path": "", "filename": "104917_15025.047852.jpg", "width": 1920, "height": 1080, "id_view": 0, "id_intrinsic": 0, "id_pose": 0}}}}], "intrinsics": [{"key": 0, "value": {"polymorphic_id": 2147483649, "polymorphic_name": "pinhole_radial_k3", "ptr_wrapper": {"id": 2147483659, "data": {"width": 1920, "height": 1080, "focal_length": 1739.13, "principal_point": [960.0, 540.0], "disto_k3": [0.0, 0.0, 0.0]}}}}], "extrinsics": [{"key": 0, "value": {"rotation": [[0.9999999501559266, 0.00012513511412710573, 0.00028987816018593324], [-0.0001251480515787782, 0.9999999911738252, 4.4612944418812745e-05], [-0.00028987257498152625, -4.464921988206458e-05, 0.9999999569901679]], "center": [102655.28827500432, -59731.174788022916, 609.3316322808956]}}, {"key": 1, "value": {"rotation": [[0.9999992727561502, 0.0011253497258477917, -0.00043367633703061053], [-0.0011249357969073846, 0.9999989126494143, 0.0009535299899880121], [0.00043474892018521177, -0.0009530414385033403, 0.9999994513525461]], "center": [102655.63575233538, -59737.27600266117, 609.4294589281858]}}, {"key": 2, "value": {"rotation": [[0.9999991117758434, 0.0011501012097414327, 0.0006735835001670966], [-0.0011519888658075453, 0.9999953918911735, 0.0028087573892395788], [-0.0006703500409497673, -0.00280953085512574, 0.9999958285748981]], "center": [102656.08818460073, -59744.767871875505, 609.0187236868818]}}, {"key": 3, "value": {"rotation": [[0.9999986088005693, 0.0008394295023979214, 0.0014414419991954023], [-0.0008437282500265427, 0.9999951912022371, 0.002984241116555626], [-0.0014389300075568093, -0.0029854531502165422, 0.9999945082598812]], "center": [102656.22520476788, -59751.246978117844, 608.9016990414974]}}, {"key": 4, "value": {"rotation": [[0.9999959385969336, -0.0003564942078138438, 0.0028276671512236125], [0.0003500088110157746, 0.9999973081821677, 0.00229371363764627], [-0.002828477235284941, -0.002292714613533111, 0.9999933715661474]], "center": [102656.81013641028, -59757.35293905095, 608.6933326187881]}}, {"key": 5, "value": {"rotation": [[0.9999936109049274, -0.00037884941769313264, 0.0035545214084957127], [0.0003689273457460757, 0.9999960353249334, 0.002791635189033116], [-0.0035555649253390755, -0.0027903059928618677, 0.9999897860231016]], "center": [102656.87167230445, -59763.922205537085, 608.4349258896808]}}, {"key": 6, "value": {"rotation": [[0.9999892902077941, -0.000938896469975033, 0.004531880749855482], [0.0009251739305066519, 0.9999949841445417, 0.003029148222928113], [-0.004534702075170211, -0.003024923003454176, 0.9999851430485922]], "center": [102656.94157641132, -59770.24032886455, 608.2689419190863]}}, {"key": 7, "value": {"rotation": [[0.9999858653889349, -0.000846448877314667, 0.005249051975510037], [0.0008271262924541024, 0.9999928784748425, 0.003682235964175117], [-0.005252131418752218, -0.0036778422883024767, 0.9999794440845587]], "center": [102657.0025335394, -59776.92583602202, 607.9514871141514]}}, {"key": 8, "value": {"rotation": [[0.9999803711610147, -0.0015127082359436537, 0.006080214344340491], [0.0014841226990005402, 0.999987838719375, 0.004703168418045864], [-0.006087254922748616, -0.004694052316187031, 0.9999704551637311]], "center": [102657.9376753221, -59783.84314251714, 607.8599804924081]}}, {"key": 9, "value": {"rotation": [[0.9999752603558703, -0.0019173546009247308, 0.006767749075211806], [0.0018844221967097728, 0.999986370284454, 0.004869106520568713], [-0.006776992636506613, -0.004856232764027041, 0.9999652440830868]], "center": [102658.43435213948, -59790.47754728301, 607.7739141898613]}}], "structure": [], "control_points": []}