{"sfm_data_version": "0.3", "root_path": "/mnt/ST8000/jialei/SFM_E/ex_sea_12/6-1/images", "views": [{"key": 9, "value": {"polymorphic_id": 1073741824, "ptr_wrapper": {"id": 2147483649, "data": {"local_path": "", "filename": "104926_15025.847656.jpg", "width": 1920, "height": 1080, "id_view": 9, "id_intrinsic": 0, "id_pose": 9}}}}, {"key": 8, "value": {"polymorphic_id": 1073741824, "ptr_wrapper": {"id": 2147483650, "data": {"local_path": "", "filename": "104925_15025.748047.jpg", "width": 1920, "height": 1080, "id_view": 8, "id_intrinsic": 0, "id_pose": 8}}}}, {"key": 7, "value": {"polymorphic_id": 1073741824, "ptr_wrapper": {"id": 2147483651, "data": {"local_path": "", "filename": "104924_15025.647461.jpg", "width": 1920, "height": 1080, "id_view": 7, "id_intrinsic": 0, "id_pose": 7}}}}, {"key": 6, "value": {"polymorphic_id": 1073741824, "ptr_wrapper": {"id": 2147483652, "data": {"local_path": "", "filename": "104923_15025.547852.jpg", "width": 1920, "height": 1080, "id_view": 6, "id_intrinsic": 0, "id_pose": 6}}}}, {"key": 5, "value": {"polymorphic_id": 1073741824, "ptr_wrapper": {"id": 2147483653, "data": {"local_path": "", "filename": "104922_15025.447266.jpg", "width": 1920, "height": 1080, "id_view": 5, "id_intrinsic": 0, "id_pose": 5}}}}, {"key": 4, "value": {"polymorphic_id": 1073741824, "ptr_wrapper": {"id": 2147483654, "data": {"local_path": "", "filename": "104921_15025.347656.jpg", "width": 1920, "height": 1080, "id_view": 4, "id_intrinsic": 0, "id_pose": 4}}}}, {"key": 3, "value": {"polymorphic_id": 1073741824, "ptr_wrapper": {"id": 2147483655, "data": {"local_path": "", "filename": "104920_15025.280047.jpg", "width": 1920, "height": 1080, "id_view": 3, "id_intrinsic": 0, "id_pose": 3}}}}, {"key": 2, "value": {"polymorphic_id": 1073741824, "ptr_wrapper": {"id": 2147483656, "data": {"local_path": "", "filename": "104919_15025.248047.jpg", "width": 1920, "height": 1080, "id_view": 2, "id_intrinsic": 0, "id_pose": 2}}}}, {"key": 1, "value": {"polymorphic_id": 1073741824, "ptr_wrapper": {"id": 2147483657, "data": {"local_path": "", "filename": "104918_15025.147461.jpg", "width": 1920, "height": 1080, "id_view": 1, "id_intrinsic": 0, "id_pose": 1}}}}, {"key": 0, "value": {"polymorphic_id": 1073741824, "ptr_wrapper": {"id": 2147483658, "data": {"local_path": "", "filename": "104917_15025.047852.jpg", "width": 1920, "height": 1080, "id_view": 0, "id_intrinsic": 0, "id_pose": 0}}}}], "intrinsics": [{"key": 0, "value": {"polymorphic_id": 2147483649, "polymorphic_name": "pinhole_radial_k3", "ptr_wrapper": {"id": 2147483659, "data": {"width": 1920, "height": 1080, "focal_length": 1739.13, "principal_point": [960.0, 540.0], "disto_k3": [0.0, 0.0, 0.0]}}}}], "extrinsics": [{"key": 0, "value": {"rotation": [[0.9999989490627758, -0.000796165439908589, 0.0012116079961293224], [0.0007969570703755096, 0.9999994692059434, -0.0006530292945423837], [-0.0012110874336594506, 0.0006539942078086024, 0.9999990527789535]], "center": [0.00036292237761542456, -0.0016449951111576861, 0.0015986086480285202]}}, {"key": 1, "value": {"rotation": [[0.999999860527168, 0.00020354381412627888, 0.00048735568136463043], [-0.00020366809095722662, 0.9999999467557524, 0.0002549662743369033], [-0.00048730375860780637, -0.00025506549757724786, 0.999999848738308]], "center": [0.0008689206376527431, -0.010678594634906289, 0.0017502222278351816]}}, {"key": 2, "value": {"rotation": [[0.9999987023925412, 0.0002290687138573492, 0.0015945973655323617], [-0.00023243337072176664, 0.9999977465762123, 0.0021101699518610985], [-0.001594110398311825, -0.0021105378513294106, 0.9999965022148909]], "center": [0.0015291061087777296, -0.021771813533029108, 0.0011504578138553283]}}, {"key": 3, "value": {"rotation": [[0.9999972056017217, -8.106606814009642e-05, 0.002362671589725897], [7.566514709830358e-05, 0.999997384378018, 0.0022859378619016087], [-0.0023628507218646146, -0.0022857527021873905, 0.9999945961209246]], "center": [0.0017232866365635344, -0.03136484002732371, 0.0009840737593791186]}}, {"key": 4, "value": {"rotation": [[0.9999921556294163, -0.0012760184115317894, 0.003749727543014077], [0.0012700392422162747, 0.9999979190762656, 0.0015965097752618214], [-0.003751756915984458, -0.001591734950520273, 0.9999916953154617]], "center": [0.0025812617882137053, -0.04040610730469628, 0.0006826784937927248]}}, {"key": 5, "value": {"rotation": [[0.9999891377653946, -0.0012978638436989915, 0.004476594762293893], [0.001288497914742768, 0.9999969765230118, 0.0020944493212503757], [-0.004479299537459156, -0.0020886584878341574, 0.9999877866161043]], "center": [0.002663752918900464, -0.05013266483181968, 0.00030695958727291176]}}, {"key": 6, "value": {"rotation": [[0.9999834003087292, -0.001857223975473085, 0.005454340115598754], [0.0018445242668287051, 0.9999955786339243, 0.002332475687437257], [-0.005458647929733319, -0.0023223763063582384, 0.9999824047107386]], "center": [0.002758850538409935, -0.059487305192499326, 6.783036306098067e-05]}}, {"key": 7, "value": {"rotation": [[0.9999794001035018, -0.0017642724332346713, 0.006171443220342704], [0.0017458731629000517, 0.9999940194178278, 0.0029854740790727203], [-0.006176673501137256, -0.002974638021520928, 0.9999764998404221]], "center": [0.0028404066003688876, -0.06938602450690222, -0.0003951936256046187]}}, {"key": 8, "value": {"rotation": [[0.9999725258466261, -0.0024299458194483943, 0.00700306470295373], [0.002401923907561702, 0.9999890872366348, 0.004007014996870057], [-0.007012725109505938, -0.003990084078989251, 0.9999674499280374]], "center": [0.004215622380462887, -0.07962889617383594, -0.0005222548368187484]}}, {"key": 9, "value": {"rotation": [[0.9999664085636492, -0.0028341070463540575, 0.007690876514927764], [0.0028020688532609116, 0.9999873658127628, 0.00417332301582132], [-0.007702606991119704, -0.004151632462370102, 0.9999617161638933]], "center": [0.004942042533104443, -0.08945231044647871, -0.0006421519006987117]}}], "structure": [], "control_points": []}