{"sfm_data_version": "0.3", "root_path": "/mnt/ST8000/jialei/SFM_E/ex_sea_12/1-5/images", "views": [{"key": 9, "value": {"polymorphic_id": 1073741824, "ptr_wrapper": {"id": 2147483649, "data": {"local_path": "", "filename": "075418_15357.965820.jpg", "width": 1920, "height": 1080, "id_view": 9, "id_intrinsic": 0, "id_pose": 9}}}}, {"key": 8, "value": {"polymorphic_id": 1073741824, "ptr_wrapper": {"id": 2147483650, "data": {"local_path": "", "filename": "075417_15357.866211.jpg", "width": 1920, "height": 1080, "id_view": 8, "id_intrinsic": 0, "id_pose": 8}}}}, {"key": 7, "value": {"polymorphic_id": 1073741824, "ptr_wrapper": {"id": 2147483651, "data": {"local_path": "", "filename": "075416_15357.766602.jpg", "width": 1920, "height": 1080, "id_view": 7, "id_intrinsic": 0, "id_pose": 7}}}}, {"key": 6, "value": {"polymorphic_id": 1073741824, "ptr_wrapper": {"id": 2147483652, "data": {"local_path": "", "filename": "075415_15357.666016.jpg", "width": 1920, "height": 1080, "id_view": 6, "id_intrinsic": 0, "id_pose": 6}}}}, {"key": 5, "value": {"polymorphic_id": 1073741824, "ptr_wrapper": {"id": 2147483653, "data": {"local_path": "", "filename": "075414_15357.566406.jpg", "width": 1920, "height": 1080, "id_view": 5, "id_intrinsic": 0, "id_pose": 5}}}}, {"key": 4, "value": {"polymorphic_id": 1073741824, "ptr_wrapper": {"id": 2147483654, "data": {"local_path": "", "filename": "075413_15357.497820.jpg", "width": 1920, "height": 1080, "id_view": 4, "id_intrinsic": 0, "id_pose": 4}}}}, {"key": 3, "value": {"polymorphic_id": 1073741824, "ptr_wrapper": {"id": 2147483655, "data": {"local_path": "", "filename": "075412_15357.398211.jpg", "width": 1920, "height": 1080, "id_view": 3, "id_intrinsic": 0, "id_pose": 3}}}}, {"key": 2, "value": {"polymorphic_id": 1073741824, "ptr_wrapper": {"id": 2147483656, "data": {"local_path": "", "filename": "075411_15357.299602.jpg", "width": 1920, "height": 1080, "id_view": 2, "id_intrinsic": 0, "id_pose": 2}}}}, {"key": 1, "value": {"polymorphic_id": 1073741824, "ptr_wrapper": {"id": 2147483657, "data": {"local_path": "", "filename": "075410_15357.198016.jpg", "width": 1920, "height": 1080, "id_view": 1, "id_intrinsic": 0, "id_pose": 1}}}}, {"key": 0, "value": {"polymorphic_id": 1073741824, "ptr_wrapper": {"id": 2147483658, "data": {"local_path": "", "filename": "075409_15357.099406.jpg", "width": 1920, "height": 1080, "id_view": 0, "id_intrinsic": 0, "id_pose": 0}}}}], "intrinsics": [{"key": 0, "value": {"polymorphic_id": 2147483649, "polymorphic_name": "pinhole_radial_k3", "ptr_wrapper": {"id": 2147483659, "data": {"width": 1920, "height": 1080, "focal_length": 1739.13, "principal_point": [960.0, 540.0], "disto_k3": [0.0, 0.0, 0.0]}}}}], "extrinsics": [{"key": 0, "value": {"rotation": [[0.9999999987590439, 4.5475672662065284e-05, 2.034393358409833e-05], [-4.547561332047211e-05, 0.999999998961729, -2.9173714279547963e-06], [-2.0344066232403805e-05, 2.9164462714774864e-06, 0.9999999997888068]], "center": [102655.288274439, -59731.174787467746, 609.3316321579678]}}, {"key": 1, "value": {"rotation": [[0.9999996410519385, 0.0005369353620849987, 0.0006554360465912199], [-0.0005370564578241708, 0.9999998387476998, 0.00018459397602335351], [-0.0006553368258672802, -0.00018494591592518162, 0.9999997681642997]], "center": [102655.07548027142, -59738.103134527024, 609.7373538394719]}}, {"key": 2, "value": {"rotation": [[0.9999994426529605, -0.0006106863014592131, 0.0008612525817181556], [0.0006108081120041459, 0.9999998034910592, -0.00014117823356520217], [-0.0008611661968610152, 0.00014170421494330538, 0.999999619156276]], "center": [102655.7049254857, -59745.21729758501, 610.1761822647595]}}, {"key": 3, "value": {"rotation": [[0.9999993623101865, -0.0010945970393473601, -0.00027791462934663496], [0.0010944389999159871, 0.9999992396879622, -0.0005681784692311981], [0.0002785363445150302, 0.0005678739463005683, 0.999999799968323]], "center": [102655.75648749994, -59751.82381899946, 610.6977743172902]}}, {"key": 4, "value": {"rotation": [[0.9999978419371168, -0.001534300852029323, 0.001400729097240553], [0.0015328834561920497, 0.9999983126436757, 0.001012412026522376], [-0.001402280078346356, -0.001010262687213798, 0.9999985064888272]], "center": [102655.49168217168, -59759.72637421686, 610.2070191736739]}}, {"key": 5, "value": {"rotation": [[0.99999679161518, -0.0022992161892504467, 0.0010631859012815049], [0.0022981500412835457, 0.9999968563212391, 0.0010029227421671548], [-0.0010654884951719612, -0.0010004761636821888, 0.9999989318902858]], "center": [102655.7849444354, -59766.83165479454, 610.6077589609116]}}, {"key": 6, "value": {"rotation": [[0.9999942919682278, -0.0029051604802638473, 0.001725130008423141], [0.0029021049179825315, 0.9999942205207789, 0.001771076532709954], [-0.0017302652996205004, -0.0017660599150672795, 0.9999969436025138]], "center": [102655.11914193374, -59774.27077235941, 610.5690079220013]}}, {"key": 7, "value": {"rotation": [[0.9999905440781297, -0.004215768694444814, 0.0010672622172335068], [0.004215374534605245, 0.9999910463371646, 0.00037129911836346384], [-0.0010688179725269302, -0.0003667966974158075, 0.9999993615439583]], "center": [102655.77015274053, -59780.709131280535, 611.5212894132994]}}, {"key": 8, "value": {"rotation": [[0.9999853337408954, -0.005357970927792804, 0.0007902218969357824], [0.0053581940307117935, 0.9999856054393754, -0.000280483108937496], [-0.0007887077016953569, 0.00028471315755050934, 0.9999996484392278]], "center": [102655.8503357283, -59787.31411027246, 612.0919174994609]}}, {"key": 9, "value": {"rotation": [[0.9999801698120573, -0.006292195533492042, -0.0002612623522470299], [0.006291876303991023, 0.9999794796492674, -0.0012052273457423654], [0.00026884051717365433, 0.001203559615454223, 0.999999239584225]], "center": [102656.28360117928, -59793.94107898606, 612.9651576293733]}}], "structure": [], "control_points": []}