{"sfm_data_version": "0.3", "root_path": "/mnt/ST8000/jialei/SFM_E/ex_sea_12/1-5/images", "views": [{"key": 9, "value": {"polymorphic_id": 1073741824, "ptr_wrapper": {"id": 2147483649, "data": {"local_path": "", "filename": "075418_15357.965820.jpg", "width": 1920, "height": 1080, "id_view": 9, "id_intrinsic": 0, "id_pose": 9}}}}, {"key": 8, "value": {"polymorphic_id": 1073741824, "ptr_wrapper": {"id": 2147483650, "data": {"local_path": "", "filename": "075417_15357.866211.jpg", "width": 1920, "height": 1080, "id_view": 8, "id_intrinsic": 0, "id_pose": 8}}}}, {"key": 7, "value": {"polymorphic_id": 1073741824, "ptr_wrapper": {"id": 2147483651, "data": {"local_path": "", "filename": "075416_15357.766602.jpg", "width": 1920, "height": 1080, "id_view": 7, "id_intrinsic": 0, "id_pose": 7}}}}, {"key": 6, "value": {"polymorphic_id": 1073741824, "ptr_wrapper": {"id": 2147483652, "data": {"local_path": "", "filename": "075415_15357.666016.jpg", "width": 1920, "height": 1080, "id_view": 6, "id_intrinsic": 0, "id_pose": 6}}}}, {"key": 5, "value": {"polymorphic_id": 1073741824, "ptr_wrapper": {"id": 2147483653, "data": {"local_path": "", "filename": "075414_15357.566406.jpg", "width": 1920, "height": 1080, "id_view": 5, "id_intrinsic": 0, "id_pose": 5}}}}, {"key": 4, "value": {"polymorphic_id": 1073741824, "ptr_wrapper": {"id": 2147483654, "data": {"local_path": "", "filename": "075413_15357.497820.jpg", "width": 1920, "height": 1080, "id_view": 4, "id_intrinsic": 0, "id_pose": 4}}}}, {"key": 3, "value": {"polymorphic_id": 1073741824, "ptr_wrapper": {"id": 2147483655, "data": {"local_path": "", "filename": "075412_15357.398211.jpg", "width": 1920, "height": 1080, "id_view": 3, "id_intrinsic": 0, "id_pose": 3}}}}, {"key": 2, "value": {"polymorphic_id": 1073741824, "ptr_wrapper": {"id": 2147483656, "data": {"local_path": "", "filename": "075411_15357.299602.jpg", "width": 1920, "height": 1080, "id_view": 2, "id_intrinsic": 0, "id_pose": 2}}}}, {"key": 1, "value": {"polymorphic_id": 1073741824, "ptr_wrapper": {"id": 2147483657, "data": {"local_path": "", "filename": "075410_15357.198016.jpg", "width": 1920, "height": 1080, "id_view": 1, "id_intrinsic": 0, "id_pose": 1}}}}, {"key": 0, "value": {"polymorphic_id": 1073741824, "ptr_wrapper": {"id": 2147483658, "data": {"local_path": "", "filename": "075409_15357.099406.jpg", "width": 1920, "height": 1080, "id_view": 0, "id_intrinsic": 0, "id_pose": 0}}}}], "intrinsics": [{"key": 0, "value": {"polymorphic_id": 2147483649, "polymorphic_name": "pinhole_radial_k3", "ptr_wrapper": {"id": 2147483659, "data": {"width": 1920, "height": 1080, "focal_length": 1739.13, "principal_point": [960.0, 540.0], "disto_k3": [0.0, 0.0, 0.0]}}}}], "extrinsics": [{"key": 0, "value": {"rotation": [[0.9999998573863832, -0.00044314643629503374, 0.00029807457007155296], [0.0004431835633944515, 0.9999998940437977, -0.0001245018973646922], [-0.0002980193659165889, 0.00012463398135911316, 0.9999999478254128]], "center": [0.00023423105095035242, -0.00048467319288570494, 0.00023146609767387403]}}, {"key": 1, "value": {"rotation": [[0.9999995634849201, 4.8390661137065697e-05, 0.0009331068068563216], [-4.844934929353774e-05, 0.9999999968498275, 6.287293116719506e-05], [-0.0009331037614541674, -6.291811213982626e-05, 0.9999995626792452]], "center": [-0.00011830468048964297, -0.011776959278691695, 0.0008940298034389528]}}, {"key": 2, "value": {"rotation": [[0.9999987471405914, -0.0010992057105297143, 0.001139062795963154], [0.0010995054813673286, 0.9999993610693962, -0.0002625804556580335], [-0.0011387734382447509, 0.0002638325324693632, 0.9999993167934922]], "center": [0.000901765350531347, -0.023372771683419266, 0.0016109723930852818]}}, {"key": 3, "value": {"rotation": [[0.9999987466510265, -0.0015832549931099904, -4.555511536620345e-08], [0.0015832545854129966, 0.9999985089832597, -0.0006894462813683771], [1.1371243148776807e-06, 0.0006894453451262044, 0.9999997623318833]], "center": [0.0009803085122492025, -0.034140700625252096, 0.002462449519026123]}}, {"key": 4, "value": {"rotation": [[0.9999965452929553, -0.0020227537034625603, 0.001678651127687372], [0.0020212596262333756, 0.9999975600742201, 0.0008912660263285114], [-0.0016804498435587574, -0.0008878699575146065, 0.9999981938859999]], "center": [0.0005426294281857143, -0.047020988259180246, 0.0016640120267313774]}}, {"key": 5, "value": {"rotation": [[0.9999952149168004, -0.0027877095120625722, 0.0013412006477367387], [0.0027865280137636095, 0.9999957286689867, 0.0008819894616648482], [-0.0013436536494366887, -0.0008782479480949892, 0.9999987116368759]], "center": [0.001014778073932722, -0.05860206289547651, 0.0023187198684006937]}}, {"key": 6, "value": {"rotation": [[0.9999922353640257, -0.003393571941238153, 0.002003217696010333], [0.003390268208633358, 0.9999928912518131, 0.001650311277455761], [-0.0020088039056857113, -0.0016435070181197759, 0.9999966317901023]], "center": [-7.632308221158465e-05, -0.07072658292640183, 0.002256732082409225]}}, {"key": 7, "value": {"rotation": [[0.9999880297094349, -0.004704258225451182, 0.0013455082272562009], [0.004703924752351921, 0.9999889050092442, 0.00025089905580121533], [-0.001346673592801885, -0.0002445668830120359, 0.9999990633281982]], "center": [0.0009792026522588895, -0.08122081522903812, 0.003810429460508462]}}, {"key": 8, "value": {"rotation": [[0.9999823381540032, -0.005846491485999151, 0.0010686053322828545], [0.005846922393971176, 0.9999828263756014, -0.0004005650777788596], [-0.0010662450801394408, 0.0004068060555076155, 0.999999348814919]], "center": [0.001104374268492342, -0.09198624323795604, 0.004741843238707032]}}, {"key": 9, "value": {"rotation": [[0.999977009682023, -0.006780841423650703, 1.7233272671519064e-05], [0.006780858306314773, 0.9999761318177647, -0.0013250492100247524], [-8.247912772926643e-06, 0.001325135603102049, 0.999999121973417]], "center": [0.0018048816821838623, -0.10278773353683969, 0.006166649630609354]}}], "structure": [], "control_points": []}