{"sfm_data_version": "0.3", "root_path": "/mnt/ST8000/jialei/SFM_E/ex_sea_12/6-1/images", "views": [{"key": 9, "value": {"polymorphic_id": 1073741824, "ptr_wrapper": {"id": 2147483649, "data": {"local_path": "", "filename": "104926_15025.847656.jpg", "width": 1920, "height": 1080, "id_view": 9, "id_intrinsic": 0, "id_pose": 9}}}}, {"key": 8, "value": {"polymorphic_id": 1073741824, "ptr_wrapper": {"id": 2147483650, "data": {"local_path": "", "filename": "104925_15025.748047.jpg", "width": 1920, "height": 1080, "id_view": 8, "id_intrinsic": 0, "id_pose": 8}}}}, {"key": 7, "value": {"polymorphic_id": 1073741824, "ptr_wrapper": {"id": 2147483651, "data": {"local_path": "", "filename": "104924_15025.647461.jpg", "width": 1920, "height": 1080, "id_view": 7, "id_intrinsic": 0, "id_pose": 7}}}}, {"key": 6, "value": {"polymorphic_id": 1073741824, "ptr_wrapper": {"id": 2147483652, "data": {"local_path": "", "filename": "104923_15025.547852.jpg", "width": 1920, "height": 1080, "id_view": 6, "id_intrinsic": 0, "id_pose": 6}}}}, {"key": 5, "value": {"polymorphic_id": 1073741824, "ptr_wrapper": {"id": 2147483653, "data": {"local_path": "", "filename": "104922_15025.447266.jpg", "width": 1920, "height": 1080, "id_view": 5, "id_intrinsic": 0, "id_pose": 5}}}}, {"key": 4, "value": {"polymorphic_id": 1073741824, "ptr_wrapper": {"id": 2147483654, "data": {"local_path": "", "filename": "104921_15025.347656.jpg", "width": 1920, "height": 1080, "id_view": 4, "id_intrinsic": 0, "id_pose": 4}}}}, {"key": 3, "value": {"polymorphic_id": 1073741824, "ptr_wrapper": {"id": 2147483655, "data": {"local_path": "", "filename": "104920_15025.280047.jpg", "width": 1920, "height": 1080, "id_view": 3, "id_intrinsic": 0, "id_pose": 3}}}}, {"key": 2, "value": {"polymorphic_id": 1073741824, "ptr_wrapper": {"id": 2147483656, "data": {"local_path": "", "filename": "104919_15025.248047.jpg", "width": 1920, "height": 1080, "id_view": 2, "id_intrinsic": 0, "id_pose": 2}}}}, {"key": 1, "value": {"polymorphic_id": 1073741824, "ptr_wrapper": {"id": 2147483657, "data": {"local_path": "", "filename": "104918_15025.147461.jpg", "width": 1920, "height": 1080, "id_view": 1, "id_intrinsic": 0, "id_pose": 1}}}}, {"key": 0, "value": {"polymorphic_id": 1073741824, "ptr_wrapper": {"id": 2147483658, "data": {"local_path": "", "filename": "104917_15025.047852.jpg", "width": 1920, "height": 1080, "id_view": 0, "id_intrinsic": 0, "id_pose": 0}}}}], "intrinsics": [{"key": 0, "value": {"polymorphic_id": 2147483649, "polymorphic_name": "pinhole_radial_k3", "ptr_wrapper": {"id": 2147483659, "data": {"width": 1920, "height": 1080, "focal_length": 1739.13, "principal_point": [960.0, 540.0], "disto_k3": [0.0, 0.0, 0.0]}}}}], "extrinsics": [{"key": 0, "value": {"rotation": [[0.999999961147576, 0.00012934109521013385, 0.00024693263700839807], [-0.00012935498818392196, 0.9999999900517775, 5.624705958634805e-05], [-0.0002469253594955669, -5.6278999369356616e-05, 0.9999999679302701]], "center": [102655.28827493783, -59731.17478795825, 609.3316322682026]}}, {"key": 1, "value": {"rotation": [[0.9999992703630695, 0.001106480285256996, -0.0004847418972208339], [-0.0011060197968111986, 0.9999989378629619, 0.0009492065934077798], [0.00048579166074076685, -0.0009486697666968722, 0.9999994320159069]], "center": [102655.6555011212, -59737.36571107941, 609.4397540784715]}}, {"key": 2, "value": {"rotation": [[0.9999992097835031, 0.0010859737069819424, 0.0006333194112954602], [-0.0010877314739866498, 0.9999955392759179, 0.0027817743449149914], [-0.0006302956524349621, -0.0027824610281677363, 0.9999959303107276]], "center": [102656.1130941043, -59744.94170591947, 609.0755579620177]}}, {"key": 3, "value": {"rotation": [[0.9999987039984055, 0.0007729569456696483, 0.0014122815120331113], [-0.000777139860064251, 0.9999953063482567, 0.002963669194290907], [-0.0014099840945871185, -0.0029647628936275146, 0.9999946110483985]], "center": [102656.25603728507, -59751.51628541651, 608.9774861753381]}}, {"key": 4, "value": {"rotation": [[0.9999959540514133, -0.0003997077323123502, 0.002816400989215299], [0.0003932382693160153, 0.9999972840065054, 0.0022972468903973337], [-0.0028173115672336375, -0.002296130079203794, 0.9999933952492852]], "center": [102656.85955215832, -59757.71509596594, 608.803077795583]}}, {"key": 5, "value": {"rotation": [[0.9999936081883323, -0.0004351064455085108, 0.003548839931668421], [0.0004251988567937064, 0.9999960117976991, 0.0027920592092369775], [-0.00355004062113498, -0.0027905324002384085, 0.9999898050182874]], "center": [102656.92120794016, -59764.37773361798, 608.5681257719556]}}, {"key": 6, "value": {"rotation": [[0.9999891955297916, -0.0010001845003151416, 0.004539653582031678], [0.000986407413320156, 0.9999949046653066, 0.0030360572851445555], [-0.004542667068415938, -0.0030315465342068137, 0.9999850868395574]], "center": [102656.99780823928, -59770.78736687204, 608.4293544344495]}}, {"key": 7, "value": {"rotation": [[0.9999857461243334, -0.0009249585584435309, 0.005258516884492044], [0.0009056009849263189, 0.9999928099745821, 0.0036823750481157266], [-0.005261885119938117, -0.0036775604419297505, 0.9999793938447838]], "center": [102657.0544789777, -59777.56478995431, 608.1417443131487]}}, {"key": 8, "value": {"rotation": [[0.9999800575750027, -0.0016163401867675042, 0.006105071391375464], [0.0015877268859185972, 0.999987747293756, 0.0046887509738597465], [-0.006112575204353865, -0.004678964282806534, 0.99997037141988]], "center": [102658.00670977536, -59784.55470014361, 608.0857081348685]}}, {"key": 9, "value": {"rotation": [[0.9999748496517978, -0.0020236778559834454, 0.0067974106686653005], [0.0019906782243736686, 0.9999862184321582, 0.004857998143159131], [-0.00680714801295568, -0.0048443445054139915, 0.9999650969220097]], "center": [102658.51707640775, -59791.27432406493, 608.0217704031242]}}], "structure": [], "control_points": []}