{"sfm_data_version": "0.3", "root_path": "/mnt/ST8000/jialei/SFM_E/ex_sea_12/6-1/images", "views": [{"key": 9, "value": {"polymorphic_id": 1073741824, "ptr_wrapper": {"id": 2147483649, "data": {"local_path": "", "filename": "104926_15025.847656.jpg", "width": 1920, "height": 1080, "id_view": 9, "id_intrinsic": 0, "id_pose": 9}}}}, {"key": 8, "value": {"polymorphic_id": 1073741824, "ptr_wrapper": {"id": 2147483650, "data": {"local_path": "", "filename": "104925_15025.748047.jpg", "width": 1920, "height": 1080, "id_view": 8, "id_intrinsic": 0, "id_pose": 8}}}}, {"key": 7, "value": {"polymorphic_id": 1073741824, "ptr_wrapper": {"id": 2147483651, "data": {"local_path": "", "filename": "104924_15025.647461.jpg", "width": 1920, "height": 1080, "id_view": 7, "id_intrinsic": 0, "id_pose": 7}}}}, {"key": 6, "value": {"polymorphic_id": 1073741824, "ptr_wrapper": {"id": 2147483652, "data": {"local_path": "", "filename": "104923_15025.547852.jpg", "width": 1920, "height": 1080, "id_view": 6, "id_intrinsic": 0, "id_pose": 6}}}}, {"key": 5, "value": {"polymorphic_id": 1073741824, "ptr_wrapper": {"id": 2147483653, "data": {"local_path": "", "filename": "104922_15025.447266.jpg", "width": 1920, "height": 1080, "id_view": 5, "id_intrinsic": 0, "id_pose": 5}}}}, {"key": 4, "value": {"polymorphic_id": 1073741824, "ptr_wrapper": {"id": 2147483654, "data": {"local_path": "", "filename": "104921_15025.347656.jpg", "width": 1920, "height": 1080, "id_view": 4, "id_intrinsic": 0, "id_pose": 4}}}}, {"key": 3, "value": {"polymorphic_id": 1073741824, "ptr_wrapper": {"id": 2147483655, "data": {"local_path": "", "filename": "104920_15025.280047.jpg", "width": 1920, "height": 1080, "id_view": 3, "id_intrinsic": 0, "id_pose": 3}}}}, {"key": 2, "value": {"polymorphic_id": 1073741824, "ptr_wrapper": {"id": 2147483656, "data": {"local_path": "", "filename": "104919_15025.248047.jpg", "width": 1920, "height": 1080, "id_view": 2, "id_intrinsic": 0, "id_pose": 2}}}}, {"key": 1, "value": {"polymorphic_id": 1073741824, "ptr_wrapper": {"id": 2147483657, "data": {"local_path": "", "filename": "104918_15025.147461.jpg", "width": 1920, "height": 1080, "id_view": 1, "id_intrinsic": 0, "id_pose": 1}}}}, {"key": 0, "value": {"polymorphic_id": 1073741824, "ptr_wrapper": {"id": 2147483658, "data": {"local_path": "", "filename": "104917_15025.047852.jpg", "width": 1920, "height": 1080, "id_view": 0, "id_intrinsic": 0, "id_pose": 0}}}}], "intrinsics": [{"key": 0, "value": {"polymorphic_id": 2147483649, "polymorphic_name": "pinhole_radial_k3", "ptr_wrapper": {"id": 2147483659, "data": {"width": 1920, "height": 1080, "focal_length": 1739.13, "principal_point": [960.0, 540.0], "disto_k3": [0.0, 0.0, 0.0]}}}}], "extrinsics": [{"key": 0, "value": {"rotation": [[0.9999989765060026, -0.0007940810061367623, 0.0011901354137959417], [0.00079485166637963, 0.9999994746668784, -0.0006472069187376604], [-0.0011896208538572006, 0.0006481522374420986, 0.9999990823500295]], "center": [0.00039832876835859933, -0.0015909507362253067, 0.0015410391567985988]}}, {"key": 1, "value": {"rotation": [[0.9999998785607546, 0.00018254291534801145, 0.00045777348125905547], [-0.00018265500636083159, 0.9999999533473526, 0.000244831454970401], [-0.0004577287676551592, -0.0002449150398563707, 0.9999998652504902]], "center": [0.0009386976146944539, -0.010848017861497356, 0.0017097314422515927]}}, {"key": 2, "value": {"rotation": [[0.9999987450943649, 0.0001628237491639547, 0.00157584838159559], [-0.00016609729913823779, 0.9999978283715857, 0.0020774175795002544], [-0.0015755067065196028, -0.00207767671669727, 0.9999966005132611]], "center": [0.0016129345536947872, -0.022176667581164704, 0.001173797577796783]}}, {"key": 3, "value": {"rotation": [[0.9999972157172353, -0.00014964378631355653, 0.002355029620682378], [0.00014432236680569777, 0.9999974366738559, 0.0022596054459783676], [-0.002355361719887897, -0.0022592592711491288, 0.9999946739951739]], "center": [0.001817715740337156, -0.03200728544644781, 0.0010342761461532115]}}, {"key": 4, "value": {"rotation": [[0.9999920583416742, -0.001321316348157309, 0.003759970304375922], [0.0013153295029701792, 0.9999978640775875, 0.001594286223072154], [-0.0037620688298212693, -0.0015893279619240655, 0.9999916604026003]], "center": [0.0027117708897070256, -0.04127676965075724, 0.000780870603435036]}}, {"key": 5, "value": {"rotation": [[0.999988989334066, -0.0013561970850292447, 0.004492431424012288], [0.0013468224550191124, 0.99999691079937, 0.0020891292423969848], [-0.004495250816979072, -0.002083055732173299, 0.9999877267241382]], "center": [0.0027950823403925422, -0.05123908401886261, 0.0004366636765214673]}}, {"key": 6, "value": {"rotation": [[0.999983120416301, -0.0019205729490907072, 0.005483637663497669], [0.0019077994959664896, 0.9999954571619961, 0.0023336573127192804], [-0.005488094711327353, -0.0023231562403848672, 0.9999822417230831]], "center": [0.0029009529218544335, -0.0608230253492206, 0.0002360212085003907]}}, {"key": 7, "value": {"rotation": [[0.9999790629101654, -0.0018448376462887922, 0.006202444305722246], [0.0018263819545682209, 0.9999938922441861, 0.0029798998773310267], [-0.006207903854182851, -0.002968509454545414, 0.9999763246604172]], "center": [0.0029767263229119084, -0.07095701555721717, -0.0001868064721823704]}}, {"key": 8, "value": {"rotation": [[0.9999719373504117, -0.0025356174080175876, 0.007049479131385353], [0.002507553927963534, 0.9999889082511706, 0.003986922112404892], [-0.007059510249446061, -0.0039691332797207055, 0.9999672041102382]], "center": [0.004390921632149406, -0.08140970958421591, -0.00026189802254602976]}}, {"key": 9, "value": {"rotation": [[0.9999657003167309, -0.0029424624449730197, 0.007742099510395527], [0.0029103439624332153, 0.9999871264107753, 0.004156550341403169], [-0.0077542303350668735, -0.004133875600476331, 0.9999613907468787]], "center": [0.0051448260325293385, -0.09145766946106926, -0.0003497114337119452]}}], "structure": [], "control_points": []}