{"sfm_data_version": "0.3", "root_path": "/mnt/ST8000/jialei/SFM_E/ex_sea_12/6-1/images", "views": [{"key": 9, "value": {"polymorphic_id": 1073741824, "ptr_wrapper": {"id": 2147483649, "data": {"local_path": "", "filename": "104926_15025.847656.jpg", "width": 1920, "height": 1080, "id_view": 9, "id_intrinsic": 0, "id_pose": 9}}}}, {"key": 8, "value": {"polymorphic_id": 1073741824, "ptr_wrapper": {"id": 2147483650, "data": {"local_path": "", "filename": "104925_15025.748047.jpg", "width": 1920, "height": 1080, "id_view": 8, "id_intrinsic": 0, "id_pose": 8}}}}, {"key": 7, "value": {"polymorphic_id": 1073741824, "ptr_wrapper": {"id": 2147483651, "data": {"local_path": "", "filename": "104924_15025.647461.jpg", "width": 1920, "height": 1080, "id_view": 7, "id_intrinsic": 0, "id_pose": 7}}}}, {"key": 6, "value": {"polymorphic_id": 1073741824, "ptr_wrapper": {"id": 2147483652, "data": {"local_path": "", "filename": "104923_15025.547852.jpg", "width": 1920, "height": 1080, "id_view": 6, "id_intrinsic": 0, "id_pose": 6}}}}, {"key": 5, "value": {"polymorphic_id": 1073741824, "ptr_wrapper": {"id": 2147483653, "data": {"local_path": "", "filename": "104922_15025.447266.jpg", "width": 1920, "height": 1080, "id_view": 5, "id_intrinsic": 0, "id_pose": 5}}}}, {"key": 4, "value": {"polymorphic_id": 1073741824, "ptr_wrapper": {"id": 2147483654, "data": {"local_path": "", "filename": "104921_15025.347656.jpg", "width": 1920, "height": 1080, "id_view": 4, "id_intrinsic": 0, "id_pose": 4}}}}, {"key": 3, "value": {"polymorphic_id": 1073741824, "ptr_wrapper": {"id": 2147483655, "data": {"local_path": "", "filename": "104920_15025.280047.jpg", "width": 1920, "height": 1080, "id_view": 3, "id_intrinsic": 0, "id_pose": 3}}}}, {"key": 2, "value": {"polymorphic_id": 1073741824, "ptr_wrapper": {"id": 2147483656, "data": {"local_path": "", "filename": "104919_15025.248047.jpg", "width": 1920, "height": 1080, "id_view": 2, "id_intrinsic": 0, "id_pose": 2}}}}, {"key": 1, "value": {"polymorphic_id": 1073741824, "ptr_wrapper": {"id": 2147483657, "data": {"local_path": "", "filename": "104918_15025.147461.jpg", "width": 1920, "height": 1080, "id_view": 1, "id_intrinsic": 0, "id_pose": 1}}}}, {"key": 0, "value": {"polymorphic_id": 1073741824, "ptr_wrapper": {"id": 2147483658, "data": {"local_path": "", "filename": "104917_15025.047852.jpg", "width": 1920, "height": 1080, "id_view": 0, "id_intrinsic": 0, "id_pose": 0}}}}], "intrinsics": [{"key": 0, "value": {"polymorphic_id": 2147483649, "polymorphic_name": "pinhole_radial_k3", "ptr_wrapper": {"id": 2147483659, "data": {"width": 1920, "height": 1080, "focal_length": 1739.13, "principal_point": [960.0, 540.0], "disto_k3": [0.0, 0.0, 0.0]}}}}], "extrinsics": [{"key": 0, "value": {"rotation": [[0.9999989561610425, -0.000863803738735383, 0.0011582400124024773], [0.000864629446792355, 0.9999993723170669, -0.0007125878134644459], [-0.0011576237493775181, 0.0007135885180587393, 0.9999990753489134]], "center": [0.000583743300686783, -0.001506501884064588, 0.0013928352539506253]}}, {"key": 1, "value": {"rotation": [[0.999999925826643, 3.471473106418974e-05, 0.0003835904012001291], [-3.479592498520523e-05, 0.9999999769938743, 0.00021166363505674686], [-0.00038358304452902896, -0.00021167696673977718, 0.9999999040284502]], "center": [0.0010878485518595175, -0.010375999320483803, 0.0016274040659799158]}}, {"key": 2, "value": {"rotation": [[0.9999987753652391, -0.00013094327299792915, 0.0015595261721306473], [0.0001276510951153757, 0.9999977638497958, 0.002110924111738101], [-0.0015597990961081435, -0.0021107224514032895, 0.9999965559328258]], "center": [0.0016169842777460815, -0.02150757829524257, 0.0013390860806772398]}}, {"key": 3, "value": {"rotation": [[0.9999970578679805, -0.00045404417362171994, 0.0023828762601290025], [0.00044854384785954064, 0.9999972352789824, 0.0023082986825217573], [-0.0023839177417087146, -0.0023072230667155755, 0.9999944968138181]], "center": [0.0017525658788825533, -0.03105034176347881, 0.0013185014387092258]}}, {"key": 4, "value": {"rotation": [[0.999991273066797, -0.001555951754435454, 0.0038772160611424845], [0.0015496345585592284, 0.9999974679534155, 0.0016317841439194203], [-0.0038797452212523975, -0.0016257616354487983, 0.9999911521989199]], "center": [0.0025035772315189623, -0.03998076201243888, 0.0012387622879729537]}}, {"key": 5, "value": {"rotation": [[0.9999878916112771, -0.0016275469991142038, 0.004644106114056358], [0.001617563363394258, 0.9999963747003828, 0.002152690144203173], [-0.004647592882164477, -0.0021451519426882422, 0.9999868990159545]], "center": [0.002504738594438281, -0.04968454085816663, 0.001018444470909904]}}, {"key": 6, "value": {"rotation": [[0.9999813615987094, -0.0022103214043162167, 0.005691303407915121], [0.0021966624890938755, 0.9999946950791363, 0.0024050961507479166], [-0.005696589251502374, -0.0023925494508904347, 0.9999809121068386]], "center": [0.0025293252870040393, -0.058990606590966596, 0.0009739527857604258]}}, {"key": 7, "value": {"rotation": [[0.9999768423199794, -0.002184762650151173, 0.006445280127813165], [0.0021649586539717242, 0.9999929193670305, 0.0030780139424958445], [-0.006451959221048404, -0.003063988897843833, 0.999974491771787]], "center": [0.0025148537765313796, -0.06886637480711848, 0.0006820028003764671]}}, {"key": 8, "value": {"rotation": [[0.9999685869885708, -0.0029523357308645984, 0.007355864994256251], [0.0029220660151152247, 0.999987233593811, 0.0041223997380320735], [-0.007367941794339328, -0.004100775917930431, 0.9999644479033173]], "center": [0.0038139924580005598, -0.07905300285787191, 0.0007860511152196598]}}, {"key": 9, "value": {"rotation": [[0.9999615779947907, -0.0033682155893407623, 0.00809306233215837], [0.003333499490807199, 0.9999852018800156, 0.004299279256956454], [-0.008107423469467122, -0.004272135850863065, 0.9999580083883316]], "center": [0.004485125932305969, -0.08876662408088629, 0.0008062544210440162]}}], "structure": [], "control_points": []}