{"sfm_data_version": "0.3", "root_path": "/mnt/ST8000/jialei/SFM_E/ex_sea_12/6-1/images", "views": [{"key": 9, "value": {"polymorphic_id": 1073741824, "ptr_wrapper": {"id": 2147483649, "data": {"local_path": "", "filename": "104926_15025.847656.jpg", "width": 1920, "height": 1080, "id_view": 9, "id_intrinsic": 0, "id_pose": 9}}}}, {"key": 8, "value": {"polymorphic_id": 1073741824, "ptr_wrapper": {"id": 2147483650, "data": {"local_path": "", "filename": "104925_15025.748047.jpg", "width": 1920, "height": 1080, "id_view": 8, "id_intrinsic": 0, "id_pose": 8}}}}, {"key": 7, "value": {"polymorphic_id": 1073741824, "ptr_wrapper": {"id": 2147483651, "data": {"local_path": "", "filename": "104924_15025.647461.jpg", "width": 1920, "height": 1080, "id_view": 7, "id_intrinsic": 0, "id_pose": 7}}}}, {"key": 6, "value": {"polymorphic_id": 1073741824, "ptr_wrapper": {"id": 2147483652, "data": {"local_path": "", "filename": "104923_15025.547852.jpg", "width": 1920, "height": 1080, "id_view": 6, "id_intrinsic": 0, "id_pose": 6}}}}, {"key": 5, "value": {"polymorphic_id": 1073741824, "ptr_wrapper": {"id": 2147483653, "data": {"local_path": "", "filename": "104922_15025.447266.jpg", "width": 1920, "height": 1080, "id_view": 5, "id_intrinsic": 0, "id_pose": 5}}}}, {"key": 4, "value": {"polymorphic_id": 1073741824, "ptr_wrapper": {"id": 2147483654, "data": {"local_path": "", "filename": "104921_15025.347656.jpg", "width": 1920, "height": 1080, "id_view": 4, "id_intrinsic": 0, "id_pose": 4}}}}, {"key": 3, "value": {"polymorphic_id": 1073741824, "ptr_wrapper": {"id": 2147483655, "data": {"local_path": "", "filename": "104920_15025.280047.jpg", "width": 1920, "height": 1080, "id_view": 3, "id_intrinsic": 0, "id_pose": 3}}}}, {"key": 2, "value": {"polymorphic_id": 1073741824, "ptr_wrapper": {"id": 2147483656, "data": {"local_path": "", "filename": "104919_15025.248047.jpg", "width": 1920, "height": 1080, "id_view": 2, "id_intrinsic": 0, "id_pose": 2}}}}, {"key": 1, "value": {"polymorphic_id": 1073741824, "ptr_wrapper": {"id": 2147483657, "data": {"local_path": "", "filename": "104918_15025.147461.jpg", "width": 1920, "height": 1080, "id_view": 1, "id_intrinsic": 0, "id_pose": 1}}}}, {"key": 0, "value": {"polymorphic_id": 1073741824, "ptr_wrapper": {"id": 2147483658, "data": {"local_path": "", "filename": "104917_15025.047852.jpg", "width": 1920, "height": 1080, "id_view": 0, "id_intrinsic": 0, "id_pose": 0}}}}], "intrinsics": [{"key": 0, "value": {"polymorphic_id": 2147483649, "polymorphic_name": "pinhole_radial_k3", "ptr_wrapper": {"id": 2147483659, "data": {"width": 1920, "height": 1080, "focal_length": 1739.13, "principal_point": [960.0, 540.0], "disto_k3": [0.0, 0.0, 0.0]}}}}], "extrinsics": [{"key": 0, "value": {"rotation": [[0.999999983195761, -9.962900480347998e-06, 0.00018305523302230176], [9.97658524958281e-06, 0.9999999971559417, -7.475683538134136e-05], [-0.0001830544877067709, 7.475866039124747e-05, 0.9999999804510984]], "center": [102655.28827465941, -59731.17478763232, 609.3316322330598]}}, {"key": 1, "value": {"rotation": [[0.999999430142021, 0.0008890499901981902, -0.0005910209373147467], [-0.0008885472370796237, 0.9999992436762144, 0.0008503709817877133], [0.0005917765126245583, -0.0008498453471761616, 0.9999994637815786]], "center": [102655.62491903549, -59737.007420704795, 609.4818425479041]}}, {"key": 2, "value": {"rotation": [[0.9999995678938813, 0.000722641037398224, 0.000584809355149979], [-0.0007242463454138649, 0.9999959579316254, 0.0027494704292918425], [-0.0005828201111473063, -0.002749892787267082, 0.9999960491973839]], "center": [102655.97895913802, -59744.327425508614, 609.2872224642243]}}, {"key": 3, "value": {"rotation": [[0.9999989292259481, 0.00039901368649685473, 0.0014079542020873027], [-0.00040316093542664257, 0.9999955776960989, 0.0029465317757227105], [-0.0014067722691797667, -0.002947096252786105, 0.9999946677935135]], "center": [102656.07346706811, -59750.60291635502, 609.2695905092343]}}, {"key": 4, "value": {"rotation": [[0.9999955426603091, -0.0007038513622100398, 0.002901594867370099], [0.0006972689290656321, 0.9999971828490594, 0.0022689446853170893], [-0.002903183692946958, -0.002266911379914122, 0.9999932162956111]], "center": [102656.57231608171, -59756.47534329328, 609.2129197093648]}}, {"key": 5, "value": {"rotation": [[0.9999929702016871, -0.0007759386096397697, 0.0036684419693238913], [0.0007657065867910038, 0.9999958153921683, 0.002789783428045433], [-0.003670591319007288, -0.0027869548662514104, 0.9999893797645766]], "center": [102656.57838803767, -59762.85671390792, 609.0639564359218]}}, {"key": 6, "value": {"rotation": [[0.9999879590636918, -0.0013593862090269485, 0.004715272713978031], [0.0013450528012372385, 0.9999944696635755, 0.003041623781195658], [-0.004719381378354825, -0.003035244866424876, 0.999984257240086]], "center": [102656.59975451873, -59768.976598363384, 609.030773130523]}}, {"key": 7, "value": {"rotation": [[0.9999841532245978, -0.001334312248562963, 0.0054692696503367685], [0.0013140067241396353, 0.9999922376446201, 0.0037145708816085175], [-0.005474183593347583, -0.003707325360541351, 0.9999781442874924]], "center": [102656.59559653194, -59775.4710525121, 608.8346404213274]}}, {"key": 8, "value": {"rotation": [[0.9999774413579651, -0.0021024727558383396, 0.006379371715841776], [0.002072136767282433, 0.999986532731622, 0.004758214434688113], [-0.006389289819346153, -0.0047448881651473715, 0.9999683310044896]], "center": [102657.45573192471, -59782.16936423963, 608.8979542072585]}}, {"key": 9, "value": {"rotation": [[0.9999715064129525, -0.0025188285821119687, 0.007116309772971162], [0.0024837441214387596, 0.9999847398008396, 0.004934691539150656], [-0.0071286308187594565, -0.0049168758395227545, 0.9999625027742933]], "center": [102657.90255505811, -59788.55693183236, 608.9067304700153]}}], "structure": [], "control_points": []}