{"sfm_data_version": "0.3", "root_path": "/mnt/ST8000/jialei/SFM_E/ex_sea_12/6-1/images", "views": [{"key": 9, "value": {"polymorphic_id": 1073741824, "ptr_wrapper": {"id": 2147483649, "data": {"local_path": "", "filename": "104926_15025.847656.jpg", "width": 1920, "height": 1080, "id_view": 9, "id_intrinsic": 0, "id_pose": 9}}}}, {"key": 8, "value": {"polymorphic_id": 1073741824, "ptr_wrapper": {"id": 2147483650, "data": {"local_path": "", "filename": "104925_15025.748047.jpg", "width": 1920, "height": 1080, "id_view": 8, "id_intrinsic": 0, "id_pose": 8}}}}, {"key": 7, "value": {"polymorphic_id": 1073741824, "ptr_wrapper": {"id": 2147483651, "data": {"local_path": "", "filename": "104924_15025.647461.jpg", "width": 1920, "height": 1080, "id_view": 7, "id_intrinsic": 0, "id_pose": 7}}}}, {"key": 6, "value": {"polymorphic_id": 1073741824, "ptr_wrapper": {"id": 2147483652, "data": {"local_path": "", "filename": "104923_15025.547852.jpg", "width": 1920, "height": 1080, "id_view": 6, "id_intrinsic": 0, "id_pose": 6}}}}, {"key": 5, "value": {"polymorphic_id": 1073741824, "ptr_wrapper": {"id": 2147483653, "data": {"local_path": "", "filename": "104922_15025.447266.jpg", "width": 1920, "height": 1080, "id_view": 5, "id_intrinsic": 0, "id_pose": 5}}}}, {"key": 4, "value": {"polymorphic_id": 1073741824, "ptr_wrapper": {"id": 2147483654, "data": {"local_path": "", "filename": "104921_15025.347656.jpg", "width": 1920, "height": 1080, "id_view": 4, "id_intrinsic": 0, "id_pose": 4}}}}, {"key": 3, "value": {"polymorphic_id": 1073741824, "ptr_wrapper": {"id": 2147483655, "data": {"local_path": "", "filename": "104920_15025.280047.jpg", "width": 1920, "height": 1080, "id_view": 3, "id_intrinsic": 0, "id_pose": 3}}}}, {"key": 2, "value": {"polymorphic_id": 1073741824, "ptr_wrapper": {"id": 2147483656, "data": {"local_path": "", "filename": "104919_15025.248047.jpg", "width": 1920, "height": 1080, "id_view": 2, "id_intrinsic": 0, "id_pose": 2}}}}, {"key": 1, "value": {"polymorphic_id": 1073741824, "ptr_wrapper": {"id": 2147483657, "data": {"local_path": "", "filename": "104918_15025.147461.jpg", "width": 1920, "height": 1080, "id_view": 1, "id_intrinsic": 0, "id_pose": 1}}}}, {"key": 0, "value": {"polymorphic_id": 1073741824, "ptr_wrapper": {"id": 2147483658, "data": {"local_path": "", "filename": "104917_15025.047852.jpg", "width": 1920, "height": 1080, "id_view": 0, "id_intrinsic": 0, "id_pose": 0}}}}], "intrinsics": [{"key": 0, "value": {"polymorphic_id": 2147483649, "polymorphic_name": "pinhole_radial_k3", "ptr_wrapper": {"id": 2147483659, "data": {"width": 1920, "height": 1080, "focal_length": 1739.13, "principal_point": [960.0, 540.0], "disto_k3": [0.0, 0.0, 0.0]}}}}], "extrinsics": [{"key": 0, "value": {"rotation": [[0.9999999898231733, -4.856497206572533e-05, 0.00013414580591621783], [4.857897924786825e-05, 0.9999999933686585, -0.00010441630819591277], [-0.00013414073405156065, 0.00010442282379960737, 0.9999999855510686]], "center": [102655.28827454118, -59731.17478751977, 609.3316322095794]}}, {"key": 1, "value": {"rotation": [[0.9999994473100057, 0.0008254811052267178, -0.0006511225908722723], [-0.0008249460578774754, 0.9999993222418451, 0.0008215715744029668], [0.0006518003413799102, -0.0008210339793140061, 0.9999994505296089]], "center": [102655.62698450025, -59736.970922627384, 609.4959409421161]}}, {"key": 2, "value": {"rotation": [[0.9999996665636905, 0.0006112564830137756, 0.0005415145607645712], [-0.0006127294123940591, 0.9999961020748542, 0.0027240407053551515], [-0.0005398473624401329, -0.002724371598959617, 0.9999961431746704]], "center": [102655.96633015128, -59744.27035895772, 609.3558650912516]}}, {"key": 3, "value": {"rotation": [[0.9999990105921313, 0.00028382130592474286, 0.001377773647917475], [-0.00028785200746858386, 0.9999956772329808, 0.002926201731521225], [-0.0013769371737260847, -0.0029265954312245475, 0.999994769527922]], "center": [102656.05501779477, -59750.52274252402, 609.3637486935206]}}, {"key": 4, "value": {"rotation": [[0.9999954887380602, -0.0007969018510098388, 0.0028961096262461435], [0.0007903757205292816, 0.9999971477085895, 0.002253859113980058], [-0.0028978974701973016, -0.0022515599314985716, 0.9999932663113923]], "center": [102656.54272823993, -59756.364865351024, 609.3471304491263]}}, {"key": 5, "value": {"rotation": [[0.9999928695698596, -0.0008820220327665329, 0.0036718995861929706], [0.0008718232293756015, 0.9999957607484695, 0.0027782025387375095], [-0.0036743344559376032, -0.002774981481603179, 0.9999893993158543]], "center": [102656.53944461928, -59762.72544389434, 609.2258188944218]}}, {"key": 6, "value": {"rotation": [[0.9999877082898082, -0.0014720486058936834, 0.00473458997151458], [0.0014577051643880807, 0.9999943424578901, 0.00303152566631112], [-0.00473902573850319, -0.0030245867674234235, 0.999984196630095]], "center": [102656.5550941596, -59768.82102499838, 609.2270745462214]}}, {"key": 7, "value": {"rotation": [[0.9999838274572315, -0.0014642947380767465, 0.005495513161195955], [0.0014439387404613633, 0.9999920893307626, 0.0037062537433177516], [-0.005500896735863305, -0.003698258619418356, 0.9999780312678301]], "center": [102656.55950082268, -59775.2931234758, 609.0540369355098]}}, {"key": 8, "value": {"rotation": [[0.9999768106639744, -0.0022579411461469564, 0.006424938605579276], [0.002227442201147302, 0.9999862371194572, 0.004750165566502381], [-0.006435575774200304, -0.004735744233926956, 0.9999680775359808]], "center": [102657.41092182153, -59781.959712850345, 609.1575589942141]}}, {"key": 9, "value": {"rotation": [[0.999970696185173, -0.00267762712657965, 0.007171965135908139], [0.002642317539271481, 0.9999843651905309, 0.004928238276728641], [-0.0071850489880956854, -0.004909143251277, 0.9999621369749842]], "center": [102657.85236272463, -59788.312959628754, 609.1913074955833]}}], "structure": [], "control_points": []}