{"sfm_data_version": "0.3", "root_path": "/mnt/ST8000/jialei/SFM_E/ex_sea_12/6-1/images", "views": [{"key": 9, "value": {"polymorphic_id": 1073741824, "ptr_wrapper": {"id": 2147483649, "data": {"local_path": "", "filename": "104926_15025.847656.jpg", "width": 1920, "height": 1080, "id_view": 9, "id_intrinsic": 0, "id_pose": 9}}}}, {"key": 8, "value": {"polymorphic_id": 1073741824, "ptr_wrapper": {"id": 2147483650, "data": {"local_path": "", "filename": "104925_15025.748047.jpg", "width": 1920, "height": 1080, "id_view": 8, "id_intrinsic": 0, "id_pose": 8}}}}, {"key": 7, "value": {"polymorphic_id": 1073741824, "ptr_wrapper": {"id": 2147483651, "data": {"local_path": "", "filename": "104924_15025.647461.jpg", "width": 1920, "height": 1080, "id_view": 7, "id_intrinsic": 0, "id_pose": 7}}}}, {"key": 6, "value": {"polymorphic_id": 1073741824, "ptr_wrapper": {"id": 2147483652, "data": {"local_path": "", "filename": "104923_15025.547852.jpg", "width": 1920, "height": 1080, "id_view": 6, "id_intrinsic": 0, "id_pose": 6}}}}, {"key": 5, "value": {"polymorphic_id": 1073741824, "ptr_wrapper": {"id": 2147483653, "data": {"local_path": "", "filename": "104922_15025.447266.jpg", "width": 1920, "height": 1080, "id_view": 5, "id_intrinsic": 0, "id_pose": 5}}}}, {"key": 4, "value": {"polymorphic_id": 1073741824, "ptr_wrapper": {"id": 2147483654, "data": {"local_path": "", "filename": "104921_15025.347656.jpg", "width": 1920, "height": 1080, "id_view": 4, "id_intrinsic": 0, "id_pose": 4}}}}, {"key": 3, "value": {"polymorphic_id": 1073741824, "ptr_wrapper": {"id": 2147483655, "data": {"local_path": "", "filename": "104920_15025.280047.jpg", "width": 1920, "height": 1080, "id_view": 3, "id_intrinsic": 0, "id_pose": 3}}}}, {"key": 2, "value": {"polymorphic_id": 1073741824, "ptr_wrapper": {"id": 2147483656, "data": {"local_path": "", "filename": "104919_15025.248047.jpg", "width": 1920, "height": 1080, "id_view": 2, "id_intrinsic": 0, "id_pose": 2}}}}, {"key": 1, "value": {"polymorphic_id": 1073741824, "ptr_wrapper": {"id": 2147483657, "data": {"local_path": "", "filename": "104918_15025.147461.jpg", "width": 1920, "height": 1080, "id_view": 1, "id_intrinsic": 0, "id_pose": 1}}}}, {"key": 0, "value": {"polymorphic_id": 1073741824, "ptr_wrapper": {"id": 2147483658, "data": {"local_path": "", "filename": "104917_15025.047852.jpg", "width": 1920, "height": 1080, "id_view": 0, "id_intrinsic": 0, "id_pose": 0}}}}], "intrinsics": [{"key": 0, "value": {"polymorphic_id": 2147483649, "polymorphic_name": "pinhole_radial_k3", "ptr_wrapper": {"id": 2147483659, "data": {"width": 1920, "height": 1080, "focal_length": 1739.13, "principal_point": [960.0, 540.0], "disto_k3": [0.0, 0.0, 0.0]}}}}], "extrinsics": [{"key": 0, "value": {"rotation": [[0.9999989672846166, -0.0008831375107344792, 0.0011337979703876955], [0.0008839625432028296, 0.9999993447664506, -0.0007273767192467569], [-0.0011331548538200487, 0.0007283782030109752, 0.9999990927122238]], "center": [0.0006398143718164803, -0.0014673259496149325, 0.0013023512499761988]}}, {"key": 1, "value": {"rotation": [[0.999999939407304, -9.581339735796861e-06, 0.0003479850374111432], [9.512530348082965e-06, 0.9999999804046479, 0.00019773774426486973], [-0.0003479869251847607, -0.00019773442206517675, 0.9999999199030959]], "center": [0.0011504302089075358, -0.010336526590855795, 0.0015598108368800308]}}, {"key": 2, "value": {"rotation": [[0.9999987881578815, -0.00022306200972897227, 0.0015407550447733885], [0.00021982554643834316, 0.9999977699544238, 0.00210041969811172], [-0.0015412201326585023, -0.0021000784554149796, 0.9999966071497361]], "center": [0.0016605627130000045, -0.02150628686650269, 0.0013529521248789738]}}, {"key": 3, "value": {"rotation": [[0.9999970231793733, -0.0005499747667553805, 0.002377216891174095], [0.0005445003416446083, 0.9999972000686602, 0.0023029056033254773], [-0.0023784767751020264, -0.0023016043525791556, 0.999994522717817]], "center": [0.0017882643752982306, -0.031073443632483818, 0.0013711111908806055]}}, {"key": 4, "value": {"rotation": [[0.9999910816509113, -0.0016297471934046256, 0.003896221596027097], [0.0016234001221169154, 0.9999973511573875, 0.0016316403562337883], [-0.00389887043684047, -0.001625300678080683, 0.9999910785637153]], "center": [0.0025270902527418965, -0.04001337513774613, 0.0013519981267333127]}}, {"key": 5, "value": {"rotation": [[0.9999876162929171, -0.001714381171331986, 0.004672061430279515], [0.0017043225311143737, 0.9999962233255761, 0.0021560656980694703], [-0.004675740103861472, -0.00214807629842104, 0.9999867615237201]], "center": [0.00251412184957475, -0.049746091730121865, 0.001172432414692668]}}, {"key": 6, "value": {"rotation": [[0.99998090044474, -0.002303740163757674, 0.005735113510985426], [0.0022899496891515183, 0.9999944740597247, 0.002409975194000853], [-0.005740633775738717, -0.0023967960431447357, 0.9999806500590802]], "center": [0.002530275227594764, -0.059073231099937173, 0.0011801885639310446]}}, {"key": 7, "value": {"rotation": [[0.9999762658526217, -0.002295508364015896, 0.0064960274627246465], [0.002275507273093886, 0.9999926533487664, 0.003084690445451918], [-0.006503060671394372, -0.003069835475216603, 0.9999741428217328]], "center": [0.002529010610828582, -0.0689766485164044, 0.0009215925920785155]}}, {"key": 8, "value": {"rotation": [[0.9999676575585797, -0.0030885686685854447, 0.007425939697124881], [0.0030579622073414834, 0.9999867984221588, 0.0041293883977686005], [-0.0074385955626296504, -0.004106546600318397, 0.9999639011339734]], "center": [0.0038231286458254854, -0.07917848289575354, 0.001087653816724021]}}, {"key": 9, "value": {"rotation": [[0.9999604461746514, -0.003507783290042929, 0.0081732210652427], [0.003472657717382913, 0.9999846913054508, 0.004307876869215749], [-0.008188207042395297, -0.004279323676998284, 0.9999573194163329]], "center": [0.004490425188263634, -0.088900400789601, 0.0011460256248580275]}}], "structure": [], "control_points": []}