{"sfm_data_version": "0.3", "root_path": "/mnt/ST8000/jialei/SFM_E/ex_sea_12/6-3/images", "views": [{"key": 9, "value": {"polymorphic_id": 1073741824, "ptr_wrapper": {"id": 2147483649, "data": {"local_path": "", "filename": "087511_13303.979266.jpg", "width": 1920, "height": 1080, "id_view": 9, "id_intrinsic": 0, "id_pose": 9}}}}, {"key": 8, "value": {"polymorphic_id": 1073741824, "ptr_wrapper": {"id": 2147483650, "data": {"local_path": "", "filename": "087510_13303.879656.jpg", "width": 1920, "height": 1080, "id_view": 8, "id_intrinsic": 0, "id_pose": 8}}}}, {"key": 7, "value": {"polymorphic_id": 1073741824, "ptr_wrapper": {"id": 2147483651, "data": {"local_path": "", "filename": "087509_13303.781047.jpg", "width": 1920, "height": 1080, "id_view": 7, "id_intrinsic": 0, "id_pose": 7}}}}, {"key": 6, "value": {"polymorphic_id": 1073741824, "ptr_wrapper": {"id": 2147483652, "data": {"local_path": "", "filename": "087508_13303.679461.jpg", "width": 1920, "height": 1080, "id_view": 6, "id_intrinsic": 0, "id_pose": 6}}}}, {"key": 5, "value": {"polymorphic_id": 1073741824, "ptr_wrapper": {"id": 2147483653, "data": {"local_path": "", "filename": "087507_13303.580852.jpg", "width": 1920, "height": 1080, "id_view": 5, "id_intrinsic": 0, "id_pose": 5}}}}, {"key": 4, "value": {"polymorphic_id": 1073741824, "ptr_wrapper": {"id": 2147483654, "data": {"local_path": "", "filename": "087506_13303.479266.jpg", "width": 1920, "height": 1080, "id_view": 4, "id_intrinsic": 0, "id_pose": 4}}}}, {"key": 3, "value": {"polymorphic_id": 1073741824, "ptr_wrapper": {"id": 2147483655, "data": {"local_path": "", "filename": "087505_13303.379656.jpg", "width": 1920, "height": 1080, "id_view": 3, "id_intrinsic": 0, "id_pose": 3}}}}, {"key": 2, "value": {"polymorphic_id": 1073741824, "ptr_wrapper": {"id": 2147483656, "data": {"local_path": "", "filename": "087504_13303.248047.jpg", "width": 1920, "height": 1080, "id_view": 2, "id_intrinsic": 0, "id_pose": 2}}}}, {"key": 1, "value": {"polymorphic_id": 1073741824, "ptr_wrapper": {"id": 2147483657, "data": {"local_path": "", "filename": "087503_13303.179461.jpg", "width": 1920, "height": 1080, "id_view": 1, "id_intrinsic": 0, "id_pose": 1}}}}, {"key": 0, "value": {"polymorphic_id": 1073741824, "ptr_wrapper": {"id": 2147483658, "data": {"local_path": "", "filename": "087502_13303.047852.jpg", "width": 1920, "height": 1080, "id_view": 0, "id_intrinsic": 0, "id_pose": 0}}}}], "intrinsics": [{"key": 0, "value": {"polymorphic_id": 2147483649, "polymorphic_name": "pinhole_radial_k3", "ptr_wrapper": {"id": 2147483659, "data": {"width": 1920, "height": 1080, "focal_length": 1739.13, "principal_point": [960.0, 540.0], "disto_k3": [0.0, 0.0, 0.0]}}}}], "extrinsics": [{"key": 0, "value": {"rotation": [[0.9999999894238533, 0.0001424647797020199, 2.92588493850815e-05], [-0.00014246348271440128, 0.9999999888697098, -4.4325347243507264e-05], [-2.9265163860252297e-05, 4.43211784571323e-05, 0.9999999985895918]], "center": [102655.28827440862, -59731.174787443575, 609.3316321601881]}}, {"key": 1, "value": {"rotation": [[0.9999998639373457, 0.00029978848391554544, -0.0004269100084771291], [-0.00029994671521604355, 0.9999998863336268, -0.0003706274428996175], [0.00042679885011260606, 0.0003707554427258013, 0.999999840191559]], "center": [102653.93093855177, -59737.89608362222, 609.2871151218453]}}, {"key": 2, "value": {"rotation": [[0.9999999817703065, 0.0001043878906615109, -0.00015988294236501756], [-0.00010424769013126704, 0.999999610306494, 0.0008766523139542854], [0.00015997439194557174, -0.0008766356305457418, 0.999999602959004]], "center": [102653.2678478933, -59745.30361273035, 609.3780316850524]}}, {"key": 3, "value": {"rotation": [[0.999999517574965, -0.0009644098938523417, -0.00018644944284714704], [0.0009643764904790394, 0.9999995189393482, -0.0001791620959773013], [0.00018662213885165118, 0.0001789822020857338, 0.999999966568774]], "center": [102652.72629954563, -59751.45780377311, 609.7986384580724]}}, {"key": 4, "value": {"rotation": [[0.9999986732761117, -0.0015945012115452849, 0.00033318448865497265], [0.0015944720442904658, 0.9999987249752574, 8.778815169402527e-05], [-0.0003333240421507235, -8.725678187055725e-05, 0.999999940640667]], "center": [102651.8927034046, -59758.385624175, 609.8645379365709]}}, {"key": 5, "value": {"rotation": [[0.999998010250014, -0.001885438429259045, 0.0006516271506045914], [0.0018842942575185123, 0.9999966898815266, 0.0017520448455108687], [-0.0006549283663229897, -0.0017508135020816477, 0.999998252858932]], "center": [102651.27060071983, -59766.05020312208, 609.968872146544]}}, {"key": 6, "value": {"rotation": [[0.9999965892703011, -0.0022629789906557308, 0.0013039838391901315], [0.0022595106077826863, 0.9999939222485204, 0.0026551982662437502], [-0.0013099845717929556, -0.002652242844763044, 0.9999956247645858]], "center": [102650.11535301893, -59773.2100761368, 609.9175113594632]}}, {"key": 7, "value": {"rotation": [[0.999995822003732, -0.002414872574279658, 0.001588825204589721], [0.0024078288891787067, 0.9999873313849378, 0.00442034270960491], [-0.0015994796407531671, -0.004416498622201999, 0.9999889680415474]], "center": [102649.64065703875, -59780.93510225419, 609.9680810976699]}}, {"key": 8, "value": {"rotation": [[0.9999933296687453, -0.0024552403395566276, 0.0027041473501424195], [0.002439022791345384, 0.999979119175174, 0.005984344698097816], [-0.0027187838898238724, -0.005977709303518095, 0.9999784373703478]], "center": [102647.88393739206, -59788.37462181908, 609.6902060241238]}}, {"key": 9, "value": {"rotation": [[0.9999902238504643, -0.0029309420380018696, 0.003310858237478619], [0.002904952991411878, 0.9999651462058671, 0.007827363642739924], [-0.003333684390654404, -0.007817669233721267, 0.9999638846459081]], "center": [102647.18188676695, -59796.27423243894, 609.5294925224933]}}], "structure": [], "control_points": []}