{"sfm_data_version": "0.3", "root_path": "/mnt/ST8000/jialei/SFM_E/ex_sea_12/6-3/images", "views": [{"key": 9, "value": {"polymorphic_id": 1073741824, "ptr_wrapper": {"id": 2147483649, "data": {"local_path": "", "filename": "087511_13303.979266.jpg", "width": 1920, "height": 1080, "id_view": 9, "id_intrinsic": 0, "id_pose": 9}}}}, {"key": 8, "value": {"polymorphic_id": 1073741824, "ptr_wrapper": {"id": 2147483650, "data": {"local_path": "", "filename": "087510_13303.879656.jpg", "width": 1920, "height": 1080, "id_view": 8, "id_intrinsic": 0, "id_pose": 8}}}}, {"key": 7, "value": {"polymorphic_id": 1073741824, "ptr_wrapper": {"id": 2147483651, "data": {"local_path": "", "filename": "087509_13303.781047.jpg", "width": 1920, "height": 1080, "id_view": 7, "id_intrinsic": 0, "id_pose": 7}}}}, {"key": 6, "value": {"polymorphic_id": 1073741824, "ptr_wrapper": {"id": 2147483652, "data": {"local_path": "", "filename": "087508_13303.679461.jpg", "width": 1920, "height": 1080, "id_view": 6, "id_intrinsic": 0, "id_pose": 6}}}}, {"key": 5, "value": {"polymorphic_id": 1073741824, "ptr_wrapper": {"id": 2147483653, "data": {"local_path": "", "filename": "087507_13303.580852.jpg", "width": 1920, "height": 1080, "id_view": 5, "id_intrinsic": 0, "id_pose": 5}}}}, {"key": 4, "value": {"polymorphic_id": 1073741824, "ptr_wrapper": {"id": 2147483654, "data": {"local_path": "", "filename": "087506_13303.479266.jpg", "width": 1920, "height": 1080, "id_view": 4, "id_intrinsic": 0, "id_pose": 4}}}}, {"key": 3, "value": {"polymorphic_id": 1073741824, "ptr_wrapper": {"id": 2147483655, "data": {"local_path": "", "filename": "087505_13303.379656.jpg", "width": 1920, "height": 1080, "id_view": 3, "id_intrinsic": 0, "id_pose": 3}}}}, {"key": 2, "value": {"polymorphic_id": 1073741824, "ptr_wrapper": {"id": 2147483656, "data": {"local_path": "", "filename": "087504_13303.248047.jpg", "width": 1920, "height": 1080, "id_view": 2, "id_intrinsic": 0, "id_pose": 2}}}}, {"key": 1, "value": {"polymorphic_id": 1073741824, "ptr_wrapper": {"id": 2147483657, "data": {"local_path": "", "filename": "087503_13303.179461.jpg", "width": 1920, "height": 1080, "id_view": 1, "id_intrinsic": 0, "id_pose": 1}}}}, {"key": 0, "value": {"polymorphic_id": 1073741824, "ptr_wrapper": {"id": 2147483658, "data": {"local_path": "", "filename": "087502_13303.047852.jpg", "width": 1920, "height": 1080, "id_view": 0, "id_intrinsic": 0, "id_pose": 0}}}}], "intrinsics": [{"key": 0, "value": {"polymorphic_id": 2147483649, "polymorphic_name": "pinhole_radial_k3", "ptr_wrapper": {"id": 2147483659, "data": {"width": 1920, "height": 1080, "focal_length": 1739.13, "principal_point": [960.0, 540.0], "disto_k3": [0.0, 0.0, 0.0]}}}}], "extrinsics": [{"key": 0, "value": {"rotation": [[0.9999999702679876, -0.00010825442935008337, 0.00021850629829122919], [0.00010825086046928677, 0.9999999940072987, 1.634484041663416e-05], [-0.00021850806638315856, -1.6321186435858086e-05, 0.9999999759939217]], "center": [0.00020326168584485922, -4.463437525168817e-05, 0.0001334198428477591]}}, {"key": 1, "value": {"rotation": [[0.9999999705552632, 4.9096967595864216e-05, -0.00023765302520958276], [-4.917063598730999e-05, 0.9999999507451353, -0.0003099870569580093], [0.00023763779407951798, 0.0003099987333809209, 0.9999999237145292]], "center": [-0.0020091843450576277, -0.010986216146169351, 5.9864643618772876e-05]}}, {"key": 2, "value": {"rotation": [[0.9999999888641822, -0.00014631984381186539, 2.9362197669369592e-05], [0.00014629225753812425, 0.9999995500057105, 0.0009373296923603902], [-2.9499334390733626e-05, -0.0009373253864602637, 0.9999995602753581]], "center": [-0.003091734448191893, -0.023045268591267088, 0.00020693880303546217]}}, {"key": 3, "value": {"rotation": [[0.9999992617427164, -0.001215115865135919, 2.7307368917720257e-06], [0.001215116179638308, 0.9999992547506852, -0.00011828247710481573], [-2.5870079421640057e-06, 0.00011828570794455576, 0.9999999930008995]], "center": [-0.003976006058530308, -0.03306399306858957, 0.0008909035461613152]}}, {"key": 4, "value": {"rotation": [[0.999998161133454, -0.0018452384658285, 0.0005223262536128097], [0.001845160981905877, 0.9999982866202286, 0.0001487869556326782], [-0.000522599906083302, -0.00014782290601025004, 0.9999998525188526]], "center": [-0.00533593228673946, -0.044342016953919275, 0.0009972452479762289]}}, {"key": 5, "value": {"rotation": [[0.9999973649011448, -0.002136194821083091, 0.0008407511247445469], [0.0021346677033627012, 0.9999960779264138, 0.0018130983386689236], [-0.0008446209585379027, -0.0018112988367029194, 0.9999980029039862]], "center": [-0.006351863810000969, -0.05681955961976765, 0.0011661503044994993]}}, {"key": 6, "value": {"rotation": [[0.9999957258087138, -0.0025137745788930384, 0.0014930846159080349], [0.002509712415841637, 0.9999931614442349, 0.0027163225790726134], [-0.0014999026280129698, -0.002712563755991771, 0.9999951961334496]], "center": [-0.008235491131059532, -0.06847521780641759, 0.0010814725358413426]}}, {"key": 7, "value": {"rotation": [[0.999994866554185, -0.002665685240640127, 0.0017779166109788587], [0.0026576949768772136, 0.9999864263394106, 0.004481494655103778], [-0.0017898387323003653, -0.004476746489547387, 0.9999883775415495]], "center": [-0.009011455500379427, -0.08105122215386833, 0.0011628895106349482]}}, {"key": 8, "value": {"rotation": [[0.9999921530196874, -0.0027061200236566936, 0.0028932358126517927], [0.002688590824998011, 0.9999781114528123, 0.006045502017350229], [-0.002909532337985384, -0.006037675851154378, 0.9999775402937258]], "center": [-0.011874311846949528, -0.0931618716515698, 0.0007092379270040528]}}, {"key": 9, "value": {"rotation": [[0.9999888131178414, -0.0031818577244269054, 0.003499917226529532], [0.0031541687002346617, 0.9999639098885993, 0.007888608249551454], [-0.00352489134322071, -0.007877480671251129, 0.9999627595262195]], "center": [-0.013020411333868706, -0.10602198253322458, 0.00044660257504426973]}}], "structure": [], "control_points": []}