{"sfm_data_version": "0.3", "root_path": "/mnt/ST8000/jialei/SFM_E/ex_sea_12/1-2/images", "views": [{"key": 9, "value": {"polymorphic_id": 1073741824, "ptr_wrapper": {"id": 2147483649, "data": {"local_path": "", "filename": "038735_11734.566406.jpg", "width": 1920, "height": 1080, "id_view": 9, "id_intrinsic": 0, "id_pose": 9}}}}, {"key": 8, "value": {"polymorphic_id": 1073741824, "ptr_wrapper": {"id": 2147483650, "data": {"local_path": "", "filename": "038734_11734.465820.jpg", "width": 1920, "height": 1080, "id_view": 8, "id_intrinsic": 0, "id_pose": 8}}}}, {"key": 7, "value": {"polymorphic_id": 1073741824, "ptr_wrapper": {"id": 2147483651, "data": {"local_path": "", "filename": "038733_11734.399211.jpg", "width": 1920, "height": 1080, "id_view": 7, "id_intrinsic": 0, "id_pose": 7}}}}, {"key": 6, "value": {"polymorphic_id": 1073741824, "ptr_wrapper": {"id": 2147483652, "data": {"local_path": "", "filename": "038732_11734.299602.jpg", "width": 1920, "height": 1080, "id_view": 6, "id_intrinsic": 0, "id_pose": 6}}}}, {"key": 5, "value": {"polymorphic_id": 1073741824, "ptr_wrapper": {"id": 2147483653, "data": {"local_path": "", "filename": "038731_11734.198016.jpg", "width": 1920, "height": 1080, "id_view": 5, "id_intrinsic": 0, "id_pose": 5}}}}, {"key": 4, "value": {"polymorphic_id": 1073741824, "ptr_wrapper": {"id": 2147483654, "data": {"local_path": "", "filename": "038730_11734.100406.jpg", "width": 1920, "height": 1080, "id_view": 4, "id_intrinsic": 0, "id_pose": 4}}}}, {"key": 3, "value": {"polymorphic_id": 1073741824, "ptr_wrapper": {"id": 2147483655, "data": {"local_path": "", "filename": "038729_11733.998820.jpg", "width": 1920, "height": 1080, "id_view": 3, "id_intrinsic": 0, "id_pose": 3}}}}, {"key": 2, "value": {"polymorphic_id": 1073741824, "ptr_wrapper": {"id": 2147483656, "data": {"local_path": "", "filename": "038728_11733.899211.jpg", "width": 1920, "height": 1080, "id_view": 2, "id_intrinsic": 0, "id_pose": 2}}}}, {"key": 1, "value": {"polymorphic_id": 1073741824, "ptr_wrapper": {"id": 2147483657, "data": {"local_path": "", "filename": "038727_11733.798602.jpg", "width": 1920, "height": 1080, "id_view": 1, "id_intrinsic": 0, "id_pose": 1}}}}, {"key": 0, "value": {"polymorphic_id": 1073741824, "ptr_wrapper": {"id": 2147483658, "data": {"local_path": "", "filename": "038726_11733.699016.jpg", "width": 1920, "height": 1080, "id_view": 0, "id_intrinsic": 0, "id_pose": 0}}}}], "intrinsics": [{"key": 0, "value": {"polymorphic_id": 2147483649, "polymorphic_name": "pinhole_radial_k3", "ptr_wrapper": {"id": 2147483659, "data": {"width": 1920, "height": 1080, "focal_length": 1739.13, "principal_point": [960.0, 540.0], "disto_k3": [0.0, 0.0, 0.0]}}}}], "extrinsics": [{"key": 0, "value": {"rotation": [[0.999998986897303, -0.0014232897427564923, -2.1229122526703386e-05], [0.0014232925212339243, 0.9999989784798263, 0.00013144467567394367], [2.1042016982101194e-05, -0.00013147475775831264, 0.9999999911358107]], "center": [-0.0003701523313738024, -0.0012093263512522824, 0.0007182194066440098]}}, {"key": 1, "value": {"rotation": [[0.999999857051991, -3.228564636581874e-05, 0.0005337168112400819], [3.171263380708016e-05, 0.9999994231883055, 0.0010736001886356475], [-0.0005337511652620141, -0.0010735831096008455, 0.9999992812642419]], "center": [-0.00033572899415989154, -0.010546287015855076, 0.002464609714475029]}}, {"key": 2, "value": {"rotation": [[0.9999994332613505, -0.0008980741968204316, 0.0005717864239890818], [0.0008972212326830823, 0.9999984870494619, 0.0014902660322538889], [-0.0005731239283744753, -0.001489752168742348, 0.9999987260829079]], "center": [-0.00031719122318435894, -0.020944315220432285, 0.0032844967556286348]}}, {"key": 3, "value": {"rotation": [[0.9999940312139778, -0.0024172714262316887, 0.00246867074948669], [0.0024142272622164895, 0.9999963226955018, 0.0012353550908355034], [-0.0024716478599950097, -0.0012293877850404642, 0.9999961897740061]], "center": [-0.002058091004005846, -0.03042316026663535, 0.00229762529284789]}}, {"key": 4, "value": {"rotation": [[0.9999908221487825, -0.0033735276193404174, 0.002641009201666495], [0.003370317624274536, 0.9999935775380787, 0.001218951067946174], [-0.0026451044049798384, -0.0012100388407363608, 0.999995769605397]], "center": [-0.0015071168734468647, -0.04033144593747719, 0.0032659560525057723]}}, {"key": 5, "value": {"rotation": [[0.9999853026673522, -0.0047940823884812635, 0.002532039363104145], [0.004793826552439165, 0.9999885038123157, 0.0001070989805877574], [-0.002532523695641063, -9.495924898773135e-05, 0.9999967886480794]], "center": [-0.0011971225995517257, -0.049278969184652556, 0.004964271655907083]}}, {"key": 6, "value": {"rotation": [[0.999978207577155, -0.006061803709518187, 0.0026151303154559767], [0.006061294167018277, 0.999981609638561, 0.00020272566187950984], [-0.0026163111054334676, -0.0001868701698690884, 0.9999965599919525]], "center": [-0.0006123326112542536, -0.05959714244163262, 0.006157320027531117]}}, {"key": 7, "value": {"rotation": [[0.9999645243794367, -0.007860680916007105, 0.003026496017287592], [0.007860451723349782, 0.9999691023337122, 8.761629381986173e-05], [-0.0030270912293524138, -6.382355974271125e-05, 0.9999954163121157]], "center": [-0.000878663085815852, -0.07005284252625801, 0.007048270785393346]}}, {"key": 8, "value": {"rotation": [[0.9999584743623374, -0.0083326051628435, 0.0036901547590749606], [0.008331483685727196, 0.9999652416481293, 0.0003191789351929536], [-0.003692686087420654, -0.0002884212169111477, 0.9999931404178034]], "center": [-0.0020544438969356395, -0.0798495345794868, 0.007012121188919193]}}, {"key": 9, "value": {"rotation": [[0.9999436869578832, -0.009666991147368464, 0.004378606539847179], [0.0096666229749247, 0.9999532715705916, 0.00010524034822113311], [-0.004379419291955183, -6.290808324077826e-05, 0.9999904083186187]], "center": [-0.002045405279777696, -0.08991077062329975, 0.00748095080473872]}}], "structure": [], "control_points": []}