{"sfm_data_version": "0.3", "root_path": "/mnt/ST8000/jialei/SFM_E/ex_sea_12/1-2/images", "views": [{"key": 9, "value": {"polymorphic_id": 1073741824, "ptr_wrapper": {"id": 2147483649, "data": {"local_path": "", "filename": "038735_11734.566406.jpg", "width": 1920, "height": 1080, "id_view": 9, "id_intrinsic": 0, "id_pose": 9}}}}, {"key": 8, "value": {"polymorphic_id": 1073741824, "ptr_wrapper": {"id": 2147483650, "data": {"local_path": "", "filename": "038734_11734.465820.jpg", "width": 1920, "height": 1080, "id_view": 8, "id_intrinsic": 0, "id_pose": 8}}}}, {"key": 7, "value": {"polymorphic_id": 1073741824, "ptr_wrapper": {"id": 2147483651, "data": {"local_path": "", "filename": "038733_11734.399211.jpg", "width": 1920, "height": 1080, "id_view": 7, "id_intrinsic": 0, "id_pose": 7}}}}, {"key": 6, "value": {"polymorphic_id": 1073741824, "ptr_wrapper": {"id": 2147483652, "data": {"local_path": "", "filename": "038732_11734.299602.jpg", "width": 1920, "height": 1080, "id_view": 6, "id_intrinsic": 0, "id_pose": 6}}}}, {"key": 5, "value": {"polymorphic_id": 1073741824, "ptr_wrapper": {"id": 2147483653, "data": {"local_path": "", "filename": "038731_11734.198016.jpg", "width": 1920, "height": 1080, "id_view": 5, "id_intrinsic": 0, "id_pose": 5}}}}, {"key": 4, "value": {"polymorphic_id": 1073741824, "ptr_wrapper": {"id": 2147483654, "data": {"local_path": "", "filename": "038730_11734.100406.jpg", "width": 1920, "height": 1080, "id_view": 4, "id_intrinsic": 0, "id_pose": 4}}}}, {"key": 3, "value": {"polymorphic_id": 1073741824, "ptr_wrapper": {"id": 2147483655, "data": {"local_path": "", "filename": "038729_11733.998820.jpg", "width": 1920, "height": 1080, "id_view": 3, "id_intrinsic": 0, "id_pose": 3}}}}, {"key": 2, "value": {"polymorphic_id": 1073741824, "ptr_wrapper": {"id": 2147483656, "data": {"local_path": "", "filename": "038728_11733.899211.jpg", "width": 1920, "height": 1080, "id_view": 2, "id_intrinsic": 0, "id_pose": 2}}}}, {"key": 1, "value": {"polymorphic_id": 1073741824, "ptr_wrapper": {"id": 2147483657, "data": {"local_path": "", "filename": "038727_11733.798602.jpg", "width": 1920, "height": 1080, "id_view": 1, "id_intrinsic": 0, "id_pose": 1}}}}, {"key": 0, "value": {"polymorphic_id": 1073741824, "ptr_wrapper": {"id": 2147483658, "data": {"local_path": "", "filename": "038726_11733.699016.jpg", "width": 1920, "height": 1080, "id_view": 0, "id_intrinsic": 0, "id_pose": 0}}}}], "intrinsics": [{"key": 0, "value": {"polymorphic_id": 2147483649, "polymorphic_name": "pinhole_radial_k3", "ptr_wrapper": {"id": 2147483659, "data": {"width": 1920, "height": 1080, "focal_length": 1739.13, "principal_point": [960.0, 540.0], "disto_k3": [0.0, 0.0, 0.0]}}}}], "extrinsics": [{"key": 0, "value": {"rotation": [[0.9999998976188068, -0.0004338213739716244, 0.0001286910704778777], [0.0004337953857894437, 0.9999998855286445, 0.00020190161176743705], [-0.00012877864498106044, -0.0002018457655039435, 0.9999999713371732]], "center": [102655.28827446749, -59731.17478753283, 609.3316320096774]}}, {"key": 1, "value": {"rotation": [[0.9999993081909371, 0.0009571438353391156, 0.0006837348361495766], [-0.0009579255217171996, 0.9999988869941723, 0.0011438483777783746], [-0.0006826392477253696, -0.0011445025535033342, 0.9999991120583869]], "center": [102655.31589598826, -59737.1172395594, 610.4426873610945]}}, {"key": 2, "value": {"rotation": [[0.9999997353704257, 9.135261173365718e-05, 0.0007217435687923895], [-9.247890933173574e-05, 0.9999987779182412, 0.0015606439938005466], [-0.0007216001178579273, -0.0015607103268660306, 0.9999985217371801]], "center": [102655.33416395144, -59743.734963659575, 610.9640317017412]}}, {"key": 3, "value": {"rotation": [[0.9999955520983579, -0.0014279827406600129, 0.0026185203441370214], [0.0014245667261871056, 0.9999981325366827, 0.0013059604855801207], [-0.002620380343179773, -0.0013022244198422374, 0.9999957189000446]], "center": [102654.2322527954, -59749.768711813595, 610.3353590415888]}}, {"key": 4, "value": {"rotation": [[0.9999932633866913, -0.0023842537697850693, 0.0027907911417580033], [0.002380661785525772, 0.9999963345553516, 0.0012896997030699582], [-0.0027938558836465197, -0.001283047085039185, 0.999995274068572]], "center": [102654.58906084657, -59756.07441656972, 610.9512513637226]}}, {"key": 5, "value": {"rotation": [[0.999989165855432, -0.003804805630765018, 0.0026817206919361077], [0.003804341744217994, 0.9999927476128185, 0.00017806082983720862], [-0.002682378729907323, -0.00016785671872575846, 0.9999963883277132]], "center": [102654.79182549208, -59761.768840180994, 612.0317538586543]}}, {"key": 6, "value": {"rotation": [[0.9999833126912442, -0.005072539197371029, 0.002764721529574264], [0.005071801206419305, 0.9999871008287147, 0.00027387717144522044], [-0.0027660751196451274, -0.00025985048318318113, 0.9999961406456317]], "center": [102655.17039191333, -59768.33540169648, 612.7906499545094]}}, {"key": 7, "value": {"rotation": [[0.9999713477647078, -0.006871458014697525, 0.003175958813596771], [0.006870987498211129, 0.9999763818401333, 0.00015903683660327379], [-0.003176976618239318, -0.0001372103065393984, 0.9999949439836674]], "center": [102655.00738847183, -59774.99001294089, 613.3571921810089]}}, {"key": 8, "value": {"rotation": [[0.9999656651930452, -0.007343434731835831, 0.0038395834890485227], [0.007341988321779126, 0.999972970926983, 0.0003906698679777294], [-0.003842348567343241, -0.00036246627726618737, 0.999992552460109]], "center": [102654.26524986241, -59781.22573768814, 613.3336349680579]}}, {"key": 9, "value": {"rotation": [[0.9999520949073452, -0.008677883152918245, 0.00452793931003957], [0.008677170866746534, 0.9999623369913796, 0.00017693074114664596], [-0.004529304158520145, -0.00013763256219567554, 0.9999897331778546]], "center": [102654.27729361529, -59787.62910475353, 613.6315671072967]}}], "structure": [], "control_points": []}