{"sfm_data_version": "0.3", "root_path": "/mnt/ST8000/jialei/SFM_E/ex_sea_12/6-3/images", "views": [{"key": 9, "value": {"polymorphic_id": 1073741824, "ptr_wrapper": {"id": 2147483649, "data": {"local_path": "", "filename": "087511_13303.979266.jpg", "width": 1920, "height": 1080, "id_view": 9, "id_intrinsic": 0, "id_pose": 9}}}}, {"key": 8, "value": {"polymorphic_id": 1073741824, "ptr_wrapper": {"id": 2147483650, "data": {"local_path": "", "filename": "087510_13303.879656.jpg", "width": 1920, "height": 1080, "id_view": 8, "id_intrinsic": 0, "id_pose": 8}}}}, {"key": 7, "value": {"polymorphic_id": 1073741824, "ptr_wrapper": {"id": 2147483651, "data": {"local_path": "", "filename": "087509_13303.781047.jpg", "width": 1920, "height": 1080, "id_view": 7, "id_intrinsic": 0, "id_pose": 7}}}}, {"key": 6, "value": {"polymorphic_id": 1073741824, "ptr_wrapper": {"id": 2147483652, "data": {"local_path": "", "filename": "087508_13303.679461.jpg", "width": 1920, "height": 1080, "id_view": 6, "id_intrinsic": 0, "id_pose": 6}}}}, {"key": 5, "value": {"polymorphic_id": 1073741824, "ptr_wrapper": {"id": 2147483653, "data": {"local_path": "", "filename": "087507_13303.580852.jpg", "width": 1920, "height": 1080, "id_view": 5, "id_intrinsic": 0, "id_pose": 5}}}}, {"key": 4, "value": {"polymorphic_id": 1073741824, "ptr_wrapper": {"id": 2147483654, "data": {"local_path": "", "filename": "087506_13303.479266.jpg", "width": 1920, "height": 1080, "id_view": 4, "id_intrinsic": 0, "id_pose": 4}}}}, {"key": 3, "value": {"polymorphic_id": 1073741824, "ptr_wrapper": {"id": 2147483655, "data": {"local_path": "", "filename": "087505_13303.379656.jpg", "width": 1920, "height": 1080, "id_view": 3, "id_intrinsic": 0, "id_pose": 3}}}}, {"key": 2, "value": {"polymorphic_id": 1073741824, "ptr_wrapper": {"id": 2147483656, "data": {"local_path": "", "filename": "087504_13303.248047.jpg", "width": 1920, "height": 1080, "id_view": 2, "id_intrinsic": 0, "id_pose": 2}}}}, {"key": 1, "value": {"polymorphic_id": 1073741824, "ptr_wrapper": {"id": 2147483657, "data": {"local_path": "", "filename": "087503_13303.179461.jpg", "width": 1920, "height": 1080, "id_view": 1, "id_intrinsic": 0, "id_pose": 1}}}}, {"key": 0, "value": {"polymorphic_id": 1073741824, "ptr_wrapper": {"id": 2147483658, "data": {"local_path": "", "filename": "087502_13303.047852.jpg", "width": 1920, "height": 1080, "id_view": 0, "id_intrinsic": 0, "id_pose": 0}}}}], "intrinsics": [{"key": 0, "value": {"polymorphic_id": 2147483649, "polymorphic_name": "pinhole_radial_k3", "ptr_wrapper": {"id": 2147483659, "data": {"width": 1920, "height": 1080, "focal_length": 1739.13, "principal_point": [960.0, 540.0], "disto_k3": [0.0, 0.0, 0.0]}}}}], "extrinsics": [{"key": 0, "value": {"rotation": [[0.9999999799139613, 0.000198934565724894, 2.443596072787345e-05], [-0.00019893302221508864, 0.9999999782187574, -6.31517032157891e-05], [-2.4448523252281853e-05, 6.314684082780323e-05, 0.9999999977073734]], "center": [102655.28827441145, -59731.17478744124, 609.3316321636327]}}, {"key": 1, "value": {"rotation": [[0.9999998540704766, 0.0003489869868970216, -0.0004123919357203462], [-0.00034914058162127096, 0.9999998696964517, -0.0003724351405836605], [0.000412261906966681, 0.00037257906899470437, 0.999999845612467]], "center": [102653.89685642808, -59738.15846780752, 609.2725469730517]}}, {"key": 2, "value": {"rotation": [[0.999999970336903, 0.0001856298237934535, -0.00015769515563854807], [-0.00018549923518462752, 0.9999996402353093, 0.0008277193280594304], [0.00015784874829839448, -0.000827690051175918, 0.9999996450064131]], "center": [102653.21620710225, -59745.818211995174, 609.3457308465851]}}, {"key": 3, "value": {"rotation": [[0.9999995754909996, -0.0009050539057735611, -0.0001729024252463743], [0.0009050237947491252, 0.9999995753018821, -0.00017414932413469908], [0.0001730599663409709, 0.00017399276939773436, 0.9999999698883819]], "center": [102652.62171804826, -59752.2940348171, 609.7696197249232]}}, {"key": 4, "value": {"rotation": [[0.9999987804240233, -0.0015277825469667396, 0.0003240847973775912], [0.0015277554869046186, 0.999998829475713, 8.372799237858291e-05], [-0.00032421233619397185, -8.323276793853038e-05, 0.9999999439793325]], "center": [102651.7710456063, -59759.5051356674, 609.8201656900449]}}, {"key": 5, "value": {"rotation": [[0.9999982270023121, -0.0017755969518874679, 0.0006270946478268164], [0.0017745377990099236, 0.9999970050126851, 0.0016855210649043845], [-0.0006300855757515737, -0.0016844052733233277, 0.9999983828842139]], "center": [102651.13560960325, -59767.41155280142, 609.9016717706954]}}, {"key": 6, "value": {"rotation": [[0.999996944773509, -0.002128666743118109, 0.001256670817907245], [0.002125446459783088, 0.999994468648327, 0.00255834909601346], [-0.0012621097394570646, -0.002555670293136511, 0.9999959378059285]], "center": [102649.96042253046, -59774.8280582627, 609.8235586243699]}}, {"key": 7, "value": {"rotation": [[0.9999963344601508, -0.002234439504870451, 0.0015291652497799889], [0.0022279125137064787, 0.999988457916023, 0.004256811079486583], [-0.0015386591868671417, -0.004253388629580441, 0.9999897705542156]], "center": [102649.47859532837, -59782.79691282328, 609.8504866629229]}}, {"key": 8, "value": {"rotation": [[0.9999941003808537, -0.0022345977972780687, 0.0026087882573686185], [0.0022195310789955847, 0.9999809245212262, 0.005764050265550187], [-0.002621618827510474, -0.00575822597323313, 0.9999799847738776]], "center": [102647.73116644818, -59790.477860135856, 609.5299818257214]}}, {"key": 9, "value": {"rotation": [[0.9999913645044605, -0.002661736497797044, 0.0031915631473582507], [0.0026376071219363123, 0.9999680885264222, 0.0075408857227950675], [-0.003211533150629355, -0.007532402513822407, 0.9999664739215972]], "center": [102647.03049432993, -59798.6202483368, 609.3351194423092]}}], "structure": [], "control_points": []}