{"sfm_data_version": "0.3", "root_path": "/mnt/ST8000/jialei/SFM_E/ex_sea_12/6-3/images", "views": [{"key": 9, "value": {"polymorphic_id": 1073741824, "ptr_wrapper": {"id": 2147483649, "data": {"local_path": "", "filename": "087511_13303.979266.jpg", "width": 1920, "height": 1080, "id_view": 9, "id_intrinsic": 0, "id_pose": 9}}}}, {"key": 8, "value": {"polymorphic_id": 1073741824, "ptr_wrapper": {"id": 2147483650, "data": {"local_path": "", "filename": "087510_13303.879656.jpg", "width": 1920, "height": 1080, "id_view": 8, "id_intrinsic": 0, "id_pose": 8}}}}, {"key": 7, "value": {"polymorphic_id": 1073741824, "ptr_wrapper": {"id": 2147483651, "data": {"local_path": "", "filename": "087509_13303.781047.jpg", "width": 1920, "height": 1080, "id_view": 7, "id_intrinsic": 0, "id_pose": 7}}}}, {"key": 6, "value": {"polymorphic_id": 1073741824, "ptr_wrapper": {"id": 2147483652, "data": {"local_path": "", "filename": "087508_13303.679461.jpg", "width": 1920, "height": 1080, "id_view": 6, "id_intrinsic": 0, "id_pose": 6}}}}, {"key": 5, "value": {"polymorphic_id": 1073741824, "ptr_wrapper": {"id": 2147483653, "data": {"local_path": "", "filename": "087507_13303.580852.jpg", "width": 1920, "height": 1080, "id_view": 5, "id_intrinsic": 0, "id_pose": 5}}}}, {"key": 4, "value": {"polymorphic_id": 1073741824, "ptr_wrapper": {"id": 2147483654, "data": {"local_path": "", "filename": "087506_13303.479266.jpg", "width": 1920, "height": 1080, "id_view": 4, "id_intrinsic": 0, "id_pose": 4}}}}, {"key": 3, "value": {"polymorphic_id": 1073741824, "ptr_wrapper": {"id": 2147483655, "data": {"local_path": "", "filename": "087505_13303.379656.jpg", "width": 1920, "height": 1080, "id_view": 3, "id_intrinsic": 0, "id_pose": 3}}}}, {"key": 2, "value": {"polymorphic_id": 1073741824, "ptr_wrapper": {"id": 2147483656, "data": {"local_path": "", "filename": "087504_13303.248047.jpg", "width": 1920, "height": 1080, "id_view": 2, "id_intrinsic": 0, "id_pose": 2}}}}, {"key": 1, "value": {"polymorphic_id": 1073741824, "ptr_wrapper": {"id": 2147483657, "data": {"local_path": "", "filename": "087503_13303.179461.jpg", "width": 1920, "height": 1080, "id_view": 1, "id_intrinsic": 0, "id_pose": 1}}}}, {"key": 0, "value": {"polymorphic_id": 1073741824, "ptr_wrapper": {"id": 2147483658, "data": {"local_path": "", "filename": "087502_13303.047852.jpg", "width": 1920, "height": 1080, "id_view": 0, "id_intrinsic": 0, "id_pose": 0}}}}], "intrinsics": [{"key": 0, "value": {"polymorphic_id": 2147483649, "polymorphic_name": "pinhole_radial_k3", "ptr_wrapper": {"id": 2147483659, "data": {"width": 1920, "height": 1080, "focal_length": 1739.13, "principal_point": [960.0, 540.0], "disto_k3": [0.0, 0.0, 0.0]}}}}], "extrinsics": [{"key": 0, "value": {"rotation": [[0.999999973449537, -8.002038718646122e-05, 0.0002160964208766024], [8.001889294583723e-05, 0.9999999967745221, 6.923331053539367e-06], [-0.00021609697418721878, -6.906039073383157e-06, 0.999999976627202]], "center": [0.0001832946218254219, -4.018639613566669e-05, 0.00014643876135720917]}}, {"key": 1, "value": {"rotation": [[0.9999999731867377, 7.006266691396083e-05, -0.00022072096994408974], [-7.012940898889054e-05, 0.9999999518214101, -0.00030238889423876], [0.00022069977313768428, 0.00030240436516190444, 0.9999999299216026]], "center": [-0.0020843388630986132, -0.011405231002682092, 4.904892008233541e-05]}}, {"key": 2, "value": {"rotation": [[0.9999999950696119, -9.331236584513651e-05, 3.396437362963679e-05], [9.328183518316868e-05, 0.9999995926295348, 0.0008977968946203354], [-3.404813534586136e-05, -0.0008977937219347445, 0.9999995964034972]], "center": [-0.003195570676532652, -0.023870882382118576, 0.00016706666570274358]}}, {"key": 3, "value": {"rotation": [[0.9999992989033409, -0.0011839948747394365, 1.8680557385536683e-05], [0.0011839968087725091, 0.9999992936817942, -0.00010386274632551813], [-1.8557571231856893e-05, 0.00010388479122800336, 0.9999999944317834]], "center": [-0.004166151754766112, -0.03440982437076166, 0.0008560058904558713]}}, {"key": 4, "value": {"rotation": [[0.9999982348770177, -0.0018067580871634827, 0.0005156239558169352], [0.0018066788308915146, 0.999998356075827, 0.00015413385688554511], [-0.0005159015907627414, -0.00015320201793469807, 0.9999998551873348]], "center": [-0.005553879204545588, -0.046145245444571666, 0.0009371794350537781]}}, {"key": 5, "value": {"rotation": [[0.9999975542533299, -0.0020545935562338684, 0.0008186163188446598], [0.0020531536105695605, 0.9999963505510113, 0.0017559740631102173], [-0.0008222211443412286, -0.001754289023391842, 0.999998123209445]], "center": [-0.006591642575300326, -0.059012369449956546, 0.0010687272219745835]}}, {"key": 6, "value": {"rotation": [[0.9999960528709929, -0.0024077070830950827, 0.001448167475242776], [0.002403894252236786, 0.9999936551495832, 0.0026288691486351166], [-0.0014544878337065456, -0.0026253775306794777, 0.9999954959188381]], "center": [-0.008507558760749101, -0.07108191698123908, 0.0009403881354087494]}}, {"key": 7, "value": {"rotation": [[0.9999953608255, -0.002513498761101055, 0.0017206543684146838], [0.0025060330861310523, 0.9999874968405574, 0.004327350312573528], [-0.001731509644448379, -0.004323018220463303, 0.999989156635119]], "center": [-0.009295340779499603, -0.08405071911601912, 0.0009831529493614746]}}, {"key": 8, "value": {"rotation": [[0.9999929197750812, -0.0025137320683597366, 0.002800276914271376], [0.002497360663929761, 0.9999798601873794, 0.005834587332790338], [-0.0028148871065032024, -0.00582755272118593, 0.9999790578006418]], "center": [-0.01214260389018193, -0.09655034861032286, 0.00046012163433498175]}}, {"key": 9, "value": {"rotation": [[0.9999899530546874, -0.002940910817062448, 0.0033830213197614646], [0.0029150925433929927, 0.9999667830848856, 0.00761150197588288], [-0.0034052936947244943, -0.0076015636833153795, 0.9999653095004951]], "center": [-0.013286557553169789, -0.1098014457234875, 0.00014184262511752002]}}], "structure": [], "control_points": []}