{"sfm_data_version": "0.3", "root_path": "/mnt/ST8000/jialei/SFM_E/ex_sea_12/1-5/images", "views": [{"key": 9, "value": {"polymorphic_id": 1073741824, "ptr_wrapper": {"id": 2147483649, "data": {"local_path": "", "filename": "075418_15357.965820.jpg", "width": 1920, "height": 1080, "id_view": 9, "id_intrinsic": 0, "id_pose": 9}}}}, {"key": 8, "value": {"polymorphic_id": 1073741824, "ptr_wrapper": {"id": 2147483650, "data": {"local_path": "", "filename": "075417_15357.866211.jpg", "width": 1920, "height": 1080, "id_view": 8, "id_intrinsic": 0, "id_pose": 8}}}}, {"key": 7, "value": {"polymorphic_id": 1073741824, "ptr_wrapper": {"id": 2147483651, "data": {"local_path": "", "filename": "075416_15357.766602.jpg", "width": 1920, "height": 1080, "id_view": 7, "id_intrinsic": 0, "id_pose": 7}}}}, {"key": 6, "value": {"polymorphic_id": 1073741824, "ptr_wrapper": {"id": 2147483652, "data": {"local_path": "", "filename": "075415_15357.666016.jpg", "width": 1920, "height": 1080, "id_view": 6, "id_intrinsic": 0, "id_pose": 6}}}}, {"key": 5, "value": {"polymorphic_id": 1073741824, "ptr_wrapper": {"id": 2147483653, "data": {"local_path": "", "filename": "075414_15357.566406.jpg", "width": 1920, "height": 1080, "id_view": 5, "id_intrinsic": 0, "id_pose": 5}}}}, {"key": 4, "value": {"polymorphic_id": 1073741824, "ptr_wrapper": {"id": 2147483654, "data": {"local_path": "", "filename": "075413_15357.497820.jpg", "width": 1920, "height": 1080, "id_view": 4, "id_intrinsic": 0, "id_pose": 4}}}}, {"key": 3, "value": {"polymorphic_id": 1073741824, "ptr_wrapper": {"id": 2147483655, "data": {"local_path": "", "filename": "075412_15357.398211.jpg", "width": 1920, "height": 1080, "id_view": 3, "id_intrinsic": 0, "id_pose": 3}}}}, {"key": 2, "value": {"polymorphic_id": 1073741824, "ptr_wrapper": {"id": 2147483656, "data": {"local_path": "", "filename": "075411_15357.299602.jpg", "width": 1920, "height": 1080, "id_view": 2, "id_intrinsic": 0, "id_pose": 2}}}}, {"key": 1, "value": {"polymorphic_id": 1073741824, "ptr_wrapper": {"id": 2147483657, "data": {"local_path": "", "filename": "075410_15357.198016.jpg", "width": 1920, "height": 1080, "id_view": 1, "id_intrinsic": 0, "id_pose": 1}}}}, {"key": 0, "value": {"polymorphic_id": 1073741824, "ptr_wrapper": {"id": 2147483658, "data": {"local_path": "", "filename": "075409_15357.099406.jpg", "width": 1920, "height": 1080, "id_view": 0, "id_intrinsic": 0, "id_pose": 0}}}}], "intrinsics": [{"key": 0, "value": {"polymorphic_id": 2147483649, "polymorphic_name": "pinhole_radial_k3", "ptr_wrapper": {"id": 2147483659, "data": {"width": 1920, "height": 1080, "focal_length": 1739.13, "principal_point": [960.0, 540.0], "disto_k3": [0.0, 0.0, 0.0]}}}}], "extrinsics": [{"key": 0, "value": {"rotation": [[0.9999999759526094, 0.00021593207944649951, 3.831602462732819e-05], [-0.00021593035327956302, 0.9999999756723258, -4.5049203034726125e-05], [-3.832575126327719e-05, 4.504092835867636e-05, 0.9999999982512259]], "center": [102655.28827450352, -59731.17478746312, 609.3316321753184]}}, {"key": 1, "value": {"rotation": [[0.9999995172527005, 0.0007317251966405954, 0.0006557992090010672], [-0.0007318236456641493, 0.9999997209830378, 0.00014989329061642856], [-0.000655689345324393, -0.00015037314762376944, 0.999999773729674]], "center": [102654.99283589714, -59738.186427201304, 609.8326666504013]}}, {"key": 2, "value": {"rotation": [[0.9999995299847931, -0.00046232968176775275, 0.0008522214843580451], [0.00046248822198596086, 0.999999875783314, -0.0001858440248987536], [-0.000852135457289008, 0.00018623807994831853, 0.9999996195901977]], "center": [102655.5501315738, -59745.416298297074, 610.2657670069959]}}, {"key": 3, "value": {"rotation": [[0.9999994740502849, -0.000996139960635394, -0.00024413998628082203], [0.000995986273917986, 0.9999993062996096, -0.0006288176541175575], [0.0002447662073140676, 0.0006285741633158596, 0.9999997724919867]], "center": [102655.48917590539, -59752.128616919326, 610.963478046327]}}, {"key": 4, "value": {"rotation": [[0.9999982373802851, -0.001265392020384347, 0.0013870902485110257], [0.0012641298284558789, 0.9999987865221251, 0.0009104559597211363], [-0.0013882406490140424, -0.0009087008927755816, 0.9999986235243467]], "center": [102655.30583122504, -59760.048327537086, 610.1923897707853]}}, {"key": 5, "value": {"rotation": [[0.9999973672752324, -0.0020330553936816933, 0.001064015211291452], [0.0020321026045934942, 0.9999975340637695, 0.0008957819963622772], [-0.0010658337619170826, -0.0008936174499326318, 0.9999990327226549]], "center": [102655.5214132546, -59767.232927991725, 610.6412082971135]}}, {"key": 6, "value": {"rotation": [[0.9999953023724684, -0.002553263260774837, 0.0016959008569580288], [0.0025504425161943884, 0.9999953642317889, 0.0016633574192818903], [-0.001700139984542963, -0.0016590243077994381, 0.9999971785772094]], "center": [102654.85775094433, -59774.705202079494, 610.4953899456395]}}, {"key": 7, "value": {"rotation": [[0.9999912030362893, -0.004044423835739862, 0.0011119738627496118], [0.004044180690547067, 0.9999917978863396, 0.00022082252812516962], [-0.001112857842109807, -0.00021632356233330357, 0.9999993573755632]], "center": [102655.30597401282, -59781.287970190846, 611.6294654941537]}}, {"key": 8, "value": {"rotation": [[0.9999857875463777, -0.005263130971589801, 0.0008509745155821812], [0.005263502564243543, 0.9999860530524074, -0.00043501887862219476], [-0.00084867308575188, 0.00043949180248136583, 0.9999995433003701]], "center": [102655.2650527501, -59787.991149705165, 612.2710969124211]}}, {"key": 9, "value": {"rotation": [[0.9999802880491792, -0.006277670341352367, -0.00011986728515942805], [0.006277507200667546, 0.999979430234762, -0.0013160587780075366], [0.0001281266026757066, 0.001315280368175812, 0.9999991268101821]], "center": [102655.5163978638, -59794.768410181314, 613.315357937829]}}], "structure": [], "control_points": []}