{"sfm_data_version": "0.3", "root_path": "/mnt/ST8000/jialei/SFM_E/ex_sea_12/1-5/images", "views": [{"key": 9, "value": {"polymorphic_id": 1073741824, "ptr_wrapper": {"id": 2147483649, "data": {"local_path": "", "filename": "075418_15357.965820.jpg", "width": 1920, "height": 1080, "id_view": 9, "id_intrinsic": 0, "id_pose": 9}}}}, {"key": 8, "value": {"polymorphic_id": 1073741824, "ptr_wrapper": {"id": 2147483650, "data": {"local_path": "", "filename": "075417_15357.866211.jpg", "width": 1920, "height": 1080, "id_view": 8, "id_intrinsic": 0, "id_pose": 8}}}}, {"key": 7, "value": {"polymorphic_id": 1073741824, "ptr_wrapper": {"id": 2147483651, "data": {"local_path": "", "filename": "075416_15357.766602.jpg", "width": 1920, "height": 1080, "id_view": 7, "id_intrinsic": 0, "id_pose": 7}}}}, {"key": 6, "value": {"polymorphic_id": 1073741824, "ptr_wrapper": {"id": 2147483652, "data": {"local_path": "", "filename": "075415_15357.666016.jpg", "width": 1920, "height": 1080, "id_view": 6, "id_intrinsic": 0, "id_pose": 6}}}}, {"key": 5, "value": {"polymorphic_id": 1073741824, "ptr_wrapper": {"id": 2147483653, "data": {"local_path": "", "filename": "075414_15357.566406.jpg", "width": 1920, "height": 1080, "id_view": 5, "id_intrinsic": 0, "id_pose": 5}}}}, {"key": 4, "value": {"polymorphic_id": 1073741824, "ptr_wrapper": {"id": 2147483654, "data": {"local_path": "", "filename": "075413_15357.497820.jpg", "width": 1920, "height": 1080, "id_view": 4, "id_intrinsic": 0, "id_pose": 4}}}}, {"key": 3, "value": {"polymorphic_id": 1073741824, "ptr_wrapper": {"id": 2147483655, "data": {"local_path": "", "filename": "075412_15357.398211.jpg", "width": 1920, "height": 1080, "id_view": 3, "id_intrinsic": 0, "id_pose": 3}}}}, {"key": 2, "value": {"polymorphic_id": 1073741824, "ptr_wrapper": {"id": 2147483656, "data": {"local_path": "", "filename": "075411_15357.299602.jpg", "width": 1920, "height": 1080, "id_view": 2, "id_intrinsic": 0, "id_pose": 2}}}}, {"key": 1, "value": {"polymorphic_id": 1073741824, "ptr_wrapper": {"id": 2147483657, "data": {"local_path": "", "filename": "075410_15357.198016.jpg", "width": 1920, "height": 1080, "id_view": 1, "id_intrinsic": 0, "id_pose": 1}}}}, {"key": 0, "value": {"polymorphic_id": 1073741824, "ptr_wrapper": {"id": 2147483658, "data": {"local_path": "", "filename": "075409_15357.099406.jpg", "width": 1920, "height": 1080, "id_view": 0, "id_intrinsic": 0, "id_pose": 0}}}}], "intrinsics": [{"key": 0, "value": {"polymorphic_id": 2147483649, "polymorphic_name": "pinhole_radial_k3", "ptr_wrapper": {"id": 2147483659, "data": {"width": 1920, "height": 1080, "focal_length": 1739.13, "principal_point": [960.0, 540.0], "disto_k3": [0.0, 0.0, 0.0]}}}}], "extrinsics": [{"key": 0, "value": {"rotation": [[0.9999998888095539, -0.0003579198205512443, 0.00030704117284343697], [0.0003579645406001971, 0.999999925330168, -0.00014560579003544745], [-0.00030698903471850273, 0.00014571568369781634, 0.9999999422623344]], "center": [0.00020952516820307946, -0.0005005306068497131, 0.0002917426526102608]}}, {"key": 1, "value": {"rotation": [[0.9999995602034893, 0.0001579356237224073, 0.0009244723720600213], [-0.0001579811733024283, 0.9999999863107489, 4.919807648637252e-05], [-0.0009244645892757907, -4.934410407926185e-05, 0.9999995714650994]], "center": [-0.00027732416740269036, -0.011894183243572805, 0.0011069466632569619]}}, {"key": 2, "value": {"rotation": [[0.9999988349115375, -0.001036099288890441, 0.0011210146435501655], [0.0010364207523762096, 0.9999994219553949, -0.00028621827320540386], [-0.0011207174450043637, 0.0002873797825760921, 0.9999993307024104]], "center": [0.0006213574264175028, -0.023643271115475106, 0.001812164835320386]}}, {"key": 3, "value": {"rotation": [[0.9999987672129448, -0.001570019796879707, 2.470685017267511e-05], [0.0015700373925856032, 0.9999985017343487, -0.0007290484510333135], [-2.3562192654232535e-05, 0.0007290863429504222, 0.9999997339389284]], "center": [0.0005157393109228305, -0.034550709353335436, 0.0029470245033561345]}}, {"key": 4, "value": {"rotation": [[0.9999969377302294, -0.0018391069134196776, 0.0016559637449124357], [0.0018377670088943366, 0.9999979830133886, 0.0008102972144195844], [-0.0016574506280647176, -0.0008072514575326073, 0.9999983005998059]], "center": [0.0002107527279140534, -0.04742030214089661, 0.00169520870085183]}}, {"key": 5, "value": {"rotation": [[0.9999957138833295, -0.0026068021755112003, 0.001332965636217529], [0.0026057428548181905, 0.9999962883726896, 0.0007958297678049432], [-0.0013350352595159621, -0.0007923529911034524, 0.9999987949280706]], "center": [0.0005541803624771163, -0.05909550337733632, 0.002425812490629361]}}, {"key": 6, "value": {"rotation": [[0.9999931806618427, -0.003126945168317632, 0.0019649029810799423], [0.0031238751779438874, 0.9999938983473392, 0.0015635446794164491], [-0.0019697801104052357, -0.001557395905426925, 0.9999968472371852]], "center": [-0.0005311846309056911, -0.07123745553048103, 0.0021897861284724913]}}, {"key": 7, "value": {"rotation": [[0.9999883824699818, -0.004618161911643534, 0.0013811247687152087], [0.004617998599197163, 0.9999893296171469, 0.00012141164349025324], [-0.001381670730212762, -0.00011503220073966317, 0.9999990388763309]], "center": [0.00019054989918801531, -0.08193477587176513, 0.004033945369564033]}}, {"key": 8, "value": {"rotation": [[0.9999823377138325, -0.0058368920032508854, 0.0011202464552083119], [0.0058374931486955325, 0.9999828190570871, -0.0005341014699921789], [-0.001117109715718787, 0.0005406314675461973, 0.9999992298914528]], "center": [0.00011752097336135343, -0.09282739078980992, 0.005077682134563402]}}, {"key": 9, "value": {"rotation": [[0.9999765168457325, -0.006851525762823305, 0.00014950517620274142], [0.00685173050667205, 0.999975525669085, -0.0014148681569690039], [-0.00013980751153511354, 0.0014158593005783563, 0.999998987897638]], "center": [0.000519183992818142, -0.10384059497027887, 0.0067758373161750105]}}], "structure": [], "control_points": []}