{"sfm_data_version": "0.3", "root_path": "/mnt/ST8000/jialei/SFM_E/ex_sea_12/6-1/images", "views": [{"key": 9, "value": {"polymorphic_id": 1073741824, "ptr_wrapper": {"id": 2147483649, "data": {"local_path": "", "filename": "104926_15025.847656.jpg", "width": 1920, "height": 1080, "id_view": 9, "id_intrinsic": 0, "id_pose": 9}}}}, {"key": 8, "value": {"polymorphic_id": 1073741824, "ptr_wrapper": {"id": 2147483650, "data": {"local_path": "", "filename": "104925_15025.748047.jpg", "width": 1920, "height": 1080, "id_view": 8, "id_intrinsic": 0, "id_pose": 8}}}}, {"key": 7, "value": {"polymorphic_id": 1073741824, "ptr_wrapper": {"id": 2147483651, "data": {"local_path": "", "filename": "104924_15025.647461.jpg", "width": 1920, "height": 1080, "id_view": 7, "id_intrinsic": 0, "id_pose": 7}}}}, {"key": 6, "value": {"polymorphic_id": 1073741824, "ptr_wrapper": {"id": 2147483652, "data": {"local_path": "", "filename": "104923_15025.547852.jpg", "width": 1920, "height": 1080, "id_view": 6, "id_intrinsic": 0, "id_pose": 6}}}}, {"key": 5, "value": {"polymorphic_id": 1073741824, "ptr_wrapper": {"id": 2147483653, "data": {"local_path": "", "filename": "104922_15025.447266.jpg", "width": 1920, "height": 1080, "id_view": 5, "id_intrinsic": 0, "id_pose": 5}}}}, {"key": 4, "value": {"polymorphic_id": 1073741824, "ptr_wrapper": {"id": 2147483654, "data": {"local_path": "", "filename": "104921_15025.347656.jpg", "width": 1920, "height": 1080, "id_view": 4, "id_intrinsic": 0, "id_pose": 4}}}}, {"key": 3, "value": {"polymorphic_id": 1073741824, "ptr_wrapper": {"id": 2147483655, "data": {"local_path": "", "filename": "104920_15025.280047.jpg", "width": 1920, "height": 1080, "id_view": 3, "id_intrinsic": 0, "id_pose": 3}}}}, {"key": 2, "value": {"polymorphic_id": 1073741824, "ptr_wrapper": {"id": 2147483656, "data": {"local_path": "", "filename": "104919_15025.248047.jpg", "width": 1920, "height": 1080, "id_view": 2, "id_intrinsic": 0, "id_pose": 2}}}}, {"key": 1, "value": {"polymorphic_id": 1073741824, "ptr_wrapper": {"id": 2147483657, "data": {"local_path": "", "filename": "104918_15025.147461.jpg", "width": 1920, "height": 1080, "id_view": 1, "id_intrinsic": 0, "id_pose": 1}}}}, {"key": 0, "value": {"polymorphic_id": 1073741824, "ptr_wrapper": {"id": 2147483658, "data": {"local_path": "", "filename": "104917_15025.047852.jpg", "width": 1920, "height": 1080, "id_view": 0, "id_intrinsic": 0, "id_pose": 0}}}}], "intrinsics": [{"key": 0, "value": {"polymorphic_id": 2147483649, "polymorphic_name": "pinhole_radial_k3", "ptr_wrapper": {"id": 2147483659, "data": {"width": 1920, "height": 1080, "focal_length": 1739.13, "principal_point": [960.0, 540.0], "disto_k3": [0.0, 0.0, 0.0]}}}}], "extrinsics": [{"key": 0, "value": {"rotation": [[0.9999999888641116, 3.451931116517264e-05, 0.00014519019938804696], [-3.451804964924887e-05, 0.9999999993664834, -8.691209527961057e-06], [-0.00014519049931063227, 8.686197748665292e-06, 0.9999999894221344]], "center": [102655.28827466365, -59731.17478766931, 609.3316322193868]}}, {"key": 1, "value": {"rotation": [[0.999999368148395, 0.0009361927619334999, -0.000622290867052882], [-0.0009356426044293568, 0.9999991717453806, 0.0008837881360411444], [0.0006231177476936641, -0.0008832053357706168, 0.9999994158361329]], "center": [102655.66052577319, -59737.25372821162, 609.4798092687406]}}, {"key": 2, "value": {"rotation": [[0.9999995532235649, 0.000772495682906603, 0.0005447963750551389], [-0.0007739796465766941, 0.9999959768672799, 0.002728956716523937], [-0.0005426860759846264, -0.0027293771585961495, 0.9999961279885782]], "center": [102656.06303249013, -59744.77025305035, 609.2785272064593]}}, {"key": 3, "value": {"rotation": [[0.9999989666339021, 0.0004499029209173277, 0.001365400486730701], [-0.0004539012891192517, 0.9999956061309654, 0.0029294525738550936], [-0.0013640765180700683, -0.0029300693036991904, 0.9999947769809243]], "center": [102656.18338931607, -59751.27566762388, 609.2545024306074]}}, {"key": 4, "value": {"rotation": [[0.9999957377363288, -0.0006532033119015959, 0.0028456694481338992], [0.0006467040695545442, 0.999997182033987, 0.0022842280820083386], [-0.0028471534944823633, -0.0022823780400132126, 0.9999933422115674]], "center": [102656.74643377996, -59757.38418642395, 609.1968368888433]}}, {"key": 5, "value": {"rotation": [[0.999993235281152, -0.0007270529078347926, 0.003605660272805579], [0.0007169937778025196, 0.9999958499953054, 0.0027903247281658872], [-0.0036076740230058767, -0.0027877206164230632, 0.9999896065969427]], "center": [102656.77508100208, -59763.98433422336, 609.0444430277822]}}, {"key": 6, "value": {"rotation": [[0.9999883433572487, -0.001310353342156471, 0.00464716297785037], [0.0012962046164318802, 0.9999945199388061, 0.003046300370723551], [-0.004651129240984796, -0.00304024118698312, 0.9999845618459857]], "center": [102656.82703499199, -59770.32430484935, 609.0062629972538]}}, {"key": 7, "value": {"rotation": [[0.9999846505829231, -0.0012865091198088095, 0.005389201502302712], [0.0012665775253663197, 0.9999923520712027, 0.0037002135716262354], [-0.005393920644578458, -0.0036933309340022227, 0.999978632235055]], "center": [102656.8676083624, -59777.035839705146, 608.8018920788996]}}, {"key": 8, "value": {"rotation": [[0.9999780847123708, -0.0020539745724601995, 0.006293749552736687], [0.0020243384791826693, 0.9999868514877882, 0.004711571421673785], [-0.006303344247190222, -0.004698727486832791, 0.9999690944280755]], "center": [102657.78584256371, -59783.93085255468, 608.8640855436244]}}, {"key": 9, "value": {"rotation": [[0.9999723214689086, -0.002470727523495323, 0.007017962780239843], [0.0024364532688835377, 0.9999850847412123, 0.004888147970171602], [-0.007029935387237557, -0.004870913735059045, 0.9999634264351053]], "center": [102658.27532336443, -59790.54630230895, 608.8732582751651]}}], "structure": [], "control_points": []}