{"sfm_data_version": "0.3", "root_path": "/mnt/ST8000/jialei/SFM_E/ex_sea_12/6-1/images", "views": [{"key": 9, "value": {"polymorphic_id": 1073741824, "ptr_wrapper": {"id": 2147483649, "data": {"local_path": "", "filename": "104926_15025.847656.jpg", "width": 1920, "height": 1080, "id_view": 9, "id_intrinsic": 0, "id_pose": 9}}}}, {"key": 8, "value": {"polymorphic_id": 1073741824, "ptr_wrapper": {"id": 2147483650, "data": {"local_path": "", "filename": "104925_15025.748047.jpg", "width": 1920, "height": 1080, "id_view": 8, "id_intrinsic": 0, "id_pose": 8}}}}, {"key": 7, "value": {"polymorphic_id": 1073741824, "ptr_wrapper": {"id": 2147483651, "data": {"local_path": "", "filename": "104924_15025.647461.jpg", "width": 1920, "height": 1080, "id_view": 7, "id_intrinsic": 0, "id_pose": 7}}}}, {"key": 6, "value": {"polymorphic_id": 1073741824, "ptr_wrapper": {"id": 2147483652, "data": {"local_path": "", "filename": "104923_15025.547852.jpg", "width": 1920, "height": 1080, "id_view": 6, "id_intrinsic": 0, "id_pose": 6}}}}, {"key": 5, "value": {"polymorphic_id": 1073741824, "ptr_wrapper": {"id": 2147483653, "data": {"local_path": "", "filename": "104922_15025.447266.jpg", "width": 1920, "height": 1080, "id_view": 5, "id_intrinsic": 0, "id_pose": 5}}}}, {"key": 4, "value": {"polymorphic_id": 1073741824, "ptr_wrapper": {"id": 2147483654, "data": {"local_path": "", "filename": "104921_15025.347656.jpg", "width": 1920, "height": 1080, "id_view": 4, "id_intrinsic": 0, "id_pose": 4}}}}, {"key": 3, "value": {"polymorphic_id": 1073741824, "ptr_wrapper": {"id": 2147483655, "data": {"local_path": "", "filename": "104920_15025.280047.jpg", "width": 1920, "height": 1080, "id_view": 3, "id_intrinsic": 0, "id_pose": 3}}}}, {"key": 2, "value": {"polymorphic_id": 1073741824, "ptr_wrapper": {"id": 2147483656, "data": {"local_path": "", "filename": "104919_15025.248047.jpg", "width": 1920, "height": 1080, "id_view": 2, "id_intrinsic": 0, "id_pose": 2}}}}, {"key": 1, "value": {"polymorphic_id": 1073741824, "ptr_wrapper": {"id": 2147483657, "data": {"local_path": "", "filename": "104918_15025.147461.jpg", "width": 1920, "height": 1080, "id_view": 1, "id_intrinsic": 0, "id_pose": 1}}}}, {"key": 0, "value": {"polymorphic_id": 1073741824, "ptr_wrapper": {"id": 2147483658, "data": {"local_path": "", "filename": "104917_15025.047852.jpg", "width": 1920, "height": 1080, "id_view": 0, "id_intrinsic": 0, "id_pose": 0}}}}], "intrinsics": [{"key": 0, "value": {"polymorphic_id": 2147483649, "polymorphic_name": "pinhole_radial_k3", "ptr_wrapper": {"id": 2147483659, "data": {"width": 1920, "height": 1080, "focal_length": 1739.13, "principal_point": [960.0, 540.0], "disto_k3": [0.0, 0.0, 0.0]}}}}], "extrinsics": [{"key": 0, "value": {"rotation": [[0.9999989968841907, -0.0008415626715220529, 0.001139299294408346], [0.000842337270480552, 0.9999994143181862, -0.0006795816414872638], [-0.001138726716599757, 0.0006805406340460617, 0.9999991200825681]], "center": [0.0005572540464437462, -0.0014754198174520656, 0.0013642568012850356]}}, {"key": 1, "value": {"rotation": [[0.9999999293245556, 5.95952356407472e-05, 0.0003712132696906083], [-5.9673936286986414e-05, 0.999999975747133, 0.0002120017803612492], [-0.00037120062639155817, -0.00021202391713494604, 0.9999999086279725]], "center": [0.001117166394009743, -0.010755809155683584, 0.0015972527386750202]}}, {"key": 2, "value": {"rotation": [[0.999998811309833, -0.0001033179414923206, 0.00153840967363707], [0.00010015282208821423, 0.9999978786752001, 0.0020573318915297675], [-0.0015386189694664555, -0.0020571753699292054, 0.9999967003351381]], "center": [0.0017218723122063109, -0.022231197598201535, 0.0012982864999304586]}}, {"key": 3, "value": {"rotation": [[0.9999971265500325, -0.00042535877078666337, 0.0023592290253375324], [0.0004200313719890795, 0.9999973621715443, 0.002258146053635726], [-0.0023601833243256753, -0.0022571486147616787, 0.999994667393185]], "center": [0.0018969360491399019, -0.03216247713337372, 0.0012684555435833692]}}, {"key": 4, "value": {"rotation": [[0.9999914596879803, -0.0015274671652413976, 0.003840233737789214], [0.0015212782050662112, 0.9999975403308888, 0.0016140151160247862], [-0.003842689647178803, -0.0016081592679444176, 0.9999913237423834]], "center": [0.0027483839578509987, -0.041488486593199904, 0.0011875343391681238]}}, {"key": 5, "value": {"rotation": [[0.9999881373959271, -0.001600804017030867, 0.004600271070577328], [0.0015910638543345885, 0.9999964866655187, 0.002120182169091294], [-0.0046036489044194275, -0.0021128376931890762, 0.9999871710845329]], "center": [0.002783512759134492, -0.05156439379152111, 0.0009616944160161711]}}, {"key": 6, "value": {"rotation": [[0.9999816992325498, -0.0021834002039211237, 0.005642159474048743], [0.00217001869510743, 0.999994821062978, 0.002376734332077104], [-0.00564731961588543, -0.002364447244475268, 0.9999812584095682]], "center": [0.0028543964420169278, -0.061243031448999806, 0.0009099809616879916]}}, {"key": 7, "value": {"rotation": [[0.9999772901212902, -0.0021590543130854067, 0.0063841777976973635], [0.0021397400376480602, 0.9999931184066525, 0.003030619063779598], [-0.0063906771355428625, -0.0030168897579469314, 0.9999750284991806]], "center": [0.0029076612987631, -0.07148905014723536, 0.000604925620101671]}}, {"key": 8, "value": {"rotation": [[0.9999691525987249, -0.0029259059355590633, 0.007289233529157828], [0.002896490674490555, 0.99998763324859, 0.004042733191276528], [-0.007300972042058996, -0.004021495286522006, 0.9999652610880545]], "center": [0.004300103201696215, -0.08201606490171444, 0.0007083243422633871]}}, {"key": 9, "value": {"rotation": [[0.9999623043942052, -0.0033421671092171744, 0.00801372008766796], [0.0033084281166254697, 0.9999856240278374, 0.004219720494669647], [-0.008027707893698374, -0.0041930486128923675, 0.9999589862835889]], "center": [0.00503846972005623, -0.09211578261191491, 0.0007298452118226407]}}], "structure": [], "control_points": []}