{"sfm_data_version": "0.3", "root_path": "/mnt/ST8000/jialei/SFM_E/ex_sea_12/1-3/images", "views": [{"key": 9, "value": {"polymorphic_id": 1073741824, "ptr_wrapper": {"id": 2147483649, "data": {"local_path": "", "filename": "051561_13000.366211.jpg", "width": 1920, "height": 1080, "id_view": 9, "id_intrinsic": 0, "id_pose": 9}}}}, {"key": 8, "value": {"polymorphic_id": 1073741824, "ptr_wrapper": {"id": 2147483650, "data": {"local_path": "", "filename": "051560_13000.298602.jpg", "width": 1920, "height": 1080, "id_view": 8, "id_intrinsic": 0, "id_pose": 8}}}}, {"key": 7, "value": {"polymorphic_id": 1073741824, "ptr_wrapper": {"id": 2147483651, "data": {"local_path": "", "filename": "051559_13000.166016.jpg", "width": 1920, "height": 1080, "id_view": 7, "id_intrinsic": 0, "id_pose": 7}}}}, {"key": 6, "value": {"polymorphic_id": 1073741824, "ptr_wrapper": {"id": 2147483652, "data": {"local_path": "", "filename": "051558_13000.098406.jpg", "width": 1920, "height": 1080, "id_view": 6, "id_intrinsic": 0, "id_pose": 6}}}}, {"key": 5, "value": {"polymorphic_id": 1073741824, "ptr_wrapper": {"id": 2147483653, "data": {"local_path": "", "filename": "051557_12999.965820.jpg", "width": 1920, "height": 1080, "id_view": 5, "id_intrinsic": 0, "id_pose": 5}}}}, {"key": 4, "value": {"polymorphic_id": 1073741824, "ptr_wrapper": {"id": 2147483654, "data": {"local_path": "", "filename": "051556_12999.898211.jpg", "width": 1920, "height": 1080, "id_view": 4, "id_intrinsic": 0, "id_pose": 4}}}}, {"key": 3, "value": {"polymorphic_id": 1073741824, "ptr_wrapper": {"id": 2147483655, "data": {"local_path": "", "filename": "051555_12999.766602.jpg", "width": 1920, "height": 1080, "id_view": 3, "id_intrinsic": 0, "id_pose": 3}}}}, {"key": 2, "value": {"polymorphic_id": 1073741824, "ptr_wrapper": {"id": 2147483656, "data": {"local_path": "", "filename": "051554_12999.698016.jpg", "width": 1920, "height": 1080, "id_view": 2, "id_intrinsic": 0, "id_pose": 2}}}}, {"key": 1, "value": {"polymorphic_id": 1073741824, "ptr_wrapper": {"id": 2147483657, "data": {"local_path": "", "filename": "051553_12999.598406.jpg", "width": 1920, "height": 1080, "id_view": 1, "id_intrinsic": 0, "id_pose": 1}}}}, {"key": 0, "value": {"polymorphic_id": 1073741824, "ptr_wrapper": {"id": 2147483658, "data": {"local_path": "", "filename": "051552_12999.465820.jpg", "width": 1920, "height": 1080, "id_view": 0, "id_intrinsic": 0, "id_pose": 0}}}}], "intrinsics": [{"key": 0, "value": {"polymorphic_id": 2147483649, "polymorphic_name": "pinhole_radial_k3", "ptr_wrapper": {"id": 2147483659, "data": {"width": 1920, "height": 1080, "focal_length": 1739.13, "principal_point": [960.0, 540.0], "disto_k3": [0.0, 0.0, 0.0]}}}}], "extrinsics": [{"key": 0, "value": {"rotation": [[0.9999987271477719, -0.001294221872767429, 0.0009331090933148475], [0.0012945337191836456, 0.9999991064213306, -0.00033367497689814723], [-0.0009326764100549804, 0.00033488249336414993, 0.9999995089840944]], "center": [-0.00013418954467956886, -0.0015227597361398338, 0.0017337814201977431]}}, {"key": 1, "value": {"rotation": [[0.999998923035947, 0.00010906705605704891, 0.0014635680112349131], [-0.00011196495369704451, 0.9999980333583209, 0.0019800867000289305], [-0.0014633491706939562, -0.0019802484358713403, 0.9999969686080739]], "center": [0.00019825277993677708, -0.010611144728740645, 0.0034122558925257815]}}, {"key": 2, "value": {"rotation": [[0.9999988070261132, 0.00150845810208844, -0.0003324161619119061], [-0.0015115150347473135, 0.9999547124888343, -0.009396185059501332], [0.00031822735612952764, 0.00939667630212444, 0.9999557996260752]], "center": [0.0029296376990227183, -0.012452351419676778, 0.013600808650659569]}}, {"key": 3, "value": {"rotation": [[0.9999998098648852, -0.00019142978473707687, -0.0005861952159191432], [0.00018451574869652148, 0.9999306883192167, -0.011772192293534753], [0.0005884081339800838, 0.011772081892978433, 0.9999305335190909]], "center": [0.003149791981301722, -0.021728537020989667, 0.015079392218622985]}}, {"key": 4, "value": {"rotation": [[0.9999984182765538, -0.0017609033206367974, -0.00025032755807090996], [0.0017572069236669486, 0.9998994664817269, -0.014070151150056148], [0.00027507856764276385, 0.014069689017649913, 0.9999009791888039]], "center": [0.002392927830422783, -0.030744577953612132, 0.015687101133825716]}}, {"key": 5, "value": {"rotation": [[0.9999950848894253, -0.003128741613893571, 0.00020291107581641064], [0.00313147324051887, 0.9998787082145303, -0.015256563655882613], [-0.00015515261877457754, 0.015257124078789335, 0.9998835912707588]], "center": [0.00234988028487419, -0.040849915510794574, 0.016358581090252303]}}, {"key": 6, "value": {"rotation": [[0.9999886762753685, -0.004751572724435565, 0.00026434386820051175], [0.004755351362493425, 0.9998468195127764, -0.01684411302516667], [-0.00018426734786027124, 0.01684517933504291, 0.9998580929205481]], "center": [0.0022044116631631085, -0.05070939257228919, 0.017376603321844816]}}, {"key": 7, "value": {"rotation": [[0.9999817931701384, -0.006003646196828689, 0.0006079149431060274], [0.00601383540532151, 0.9998119137198683, -0.018438301644455368], [-0.0004971035631019602, 0.018441621841842653, 0.9998298152545214]], "center": [0.001221345323410881, -0.06041631744892696, 0.01813742389460487]}}, {"key": 8, "value": {"rotation": [[0.9999752123237449, -0.006987270199117969, 0.0008676365862982119], [0.007003311757145795, 0.9997731291600224, -0.020115760835948668], [-0.0007268854886354394, 0.020121338542487186, 0.9997972811389043]], "center": [0.00096078995596214, -0.06602710015804875, 0.01872878281790423]}}, {"key": 9, "value": {"rotation": [[0.9999655205392056, -0.00830406694778173, -1.4313708731733832e-05], [0.008301708280208197, 0.9997197099769114, -0.022171673895096937], [0.00019842476111130405, 0.022170790599501822, 0.999754178121706]], "center": [0.000607365784503922, -0.07541665464283913, 0.020432297573777077]}}], "structure": [], "control_points": []}