{"sfm_data_version": "0.3", "root_path": "/mnt/ST8000/jialei/SFM_E/ex_sea_12/1-3/images", "views": [{"key": 9, "value": {"polymorphic_id": 1073741824, "ptr_wrapper": {"id": 2147483649, "data": {"local_path": "", "filename": "051561_13000.366211.jpg", "width": 1920, "height": 1080, "id_view": 9, "id_intrinsic": 0, "id_pose": 9}}}}, {"key": 8, "value": {"polymorphic_id": 1073741824, "ptr_wrapper": {"id": 2147483650, "data": {"local_path": "", "filename": "051560_13000.298602.jpg", "width": 1920, "height": 1080, "id_view": 8, "id_intrinsic": 0, "id_pose": 8}}}}, {"key": 7, "value": {"polymorphic_id": 1073741824, "ptr_wrapper": {"id": 2147483651, "data": {"local_path": "", "filename": "051559_13000.166016.jpg", "width": 1920, "height": 1080, "id_view": 7, "id_intrinsic": 0, "id_pose": 7}}}}, {"key": 6, "value": {"polymorphic_id": 1073741824, "ptr_wrapper": {"id": 2147483652, "data": {"local_path": "", "filename": "051558_13000.098406.jpg", "width": 1920, "height": 1080, "id_view": 6, "id_intrinsic": 0, "id_pose": 6}}}}, {"key": 5, "value": {"polymorphic_id": 1073741824, "ptr_wrapper": {"id": 2147483653, "data": {"local_path": "", "filename": "051557_12999.965820.jpg", "width": 1920, "height": 1080, "id_view": 5, "id_intrinsic": 0, "id_pose": 5}}}}, {"key": 4, "value": {"polymorphic_id": 1073741824, "ptr_wrapper": {"id": 2147483654, "data": {"local_path": "", "filename": "051556_12999.898211.jpg", "width": 1920, "height": 1080, "id_view": 4, "id_intrinsic": 0, "id_pose": 4}}}}, {"key": 3, "value": {"polymorphic_id": 1073741824, "ptr_wrapper": {"id": 2147483655, "data": {"local_path": "", "filename": "051555_12999.766602.jpg", "width": 1920, "height": 1080, "id_view": 3, "id_intrinsic": 0, "id_pose": 3}}}}, {"key": 2, "value": {"polymorphic_id": 1073741824, "ptr_wrapper": {"id": 2147483656, "data": {"local_path": "", "filename": "051554_12999.698016.jpg", "width": 1920, "height": 1080, "id_view": 2, "id_intrinsic": 0, "id_pose": 2}}}}, {"key": 1, "value": {"polymorphic_id": 1073741824, "ptr_wrapper": {"id": 2147483657, "data": {"local_path": "", "filename": "051553_12999.598406.jpg", "width": 1920, "height": 1080, "id_view": 1, "id_intrinsic": 0, "id_pose": 1}}}}, {"key": 0, "value": {"polymorphic_id": 1073741824, "ptr_wrapper": {"id": 2147483658, "data": {"local_path": "", "filename": "051552_12999.465820.jpg", "width": 1920, "height": 1080, "id_view": 0, "id_intrinsic": 0, "id_pose": 0}}}}], "intrinsics": [{"key": 0, "value": {"polymorphic_id": 2147483649, "polymorphic_name": "pinhole_radial_k3", "ptr_wrapper": {"id": 2147483659, "data": {"width": 1920, "height": 1080, "focal_length": 1739.13, "principal_point": [960.0, 540.0], "disto_k3": [0.0, 0.0, 0.0]}}}}], "extrinsics": [{"key": 0, "value": {"rotation": [[0.9999999963027455, -4.365190140059135e-05, 7.408792113788577e-05], [4.3643691371085296e-05, 0.9999999929078889, 0.00011081268251927787], [-7.409275779673715e-05, -0.00011080944863921046, 0.9999999911157647]], "center": [102655.28827471926, -59731.1747877604, 609.3316320839723]}}, {"key": 1, "value": {"rotation": [[0.99999889289848, 0.0013594002334775446, 0.000605171727186787], [-0.0013608644952704738, 0.9999961318116397, 0.002425780200971397], [-0.0006018717800969824, -0.0024266010721034842, 0.9999968746739148]], "center": [102655.51315831156, -59737.09485382694, 610.4221073777347]}}, {"key": 2, "value": {"rotation": [[0.9999954840524525, 0.0027595882611673775, -0.0011901879387987765], [-0.0027701310262855695, 0.9999561172022241, -0.008949304104183473], [0.0011654393154706259, 0.008952560666131962, 0.9999592458739114]], "center": [102657.29948546938, -59738.294874836305, 617.0565095686458]}}, {"key": 3, "value": {"rotation": [[0.9999983947783433, 0.001059815938121327, -0.0014447252036460965], [-0.0010761131446877176, 0.9999352709580656, -0.011326776881362062], [0.0014326273893013942, 0.011328313387156614, 0.9999348063221755]], "center": [102657.45126978014, -59744.33730116406, 618.0167912565556]}}, {"key": 4, "value": {"rotation": [[0.9999992544908943, -0.0005098072570878601, -0.0011095558644282227], [0.0004946413155164853, 0.9999070380618885, -0.013626098644524687], [0.0011163994019393999, 0.013625539653971648, 0.9999065447938192]], "center": [102656.9659599925, -59750.21082246233, 618.4104377315441]}}, {"key": 5, "value": {"rotation": [[0.9999980210631187, -0.0018778499908584788, -0.0006569240886427272], [0.001867912880528223, 0.9998885263899664, -0.014813699577500509], [0.0006846687645592291, 0.014812443185157355, 0.99989005533387]], "center": [102656.94652786659, -59756.7933096779, 618.8449071089868]}}, {"key": 6, "value": {"rotation": [[0.9999936947448181, -0.003500714996725559, -0.0005962089557745219], [0.0034904653058378562, 0.9998593748693779, -0.01640265642405443], [0.0006535461391420974, 0.016400471954444874, 0.9998652896251154]], "center": [102656.86037593088, -59763.21583590344, 619.5052305310675]}}, {"key": 7, "value": {"rotation": [[0.9999886726225596, -0.004752948702316327, -0.0002531900557262144], [0.004747622142605714, 0.9998267521090174, -0.01799794019115524], [0.0003386894775590396, 0.01799653427097872, 0.9998379918985233]], "center": [102656.22837458002, -59769.53960310047, 619.9985344949899]}}, {"key": 8, "value": {"rotation": [[0.9999835450082565, -0.00573669552308497, 6.098813221970887e-06], [0.0057357049192090755, 0.9997899510763529, -0.019676265291546077], [0.00010677921083627364, 0.019675976499756193, 0.9998064035336948]], "center": [102656.0635595381, -59773.194651074074, 620.3822420138558]}}, {"key": 9, "value": {"rotation": [[0.9999747424279771, -0.007053111186512655, -0.0008764295129778696], [0.007032400721048411, 0.9997390701201309, -0.02173331579476357], [0.0010294883190824571, 0.02172660346043561, 0.9997634194427572]], "center": [102655.84195353597, -59779.31145437074, 621.4893237611896]}}], "structure": [], "control_points": []}