{"sfm_data_version": "0.3", "root_path": "/mnt/ST8000/jialei/SFM_E/ex_sea_12/1-2/images", "views": [{"key": 9, "value": {"polymorphic_id": 1073741824, "ptr_wrapper": {"id": 2147483649, "data": {"local_path": "", "filename": "038735_11734.566406.jpg", "width": 1920, "height": 1080, "id_view": 9, "id_intrinsic": 0, "id_pose": 9}}}}, {"key": 8, "value": {"polymorphic_id": 1073741824, "ptr_wrapper": {"id": 2147483650, "data": {"local_path": "", "filename": "038734_11734.465820.jpg", "width": 1920, "height": 1080, "id_view": 8, "id_intrinsic": 0, "id_pose": 8}}}}, {"key": 7, "value": {"polymorphic_id": 1073741824, "ptr_wrapper": {"id": 2147483651, "data": {"local_path": "", "filename": "038733_11734.399211.jpg", "width": 1920, "height": 1080, "id_view": 7, "id_intrinsic": 0, "id_pose": 7}}}}, {"key": 6, "value": {"polymorphic_id": 1073741824, "ptr_wrapper": {"id": 2147483652, "data": {"local_path": "", "filename": "038732_11734.299602.jpg", "width": 1920, "height": 1080, "id_view": 6, "id_intrinsic": 0, "id_pose": 6}}}}, {"key": 5, "value": {"polymorphic_id": 1073741824, "ptr_wrapper": {"id": 2147483653, "data": {"local_path": "", "filename": "038731_11734.198016.jpg", "width": 1920, "height": 1080, "id_view": 5, "id_intrinsic": 0, "id_pose": 5}}}}, {"key": 4, "value": {"polymorphic_id": 1073741824, "ptr_wrapper": {"id": 2147483654, "data": {"local_path": "", "filename": "038730_11734.100406.jpg", "width": 1920, "height": 1080, "id_view": 4, "id_intrinsic": 0, "id_pose": 4}}}}, {"key": 3, "value": {"polymorphic_id": 1073741824, "ptr_wrapper": {"id": 2147483655, "data": {"local_path": "", "filename": "038729_11733.998820.jpg", "width": 1920, "height": 1080, "id_view": 3, "id_intrinsic": 0, "id_pose": 3}}}}, {"key": 2, "value": {"polymorphic_id": 1073741824, "ptr_wrapper": {"id": 2147483656, "data": {"local_path": "", "filename": "038728_11733.899211.jpg", "width": 1920, "height": 1080, "id_view": 2, "id_intrinsic": 0, "id_pose": 2}}}}, {"key": 1, "value": {"polymorphic_id": 1073741824, "ptr_wrapper": {"id": 2147483657, "data": {"local_path": "", "filename": "038727_11733.798602.jpg", "width": 1920, "height": 1080, "id_view": 1, "id_intrinsic": 0, "id_pose": 1}}}}, {"key": 0, "value": {"polymorphic_id": 1073741824, "ptr_wrapper": {"id": 2147483658, "data": {"local_path": "", "filename": "038726_11733.699016.jpg", "width": 1920, "height": 1080, "id_view": 0, "id_intrinsic": 0, "id_pose": 0}}}}], "intrinsics": [{"key": 0, "value": {"polymorphic_id": 2147483649, "polymorphic_name": "pinhole_radial_k3", "ptr_wrapper": {"id": 2147483659, "data": {"width": 1920, "height": 1080, "focal_length": 1739.13, "principal_point": [960.0, 540.0], "disto_k3": [0.0, 0.0, 0.0]}}}}], "extrinsics": [{"key": 0, "value": {"rotation": [[1.0000000000000002, 2.4592545658053142e-12, 8.326756708596595e-13], [-2.4592539861873754e-12, 1.0, -1.9203245968739284e-12], [-8.326755743191122e-13, 1.9203245717971965e-12, 0.9999999999999998]], "center": [102655.28827440512, -59731.174787456555, 609.3316321520982]}}, {"key": 1, "value": {"rotation": [[0.9999989979245538, 0.0012939154170348106, 0.0005743977558388024], [-0.0012944112457392765, 0.9999987892739557, 0.0008636840566153391], [-0.0005732795262841864, -0.0008644266980534376, 0.9999994620583894]], "center": [102655.46894974654, -59737.416055853915, 610.2796693122759]}}, {"key": 2, "value": {"rotation": [[0.9999997141487782, 0.0003867968090610357, 0.0006496849934846402], [-0.00038761181524834913, 0.9999991376084816, 0.0012548065086087625], [-0.0006491990780482947, -0.0012550579755004794, 0.999999001684519]], "center": [102655.56125926027, -59744.333884617874, 610.8013043773568]}}, {"key": 3, "value": {"rotation": [[0.9999958382810094, -0.001172923764782905, 0.002635843414155403], [0.0011702034156506262, 0.9999987813890322, 0.0010333655776953942], [-0.0026370522611314953, -0.0010302768041518845, 0.9999959922345082]], "center": [102654.42467755257, -59750.750988772976, 610.4431627215173]}}, {"key": 4, "value": {"rotation": [[0.9999936943267005, -0.0021215717463519594, 0.0028478483391348886], [0.0021186190058059156, 0.9999972154960457, 0.0010394487304178281], [-0.002850045674348173, -0.0010334086703768172, 0.9999954046425281]], "center": [102654.88835134245, -59757.35951198546, 611.050641109066]}}, {"key": 5, "value": {"rotation": [[0.9999904159605124, -0.0034197142636786157, 0.0027337778761876417], [0.0034196632044137653, 0.9999941526620472, 2.3351285305336384e-05], [-0.002733841745587992, -1.400246189349099e-05, 0.9999962629496376]], "center": [102655.2625763974, -59763.36435590385, 612.0119154079752]}}, {"key": 6, "value": {"rotation": [[0.9999850188622338, -0.004687651749665547, 0.002826300085304652], [0.0046873121997131765, 0.999989006458791, 0.0001267513423228989], [-0.002826863180409855, -0.00011350169257370406, 0.9999959979729542]], "center": [102655.78771116622, -59770.218936738594, 612.7688213887425]}}, {"key": 7, "value": {"rotation": [[0.9999736572253567, -0.0064698815297882335, 0.003290210986527183], [0.00646977320812692, 0.9999790698493303, 4.356493987787037e-05], [-0.00329042398191541, -2.227687336683202e-05, 0.999994586292226]], "center": [102655.74692320777, -59777.15082735875, 613.3676571481827]}}, {"key": 8, "value": {"rotation": [[0.9999677065668412, -0.006968645457275355, 0.004002974386972035], [0.00696756518104799, 0.9999756859648974, 0.00028375073828813195], [-0.004004854416805646, -0.00025585059004344104, 0.9999919478083689]], "center": [102654.99373059723, -59783.73506793118, 613.4214723002024]}}, {"key": 9, "value": {"rotation": [[0.9999546415546962, -0.008281372041253674, 0.004704647737529003], [0.008281181536156656, 0.9999657086299151, 5.997197646660885e-05], [-0.004704983058961503, -2.1009214252966766e-05, 0.9999889312852557]], "center": [102655.12265549517, -59790.45159893375, 613.8158053069683]}}], "structure": [], "control_points": []}