{"sfm_data_version": "0.3", "root_path": "/mnt/ST8000/jialei/SFM_E/ex_sea_12/1-2/images", "views": [{"key": 9, "value": {"polymorphic_id": 1073741824, "ptr_wrapper": {"id": 2147483649, "data": {"local_path": "", "filename": "038735_11734.566406.jpg", "width": 1920, "height": 1080, "id_view": 9, "id_intrinsic": 0, "id_pose": 9}}}}, {"key": 8, "value": {"polymorphic_id": 1073741824, "ptr_wrapper": {"id": 2147483650, "data": {"local_path": "", "filename": "038734_11734.465820.jpg", "width": 1920, "height": 1080, "id_view": 8, "id_intrinsic": 0, "id_pose": 8}}}}, {"key": 7, "value": {"polymorphic_id": 1073741824, "ptr_wrapper": {"id": 2147483651, "data": {"local_path": "", "filename": "038733_11734.399211.jpg", "width": 1920, "height": 1080, "id_view": 7, "id_intrinsic": 0, "id_pose": 7}}}}, {"key": 6, "value": {"polymorphic_id": 1073741824, "ptr_wrapper": {"id": 2147483652, "data": {"local_path": "", "filename": "038732_11734.299602.jpg", "width": 1920, "height": 1080, "id_view": 6, "id_intrinsic": 0, "id_pose": 6}}}}, {"key": 5, "value": {"polymorphic_id": 1073741824, "ptr_wrapper": {"id": 2147483653, "data": {"local_path": "", "filename": "038731_11734.198016.jpg", "width": 1920, "height": 1080, "id_view": 5, "id_intrinsic": 0, "id_pose": 5}}}}, {"key": 4, "value": {"polymorphic_id": 1073741824, "ptr_wrapper": {"id": 2147483654, "data": {"local_path": "", "filename": "038730_11734.100406.jpg", "width": 1920, "height": 1080, "id_view": 4, "id_intrinsic": 0, "id_pose": 4}}}}, {"key": 3, "value": {"polymorphic_id": 1073741824, "ptr_wrapper": {"id": 2147483655, "data": {"local_path": "", "filename": "038729_11733.998820.jpg", "width": 1920, "height": 1080, "id_view": 3, "id_intrinsic": 0, "id_pose": 3}}}}, {"key": 2, "value": {"polymorphic_id": 1073741824, "ptr_wrapper": {"id": 2147483656, "data": {"local_path": "", "filename": "038728_11733.899211.jpg", "width": 1920, "height": 1080, "id_view": 2, "id_intrinsic": 0, "id_pose": 2}}}}, {"key": 1, "value": {"polymorphic_id": 1073741824, "ptr_wrapper": {"id": 2147483657, "data": {"local_path": "", "filename": "038727_11733.798602.jpg", "width": 1920, "height": 1080, "id_view": 1, "id_intrinsic": 0, "id_pose": 1}}}}, {"key": 0, "value": {"polymorphic_id": 1073741824, "ptr_wrapper": {"id": 2147483658, "data": {"local_path": "", "filename": "038726_11733.699016.jpg", "width": 1920, "height": 1080, "id_view": 0, "id_intrinsic": 0, "id_pose": 0}}}}], "intrinsics": [{"key": 0, "value": {"polymorphic_id": 2147483649, "polymorphic_name": "pinhole_radial_k3", "ptr_wrapper": {"id": 2147483659, "data": {"width": 1920, "height": 1080, "focal_length": 1739.13, "principal_point": [960.0, 540.0], "disto_k3": [0.0, 0.0, 0.0]}}}}], "extrinsics": [{"key": 0, "value": {"rotation": [[0.999999268662354, -0.001206375206249465, -8.563655124708057e-05], [0.0012063778278046439, 0.9999992718588165, 3.056752158371447e-05], [8.559961299142694e-05, -3.067080926520586e-05, 0.9999999958660039]], "center": [-0.00029145192713877013, -0.0008765033024724449, 0.0003606040578106133]}}, {"key": 1, "value": {"rotation": [[0.999999876706737, 8.752285780687171e-05, 0.0004888008389886213], [-8.795999839488645e-05, 0.9999995961893969, 0.0008943623884558627], [-0.0004887223644535142, -0.0008944052731080145, 0.9999994805946941]], "center": [-1.5003296258346584e-05, -0.010837172316510348, 0.0018732233700936702]}}, {"key": 2, "value": {"rotation": [[0.9999995050472179, -0.0008195982628122824, 0.0005640602866188788], [0.0008188726690733742, 0.999998838587274, 0.001285407194303456], [-0.0005651131490155413, -0.00128494466453519, 0.9999990147816836]], "center": [0.00011906387134968057, -0.021877355088023163, 0.0027053374632848145]}}, {"key": 3, "value": {"rotation": [[0.9999939175843556, -0.002379373942298552, 0.002550171354199522], [0.0023766673756900037, 0.9999966098501827, 0.0010638328474916257], [-0.0025526939648928514, -0.0010577654677581265, 0.9999961824355815]], "center": [-0.0017071800494362745, -0.03211603577857895, 0.0021336305681864238]}}, {"key": 4, "value": {"rotation": [[0.9999906473512608, -0.0033280251490676377, 0.0027621474640839618], [0.0033250809038902055, 0.9999938996267057, 0.0010698347332823615], [-0.0027656910508510545, -0.001060640363707373, 0.9999956129878921]], "center": [-0.000979855270430915, -0.04266332518164603, 0.0031027041790076533]}}, {"key": 5, "value": {"rotation": [[0.9999857931727293, -0.004626159267589936, 0.0026480376013543485], [0.004626033478511509, 0.9999892984120036, 5.362578180789015e-05], [-0.0026482573445544763, -4.137510935947903e-05, 0.9999964925044175]], "center": [-0.00039406880477126387, -0.05224706391205054, 0.0046364333870841205]}}, {"key": 6, "value": {"rotation": [[0.9999788743865898, -0.005894092157145005, 0.002740521514568856], [0.005893684189470915, 0.9999826197808096, 0.00015691712400210333], [-0.002741398767694184, -0.0001407620407103068, 0.999996232452325]], "center": [0.00043088661654254164, -0.06318715579129631, 0.005843954302288293]}}, {"key": 7, "value": {"rotation": [[0.9999654024261208, -0.007676321161679385, 0.003204378908494296], [0.0076761247862745284, 0.9999705354132076, 7.357777434844655e-05], [-0.0032048492994201368, -4.897801637192433e-05, 0.9999948632578681]], "center": [0.00035253053140655037, -0.07424952704263635, 0.0067992885299328655]}}, {"key": 8, "value": {"rotation": [[0.9999589110864845, -0.008175099408300716, 0.0039171275696083885], [0.008173932872710019, 0.9999665436406501, 0.0003137208391406001], [-0.003919561215827229, -0.00028168961088445143, 0.999992278815611]], "center": [-0.0008621383951847991, -0.08475569458426091, 0.006884952509721774]}}, {"key": 9, "value": {"rotation": [[0.999944322502614, -0.00948783079601284, 0.004618761909306525], [0.009487517075310266, 0.9999549884622043, 8.982927968634873e-05], [-0.004619406296736481, -4.600369573564059e-05, 0.9999893294276324]], "center": [-0.0006692675530332898, -0.09547469585685618, 0.007513913291568213]}}], "structure": [], "control_points": []}