{"sfm_data_version": "0.3", "root_path": "/mnt/ST8000/jialei/SFM_E/ex_sea_12/1-2/images", "views": [{"key": 9, "value": {"polymorphic_id": 1073741824, "ptr_wrapper": {"id": 2147483649, "data": {"local_path": "", "filename": "038735_11734.566406.jpg", "width": 1920, "height": 1080, "id_view": 9, "id_intrinsic": 0, "id_pose": 9}}}}, {"key": 8, "value": {"polymorphic_id": 1073741824, "ptr_wrapper": {"id": 2147483650, "data": {"local_path": "", "filename": "038734_11734.465820.jpg", "width": 1920, "height": 1080, "id_view": 8, "id_intrinsic": 0, "id_pose": 8}}}}, {"key": 7, "value": {"polymorphic_id": 1073741824, "ptr_wrapper": {"id": 2147483651, "data": {"local_path": "", "filename": "038733_11734.399211.jpg", "width": 1920, "height": 1080, "id_view": 7, "id_intrinsic": 0, "id_pose": 7}}}}, {"key": 6, "value": {"polymorphic_id": 1073741824, "ptr_wrapper": {"id": 2147483652, "data": {"local_path": "", "filename": "038732_11734.299602.jpg", "width": 1920, "height": 1080, "id_view": 6, "id_intrinsic": 0, "id_pose": 6}}}}, {"key": 5, "value": {"polymorphic_id": 1073741824, "ptr_wrapper": {"id": 2147483653, "data": {"local_path": "", "filename": "038731_11734.198016.jpg", "width": 1920, "height": 1080, "id_view": 5, "id_intrinsic": 0, "id_pose": 5}}}}, {"key": 4, "value": {"polymorphic_id": 1073741824, "ptr_wrapper": {"id": 2147483654, "data": {"local_path": "", "filename": "038730_11734.100406.jpg", "width": 1920, "height": 1080, "id_view": 4, "id_intrinsic": 0, "id_pose": 4}}}}, {"key": 3, "value": {"polymorphic_id": 1073741824, "ptr_wrapper": {"id": 2147483655, "data": {"local_path": "", "filename": "038729_11733.998820.jpg", "width": 1920, "height": 1080, "id_view": 3, "id_intrinsic": 0, "id_pose": 3}}}}, {"key": 2, "value": {"polymorphic_id": 1073741824, "ptr_wrapper": {"id": 2147483656, "data": {"local_path": "", "filename": "038728_11733.899211.jpg", "width": 1920, "height": 1080, "id_view": 2, "id_intrinsic": 0, "id_pose": 2}}}}, {"key": 1, "value": {"polymorphic_id": 1073741824, "ptr_wrapper": {"id": 2147483657, "data": {"local_path": "", "filename": "038727_11733.798602.jpg", "width": 1920, "height": 1080, "id_view": 1, "id_intrinsic": 0, "id_pose": 1}}}}, {"key": 0, "value": {"polymorphic_id": 1073741824, "ptr_wrapper": {"id": 2147483658, "data": {"local_path": "", "filename": "038726_11733.699016.jpg", "width": 1920, "height": 1080, "id_view": 0, "id_intrinsic": 0, "id_pose": 0}}}}], "intrinsics": [{"key": 0, "value": {"polymorphic_id": 2147483649, "polymorphic_name": "pinhole_radial_k3", "ptr_wrapper": {"id": 2147483659, "data": {"width": 1920, "height": 1080, "focal_length": 1739.13, "principal_point": [960.0, 540.0], "disto_k3": [0.0, 0.0, 0.0]}}}}], "extrinsics": [{"key": 0, "value": {"rotation": [[0.9999999116673092, -0.00041988038261771445, 1.9126901696041885e-05], [0.00041987949371961403, 0.9999999107716123, 4.645404421317571e-05], [-1.914640513123762e-05, -4.644600911596444e-05, 0.9999999987380915]], "center": [102655.28827436065, -59731.174787452605, 609.3316321253573]}}, {"key": 1, "value": {"rotation": [[0.9999993944457585, 0.0009054956565190611, 0.0006254484252817614], [-0.000906128787910163, 0.9999990766402631, 0.0010127434231595642], [-0.0006245308129970219, -0.0010133095467119888, 0.9999992915822621]], "center": [102655.46122872812, -59737.06356153048, 610.351968127851]}}, {"key": 2, "value": {"rotation": [[0.9999997673681524, 7.962292631816962e-06, 0.0006820558946783795], [-8.931803085740918e-06, 0.9999989896827333, 0.0014214618304719256], [-0.0006820438874904699, -0.001421467591783554, 0.9999987571222381]], "center": [102655.53396556809, -59743.678021239706, 610.8792266916703]}}, {"key": 3, "value": {"rotation": [[0.9999952637516147, -0.0015254425023236865, 0.002673106715263297], [0.0015222434819105815, 0.999998123341867, 0.0011983686936095635], [-0.002674929741294512, -0.001194293898563993, 0.9999957091972759]], "center": [102654.40559114622, -59749.78077560396, 610.4335710129526]}}, {"key": 4, "value": {"rotation": [[0.9999928227421286, -0.002477060938715587, 0.0028668158880761664], [0.0024736550133924043, 0.9999962312818295, 0.0011909882503194696], [-0.0028697552343283535, -0.001183888188795625, 0.9999951814452163]], "center": [102654.82446453648, -59756.07823510856, 611.0497259776224]}}, {"key": 5, "value": {"rotation": [[0.9999890195438089, -0.003811352545648053, 0.002726606606197689], [0.003811223911545975, 0.9999927358883673, 5.2371687425456894e-05], [-0.0027267864067870642, -4.1979404065482997e-05, 0.9999962814298964]], "center": [102655.162796476, -59761.72720149302, 612.073038598616]}}, {"key": 6, "value": {"rotation": [[0.9999831079155449, -0.005079895259580332, 0.002824632315880679], [0.005079463835958511, 0.9999870866579292, 0.00015988910351976007], [-0.002825408060336342, -0.00014553878496108958, 0.9999959979358687]], "center": [102655.62502322295, -59768.28353834368, 612.828259602045]}}, {"key": 7, "value": {"rotation": [[0.9999710447094751, -0.0068684797746795334, 0.0032762369002700352], [0.006868339513291694, 0.9999764112166465, 5.406113107726609e-05], [-0.003276530935612936, -3.155725836447126e-05, 0.9999946316601737]], "center": [102655.53991661004, -59774.91135706622, 613.4220293095193]}}, {"key": 8, "value": {"rotation": [[0.9999650027372419, -0.007360411596967668, 0.003977139905942824], [0.007359303606647384, 0.9999728769881326, 0.0002931526923385062], [-0.003979189758406252, -0.0002638734527427601, 0.9999920481782175]], "center": [102654.79661568394, -59781.174955489754, 613.4593442963744]}}, {"key": 9, "value": {"rotation": [[0.9999513133038436, -0.008678025927859694, 0.004697114850018862], [0.008677780406789484, 0.9999623447157172, 7.264885057293863e-05], [-0.004697568427432705, -3.1884782326492794e-05, 0.9999889658562383]], "center": [102654.85920817092, -59787.578722171245, 613.8195021634663]}}], "structure": [], "control_points": []}