{"sfm_data_version": "0.3", "root_path": "/mnt/ST8000/jialei/SFM_E/ex_sea_12/1-2/images", "views": [{"key": 9, "value": {"polymorphic_id": 1073741824, "ptr_wrapper": {"id": 2147483649, "data": {"local_path": "", "filename": "038735_11734.566406.jpg", "width": 1920, "height": 1080, "id_view": 9, "id_intrinsic": 0, "id_pose": 9}}}}, {"key": 8, "value": {"polymorphic_id": 1073741824, "ptr_wrapper": {"id": 2147483650, "data": {"local_path": "", "filename": "038734_11734.465820.jpg", "width": 1920, "height": 1080, "id_view": 8, "id_intrinsic": 0, "id_pose": 8}}}}, {"key": 7, "value": {"polymorphic_id": 1073741824, "ptr_wrapper": {"id": 2147483651, "data": {"local_path": "", "filename": "038733_11734.399211.jpg", "width": 1920, "height": 1080, "id_view": 7, "id_intrinsic": 0, "id_pose": 7}}}}, {"key": 6, "value": {"polymorphic_id": 1073741824, "ptr_wrapper": {"id": 2147483652, "data": {"local_path": "", "filename": "038732_11734.299602.jpg", "width": 1920, "height": 1080, "id_view": 6, "id_intrinsic": 0, "id_pose": 6}}}}, {"key": 5, "value": {"polymorphic_id": 1073741824, "ptr_wrapper": {"id": 2147483653, "data": {"local_path": "", "filename": "038731_11734.198016.jpg", "width": 1920, "height": 1080, "id_view": 5, "id_intrinsic": 0, "id_pose": 5}}}}, {"key": 4, "value": {"polymorphic_id": 1073741824, "ptr_wrapper": {"id": 2147483654, "data": {"local_path": "", "filename": "038730_11734.100406.jpg", "width": 1920, "height": 1080, "id_view": 4, "id_intrinsic": 0, "id_pose": 4}}}}, {"key": 3, "value": {"polymorphic_id": 1073741824, "ptr_wrapper": {"id": 2147483655, "data": {"local_path": "", "filename": "038729_11733.998820.jpg", "width": 1920, "height": 1080, "id_view": 3, "id_intrinsic": 0, "id_pose": 3}}}}, {"key": 2, "value": {"polymorphic_id": 1073741824, "ptr_wrapper": {"id": 2147483656, "data": {"local_path": "", "filename": "038728_11733.899211.jpg", "width": 1920, "height": 1080, "id_view": 2, "id_intrinsic": 0, "id_pose": 2}}}}, {"key": 1, "value": {"polymorphic_id": 1073741824, "ptr_wrapper": {"id": 2147483657, "data": {"local_path": "", "filename": "038727_11733.798602.jpg", "width": 1920, "height": 1080, "id_view": 1, "id_intrinsic": 0, "id_pose": 1}}}}, {"key": 0, "value": {"polymorphic_id": 1073741824, "ptr_wrapper": {"id": 2147483658, "data": {"local_path": "", "filename": "038726_11733.699016.jpg", "width": 1920, "height": 1080, "id_view": 0, "id_intrinsic": 0, "id_pose": 0}}}}], "intrinsics": [{"key": 0, "value": {"polymorphic_id": 2147483649, "polymorphic_name": "pinhole_radial_k3", "ptr_wrapper": {"id": 2147483659, "data": {"width": 1920, "height": 1080, "focal_length": 1739.13, "principal_point": [960.0, 540.0], "disto_k3": [0.0, 0.0, 0.0]}}}}], "extrinsics": [{"key": 0, "value": {"rotation": [[0.9999989941301737, -0.0014163165471722527, -7.606628013802633e-05], [0.0014163206386033258, 0.9999989955723078, 5.376080480984427e-05], [7.599006141750432e-05, -5.3868484975937413e-05, 0.9999999956618484]], "center": [-0.0003415917964786503, -0.0010358612501243447, 0.0005261655277297811]}}, {"key": 1, "value": {"rotation": [[0.9999998552739787, -9.094516265558466e-05, 0.0005302650270984095], [9.040416417743343e-05, 0.9999994755334665, 0.001020176396092268], [-0.0005303575291004242, -0.0010201283102796322, 0.9999993390293426]], "center": [-7.683070878885971e-05, -0.010361925722554182, 0.002141930737190503]}}, {"key": 2, "value": {"rotation": [[0.9999993392487669, -0.0009884788737862737, 0.0005868658668033691], [0.0009876395158192697, 0.9999984915348096, 0.0014288093966274582], [-0.00058827732943987, -0.0014282288406193258, 0.9999988070453697]], "center": [2.800104453446553e-05, -0.020837061057116, 0.002976838261026277]}}, {"key": 3, "value": {"rotation": [[0.999993497206845, -0.002521893236442673, 0.002577905841502916], [0.0025187919358679264, 0.9999961011358739, 0.001205570501680309], [-0.0025809361106925405, -0.0011990694536596826, 0.9999959504924196]], "center": [-0.0017686508000941063, -0.030499925438413393, 0.002271172695695428]}}, {"key": 4, "value": {"rotation": [[0.9999901264085099, -0.00347351020957535, 0.0027716082545093334], [0.0034702004029084385, 0.9999932611106939, 0.0011980994795594304], [-0.0027757511877224248, -0.0011884696139330677, 0.9999954413622696]], "center": [-0.0011151449513548519, -0.04047358944500591, 0.003246812921695951]}}, {"key": 5, "value": {"rotation": [[0.9999849803290363, -0.0048077963210483065, 0.0026313895326167576], [0.0048076567713946205, 0.9999884413898411, 5.935557285062037e-05], [-0.0026316444869157133, -4.6703863644753094e-05, 0.9999965361270223]], "center": [-0.0005881041741066282, -0.04942014255203361, 0.004867269926420557]}}, {"key": 6, "value": {"rotation": [[0.9999778140111644, -0.006076333244091347, 0.0027294064849409], [0.006075900665152371, 0.9999815276417872, 0.00016675222305944919], [-0.0027303693084430596, -0.00015016492081913502, 0.9999962612599786]], "center": [0.00013367083374434333, -0.05980384870583657, 0.0060631331759376265]}}, {"key": 7, "value": {"rotation": [[0.9999640115842698, -0.00786490821164482, 0.0031809990753226733], [0.007864754735905415, 0.9999690704926368, 6.075388940540373e-05], [-0.003181378512351982, -3.5733925426613736e-05, 0.9999949387641154]], "center": [-1.147785287326577e-05, -0.07029989179790923, 0.007003395017058372]}}, {"key": 8, "value": {"rotation": [[0.9999575461498501, -0.008356838985086514, 0.003881899038846828], [0.008355737819054368, 0.9999650452722056, 0.00029979868868814855], [-0.003884268717491833, -0.0002673498304709061, 0.9999924204615741]], "center": [-0.0011984876028282804, -0.08021809082898067, 0.007062528243686972]}}, {"key": 9, "value": {"rotation": [[0.9999426123327952, -0.009674444378922358, 0.004601865602583623], [0.009674182475769224, 0.9999532008677464, 7.916926460419865e-05], [-0.004602416157913537, -3.464543369643409e-05, 0.9999894082265083]], "center": [-0.0011094137047662825, -0.0903595433695697, 0.007632809962362552]}}], "structure": [], "control_points": []}