{"sfm_data_version": "0.3", "root_path": "/mnt/ST8000/jialei/SFM_E/ex_sea_12/6-3/images", "views": [{"key": 9, "value": {"polymorphic_id": 1073741824, "ptr_wrapper": {"id": 2147483649, "data": {"local_path": "", "filename": "087511_13303.979266.jpg", "width": 1920, "height": 1080, "id_view": 9, "id_intrinsic": 0, "id_pose": 9}}}}, {"key": 8, "value": {"polymorphic_id": 1073741824, "ptr_wrapper": {"id": 2147483650, "data": {"local_path": "", "filename": "087510_13303.879656.jpg", "width": 1920, "height": 1080, "id_view": 8, "id_intrinsic": 0, "id_pose": 8}}}}, {"key": 7, "value": {"polymorphic_id": 1073741824, "ptr_wrapper": {"id": 2147483651, "data": {"local_path": "", "filename": "087509_13303.781047.jpg", "width": 1920, "height": 1080, "id_view": 7, "id_intrinsic": 0, "id_pose": 7}}}}, {"key": 6, "value": {"polymorphic_id": 1073741824, "ptr_wrapper": {"id": 2147483652, "data": {"local_path": "", "filename": "087508_13303.679461.jpg", "width": 1920, "height": 1080, "id_view": 6, "id_intrinsic": 0, "id_pose": 6}}}}, {"key": 5, "value": {"polymorphic_id": 1073741824, "ptr_wrapper": {"id": 2147483653, "data": {"local_path": "", "filename": "087507_13303.580852.jpg", "width": 1920, "height": 1080, "id_view": 5, "id_intrinsic": 0, "id_pose": 5}}}}, {"key": 4, "value": {"polymorphic_id": 1073741824, "ptr_wrapper": {"id": 2147483654, "data": {"local_path": "", "filename": "087506_13303.479266.jpg", "width": 1920, "height": 1080, "id_view": 4, "id_intrinsic": 0, "id_pose": 4}}}}, {"key": 3, "value": {"polymorphic_id": 1073741824, "ptr_wrapper": {"id": 2147483655, "data": {"local_path": "", "filename": "087505_13303.379656.jpg", "width": 1920, "height": 1080, "id_view": 3, "id_intrinsic": 0, "id_pose": 3}}}}, {"key": 2, "value": {"polymorphic_id": 1073741824, "ptr_wrapper": {"id": 2147483656, "data": {"local_path": "", "filename": "087504_13303.248047.jpg", "width": 1920, "height": 1080, "id_view": 2, "id_intrinsic": 0, "id_pose": 2}}}}, {"key": 1, "value": {"polymorphic_id": 1073741824, "ptr_wrapper": {"id": 2147483657, "data": {"local_path": "", "filename": "087503_13303.179461.jpg", "width": 1920, "height": 1080, "id_view": 1, "id_intrinsic": 0, "id_pose": 1}}}}, {"key": 0, "value": {"polymorphic_id": 1073741824, "ptr_wrapper": {"id": 2147483658, "data": {"local_path": "", "filename": "087502_13303.047852.jpg", "width": 1920, "height": 1080, "id_view": 0, "id_intrinsic": 0, "id_pose": 0}}}}], "intrinsics": [{"key": 0, "value": {"polymorphic_id": 2147483649, "polymorphic_name": "pinhole_radial_k3", "ptr_wrapper": {"id": 2147483659, "data": {"width": 1920, "height": 1080, "focal_length": 1739.13, "principal_point": [960.0, 540.0], "disto_k3": [0.0, 0.0, 0.0]}}}}], "extrinsics": [{"key": 0, "value": {"rotation": [[0.9999999628983943, -0.00016703883501086633, 0.00021517722363645543], [0.00016703144858575035, 0.9999999854604689, 3.43446832102249e-05], [-0.0002151829574037554, -3.430874057259232e-05, 0.9999999762596022]], "center": [0.00023631962405680815, -5.239067679957639e-05, 9.969213436598426e-05]}}, {"key": 1, "value": {"rotation": [[0.999999964374621, 7.078161151130782e-06, -0.0002668345113578615], [-7.161537624170795e-06, 0.9999999511570287, -0.0003124654424981351], [0.000266832286644116, 0.0003124673423118269, 0.9999999155823419]], "center": [-0.0019263144392793758, -0.010588212144785027, 7.463080997723968e-05]}}, {"key": 2, "value": {"rotation": [[0.9999999681159142, -0.0002518854491449217, 1.7941325558536682e-05], [0.0002518676777363936, 0.999999484410651, 0.0009837383315663211], [-1.8189105679714936e-05, -0.000983733781360734, 0.9999995159683848]], "center": [-0.0029763510961959743, -0.02225173485639262, 0.00027961261531474224]}}, {"key": 3, "value": {"rotation": [[0.9999991900857051, -0.0012725034411634423, -2.3726061662795858e-05], [0.0012725002771803724, 0.999999181540469, -0.00013289633775926467], [2.3895153291004948e-05, 0.0001328660387045565, 0.9999999908878185]], "center": [-0.0037169476680327463, -0.03173438029422046, 0.0009394970845146836]}}, {"key": 4, "value": {"rotation": [[0.9999980216848322, -0.001917571066625207, 0.0005287226365536391], [0.0019174944333015442, 0.9999981510339023, 0.00014540933717302902], [-0.0005290004917012514, -0.00014439522679517594, 0.9999998496542377]], "center": [-0.005043566693024628, -0.0425520753963779, 0.0010983067157469594]}}, {"key": 5, "value": {"rotation": [[0.9999969893715106, -0.0022941495989216958, 0.0008707040444846636], [0.002292515455425057, 0.999995617761211, 0.0018731874601757622], [-0.0008749976011121639, -0.0018711857182251435, 0.999997866519327]], "center": [-0.0060339021316990465, -0.05465166122117468, 0.0013415887326784883]}}, {"key": 6, "value": {"rotation": [[0.9999950949731525, -0.002719532051434877, 0.0015537615830973747], [0.00271516338938344, 0.9999923745907544, 0.0028068929643880747], [-0.001561383170411106, -0.002802660479936463, 0.9999948535751717]], "center": [-0.007885546323530064, -0.06590686578019031, 0.0013415933585725908]}}, {"key": 7, "value": {"rotation": [[0.9999938804691694, -0.0029629833185194393, 0.0018600414154455675], [0.0029543271071123946, 0.9999848738554531, 0.004639397766770839], [-0.0018737597383812613, -0.004633874205059152, 0.9999875080391226]], "center": [-0.008650256432907935, -0.07809354554330827, 0.0014979346151975997]}}, {"key": 8, "value": {"rotation": [[0.9999906859530947, -0.0030820674140765547, 0.0030214015811898705], [0.0030630928010898853, 0.9999756851439878, 0.006264709355135991], [-0.003040636372807726, -0.0062553961719066156, 0.9999758119820602]], "center": [-0.01150274747981778, -0.08984212616417665, 0.0011814743095496906]}}, {"key": 9, "value": {"rotation": [[0.9999866198193645, -0.003653415475601546, 0.003662340454518156], [0.0036233724876592994, 0.9999600066955777, 0.0081765629206876], [-0.003692066366933268, -0.008163183493155387, 0.9999598647351797]], "center": [-0.012653610352850238, -0.10232541988574852, 0.0010286237089707387]}}], "structure": [], "control_points": []}