{"sfm_data_version": "0.3", "root_path": "/mnt/ST8000/jialei/SFM_E/ex_sea_12/6-3/images", "views": [{"key": 9, "value": {"polymorphic_id": 1073741824, "ptr_wrapper": {"id": 2147483649, "data": {"local_path": "", "filename": "087511_13303.979266.jpg", "width": 1920, "height": 1080, "id_view": 9, "id_intrinsic": 0, "id_pose": 9}}}}, {"key": 8, "value": {"polymorphic_id": 1073741824, "ptr_wrapper": {"id": 2147483650, "data": {"local_path": "", "filename": "087510_13303.879656.jpg", "width": 1920, "height": 1080, "id_view": 8, "id_intrinsic": 0, "id_pose": 8}}}}, {"key": 7, "value": {"polymorphic_id": 1073741824, "ptr_wrapper": {"id": 2147483651, "data": {"local_path": "", "filename": "087509_13303.781047.jpg", "width": 1920, "height": 1080, "id_view": 7, "id_intrinsic": 0, "id_pose": 7}}}}, {"key": 6, "value": {"polymorphic_id": 1073741824, "ptr_wrapper": {"id": 2147483652, "data": {"local_path": "", "filename": "087508_13303.679461.jpg", "width": 1920, "height": 1080, "id_view": 6, "id_intrinsic": 0, "id_pose": 6}}}}, {"key": 5, "value": {"polymorphic_id": 1073741824, "ptr_wrapper": {"id": 2147483653, "data": {"local_path": "", "filename": "087507_13303.580852.jpg", "width": 1920, "height": 1080, "id_view": 5, "id_intrinsic": 0, "id_pose": 5}}}}, {"key": 4, "value": {"polymorphic_id": 1073741824, "ptr_wrapper": {"id": 2147483654, "data": {"local_path": "", "filename": "087506_13303.479266.jpg", "width": 1920, "height": 1080, "id_view": 4, "id_intrinsic": 0, "id_pose": 4}}}}, {"key": 3, "value": {"polymorphic_id": 1073741824, "ptr_wrapper": {"id": 2147483655, "data": {"local_path": "", "filename": "087505_13303.379656.jpg", "width": 1920, "height": 1080, "id_view": 3, "id_intrinsic": 0, "id_pose": 3}}}}, {"key": 2, "value": {"polymorphic_id": 1073741824, "ptr_wrapper": {"id": 2147483656, "data": {"local_path": "", "filename": "087504_13303.248047.jpg", "width": 1920, "height": 1080, "id_view": 2, "id_intrinsic": 0, "id_pose": 2}}}}, {"key": 1, "value": {"polymorphic_id": 1073741824, "ptr_wrapper": {"id": 2147483657, "data": {"local_path": "", "filename": "087503_13303.179461.jpg", "width": 1920, "height": 1080, "id_view": 1, "id_intrinsic": 0, "id_pose": 1}}}}, {"key": 0, "value": {"polymorphic_id": 1073741824, "ptr_wrapper": {"id": 2147483658, "data": {"local_path": "", "filename": "087502_13303.047852.jpg", "width": 1920, "height": 1080, "id_view": 0, "id_intrinsic": 0, "id_pose": 0}}}}], "intrinsics": [{"key": 0, "value": {"polymorphic_id": 2147483649, "polymorphic_name": "pinhole_radial_k3", "ptr_wrapper": {"id": 2147483659, "data": {"width": 1920, "height": 1080, "focal_length": 1739.13, "principal_point": [960.0, 540.0], "disto_k3": [0.0, 0.0, 0.0]}}}}], "extrinsics": [{"key": 0, "value": {"rotation": [[0.9999999994346922, 2.4891640676302866e-05, 2.2605791085514168e-05], [-2.4891451667736682e-05, 0.999999999655252, -8.361311283515623e-06], [-2.2605999204476915e-05, 8.360748587832713e-06, 0.9999999997095332]], "center": [102655.28827440145, -59731.17478745302, 609.3316321526754]}}, {"key": 1, "value": {"rotation": [[0.9999998746715508, 0.00019898804665522934, -0.0004594133650548483], [-0.00019915121020983053, 0.9999999171079363, -0.00035513788294615846], [0.0004593426587795104, 0.00035522933116489166, 0.9999998314082079]], "center": [102653.96186371111, -59737.643023154356, 609.3167786020689]}}, {"key": 2, "value": {"rotation": [[0.9999999829549912, -5.996339491696945e-05, -0.00017462648343040497], [6.012769559969348e-05, 0.9999995554366728, 0.0009410160023458402], [0.0001745699792836594, -0.0009410264861942907, 0.9999995419971324]], "center": [102653.31864078998, -59744.80342175134, 609.4430473965446]}}, {"key": 3, "value": {"rotation": [[0.9999993927876185, -0.0010805832961754587, -0.00021625016633279923], [0.0010805452846992913, 0.9999994007552746, -0.0001758151842924135], [0.00021644001969730548, 0.00017558140943766515, 0.9999999611624424]], "center": [102652.86518110595, -59750.624923239535, 609.8484889219972]}}, {"key": 4, "value": {"rotation": [[0.9999984545795526, -0.0017256275378906495, 0.0003362262736501312], [0.0017255932081927912, 0.9999985059234924, 0.0001023663171532643], [-0.00033640241743824523, -0.00010178596918005734, 0.999999938236513]], "center": [102652.05205811752, -59757.26609889864, 609.9464229861431]}}, {"key": 5, "value": {"rotation": [[0.9999975603982888, -0.0021021916547358447, 0.0006782239437771704], [0.0021009474215376127, 0.9999961184201327, 0.0018300722936388288], [-0.0006820684739000825, -0.0018286429161454456, 0.9999980954220272]], "center": [102651.44554190463, -59764.694190234906, 610.0962087895488]}}, {"key": 6, "value": {"rotation": [[0.9999958791800896, -0.002527545288676665, 0.0013612999866198603], [0.0025237757663493644, 0.9999929962441727, 0.0027636965251534667], [-0.0013682758205386986, -0.002760249520540853, 0.9999952544106712]], "center": [102650.31013678272, -59771.60402061039, 610.0967253990951]}}, {"key": 7, "value": {"rotation": [[0.9999947703820544, -0.002770983702691832, 0.0016675904358946273], [0.002763293800978995, 0.999985619677349, 0.004596155554166924], [-0.0016803023275418281, -0.004591523475715285, 0.9999880471766949]], "center": [102649.84213278552, -59779.0855549376, 610.1931135514587]}}, {"key": 8, "value": {"rotation": [[0.9999918223654068, -0.0028900188064353302, 0.0028289562760155868], [0.002872374241375253, 0.9999765212588517, 0.006221446557089988], [-0.0028468699532368134, -0.006213269859236172, 0.9999766450318355]], "center": [102648.09232476373, -59786.29839694321, 609.999482404971]}}, {"key": 9, "value": {"rotation": [[0.9999879893162167, -0.003461340262290216, 0.003469920301534156], [0.003433025082742005, 0.9999610319971163, 0.008133192856650918], [-0.003497936833565671, -0.008121182848013095, 0.9999609046493054]], "center": [102647.38725853988, -59793.962077293974, 609.9061099421366]}}], "structure": [], "control_points": []}