{"sfm_data_version": "0.3", "root_path": "/mnt/ST8000/jialei/SFM_E/ex_sea_12/1-5/images", "views": [{"key": 9, "value": {"polymorphic_id": 1073741824, "ptr_wrapper": {"id": 2147483649, "data": {"local_path": "", "filename": "075418_15357.965820.jpg", "width": 1920, "height": 1080, "id_view": 9, "id_intrinsic": 0, "id_pose": 9}}}}, {"key": 8, "value": {"polymorphic_id": 1073741824, "ptr_wrapper": {"id": 2147483650, "data": {"local_path": "", "filename": "075417_15357.866211.jpg", "width": 1920, "height": 1080, "id_view": 8, "id_intrinsic": 0, "id_pose": 8}}}}, {"key": 7, "value": {"polymorphic_id": 1073741824, "ptr_wrapper": {"id": 2147483651, "data": {"local_path": "", "filename": "075416_15357.766602.jpg", "width": 1920, "height": 1080, "id_view": 7, "id_intrinsic": 0, "id_pose": 7}}}}, {"key": 6, "value": {"polymorphic_id": 1073741824, "ptr_wrapper": {"id": 2147483652, "data": {"local_path": "", "filename": "075415_15357.666016.jpg", "width": 1920, "height": 1080, "id_view": 6, "id_intrinsic": 0, "id_pose": 6}}}}, {"key": 5, "value": {"polymorphic_id": 1073741824, "ptr_wrapper": {"id": 2147483653, "data": {"local_path": "", "filename": "075414_15357.566406.jpg", "width": 1920, "height": 1080, "id_view": 5, "id_intrinsic": 0, "id_pose": 5}}}}, {"key": 4, "value": {"polymorphic_id": 1073741824, "ptr_wrapper": {"id": 2147483654, "data": {"local_path": "", "filename": "075413_15357.497820.jpg", "width": 1920, "height": 1080, "id_view": 4, "id_intrinsic": 0, "id_pose": 4}}}}, {"key": 3, "value": {"polymorphic_id": 1073741824, "ptr_wrapper": {"id": 2147483655, "data": {"local_path": "", "filename": "075412_15357.398211.jpg", "width": 1920, "height": 1080, "id_view": 3, "id_intrinsic": 0, "id_pose": 3}}}}, {"key": 2, "value": {"polymorphic_id": 1073741824, "ptr_wrapper": {"id": 2147483656, "data": {"local_path": "", "filename": "075411_15357.299602.jpg", "width": 1920, "height": 1080, "id_view": 2, "id_intrinsic": 0, "id_pose": 2}}}}, {"key": 1, "value": {"polymorphic_id": 1073741824, "ptr_wrapper": {"id": 2147483657, "data": {"local_path": "", "filename": "075410_15357.198016.jpg", "width": 1920, "height": 1080, "id_view": 1, "id_intrinsic": 0, "id_pose": 1}}}}, {"key": 0, "value": {"polymorphic_id": 1073741824, "ptr_wrapper": {"id": 2147483658, "data": {"local_path": "", "filename": "075409_15357.099406.jpg", "width": 1920, "height": 1080, "id_view": 0, "id_intrinsic": 0, "id_pose": 0}}}}], "intrinsics": [{"key": 0, "value": {"polymorphic_id": 2147483649, "polymorphic_name": "pinhole_radial_k3", "ptr_wrapper": {"id": 2147483659, "data": {"width": 1920, "height": 1080, "focal_length": 1739.13, "principal_point": [960.0, 540.0], "disto_k3": [0.0, 0.0, 0.0]}}}}], "extrinsics": [{"key": 0, "value": {"rotation": [[0.999999875434336, -0.00038608640871824914, 0.0003163362093144369], [0.0003861346633291426, 0.9999999138225996, -0.0001524952953793675], [-0.00031627730569244424, 0.00015261742475941576, 0.9999999383382918]], "center": [0.00022726055073437053, -0.0005053510955974547, 0.00028776122160829415]}}, {"key": 1, "value": {"rotation": [[0.9999995330309008, 0.00012610977599095146, 0.000958141067191796], [-0.00012616281962719473, 0.999999990512385, 5.530074891959124e-05], [-0.0009581340841362642, -5.542160487448724e-05, 0.9999995394536552]], "center": [-0.00016332661918650555, -0.011415554018858689, 0.0010689639093954544]}}, {"key": 2, "value": {"rotation": [[0.9999987690188553, -0.0010585483106870424, 0.0011582038886382288], [0.0010588933821783272, 0.9999993951595134, -0.0002973641081254579], [-0.0011578884138353075, 0.00029859015650873154, 0.9999992850689141]], "center": [0.0007222726033191291, -0.022664887566029274, 0.0017833766774902502]}}, {"key": 3, "value": {"rotation": [[0.9999987418480154, -0.0015861738087636825, 1.88423606263914e-05], [0.00158618782381754, 0.9999984465834537, -0.0007686604369421638], [-1.7623102303465026e-05, 0.0007686893573735384, 0.9999997044030052]], "center": [0.0007427353381737874, -0.03307305414065139, 0.0028559256627207485]}}, {"key": 4, "value": {"rotation": [[0.9999967469865079, -0.0018958214722962891, 0.001706422382525448], [0.001894414637588324, 0.999997864725258, 0.000825674334215404], [-0.0017079840699768135, -0.0008224389767462481, 0.9999982031906587]], "center": [0.00030195072338695553, -0.04555783748368735, 0.0017189554499694518]}}, {"key": 5, "value": {"rotation": [[0.9999955136564584, -0.002656982915608045, 0.001383151742291593], [0.0026558403677280876, 0.9999961310945511, 0.0008272290317259225], [-0.0013853443244129246, -0.0008235518902603836, 0.99999870129085]], "center": [0.0006772540752704764, -0.056779136145120236, 0.0024173944664659308]}}, {"key": 6, "value": {"rotation": [[0.9999927988482706, -0.003198538940952279, 0.002042449569845657], [0.0031952221626399134, 0.9999935747411569, 0.0016251251440019246], [-0.002047634472635564, -0.0016185873610974916, 0.9999965936782088]], "center": [-0.0004147845420855487, -0.0685110728655645, 0.0022229908886237082]}}, {"key": 7, "value": {"rotation": [[0.9999882299815782, -0.004630919780631663, 0.0014472319424103444], [0.004630685927490857, 0.9999892647210173, 0.00016489560290034778], [-0.001447980024280961, -0.00015819198548650551, 0.9999989391640096]], "center": [0.00039150544687157344, -0.07868762675949449, 0.003974476004212472]}}, {"key": 8, "value": {"rotation": [[0.9999823142378973, -0.005828332034200188, 0.0011839582416512367], [0.005828939728823478, 0.9999828812928762, -0.0005104731482676933], [-0.0011809627668142454, 0.0005173653413931081, 0.9999991688296779]], "center": [0.00038135687385808074, -0.08909829137541915, 0.004984530834693931]}}, {"key": 9, "value": {"rotation": [[0.9999763969967388, -0.006869797363071754, 0.00010645943349884583], [0.006869959394281948, 0.9999751138883562, -0.001604762253308451], [-9.543239264141666e-05, 0.0016054557480850503, 0.9999987067014132]], "center": [0.000951014782174138, -0.09943885917220667, 0.006739423486195445]}}], "structure": [], "control_points": []}