{"sfm_data_version": "0.3", "root_path": "/mnt/ST8000/jialei/SFM_E/ex_sea_12/1-5/images", "views": [{"key": 9, "value": {"polymorphic_id": 1073741824, "ptr_wrapper": {"id": 2147483649, "data": {"local_path": "", "filename": "075418_15357.965820.jpg", "width": 1920, "height": 1080, "id_view": 9, "id_intrinsic": 0, "id_pose": 9}}}}, {"key": 8, "value": {"polymorphic_id": 1073741824, "ptr_wrapper": {"id": 2147483650, "data": {"local_path": "", "filename": "075417_15357.866211.jpg", "width": 1920, "height": 1080, "id_view": 8, "id_intrinsic": 0, "id_pose": 8}}}}, {"key": 7, "value": {"polymorphic_id": 1073741824, "ptr_wrapper": {"id": 2147483651, "data": {"local_path": "", "filename": "075416_15357.766602.jpg", "width": 1920, "height": 1080, "id_view": 7, "id_intrinsic": 0, "id_pose": 7}}}}, {"key": 6, "value": {"polymorphic_id": 1073741824, "ptr_wrapper": {"id": 2147483652, "data": {"local_path": "", "filename": "075415_15357.666016.jpg", "width": 1920, "height": 1080, "id_view": 6, "id_intrinsic": 0, "id_pose": 6}}}}, {"key": 5, "value": {"polymorphic_id": 1073741824, "ptr_wrapper": {"id": 2147483653, "data": {"local_path": "", "filename": "075414_15357.566406.jpg", "width": 1920, "height": 1080, "id_view": 5, "id_intrinsic": 0, "id_pose": 5}}}}, {"key": 4, "value": {"polymorphic_id": 1073741824, "ptr_wrapper": {"id": 2147483654, "data": {"local_path": "", "filename": "075413_15357.497820.jpg", "width": 1920, "height": 1080, "id_view": 4, "id_intrinsic": 0, "id_pose": 4}}}}, {"key": 3, "value": {"polymorphic_id": 1073741824, "ptr_wrapper": {"id": 2147483655, "data": {"local_path": "", "filename": "075412_15357.398211.jpg", "width": 1920, "height": 1080, "id_view": 3, "id_intrinsic": 0, "id_pose": 3}}}}, {"key": 2, "value": {"polymorphic_id": 1073741824, "ptr_wrapper": {"id": 2147483656, "data": {"local_path": "", "filename": "075411_15357.299602.jpg", "width": 1920, "height": 1080, "id_view": 2, "id_intrinsic": 0, "id_pose": 2}}}}, {"key": 1, "value": {"polymorphic_id": 1073741824, "ptr_wrapper": {"id": 2147483657, "data": {"local_path": "", "filename": "075410_15357.198016.jpg", "width": 1920, "height": 1080, "id_view": 1, "id_intrinsic": 0, "id_pose": 1}}}}, {"key": 0, "value": {"polymorphic_id": 1073741824, "ptr_wrapper": {"id": 2147483658, "data": {"local_path": "", "filename": "075409_15357.099406.jpg", "width": 1920, "height": 1080, "id_view": 0, "id_intrinsic": 0, "id_pose": 0}}}}], "intrinsics": [{"key": 0, "value": {"polymorphic_id": 2147483649, "polymorphic_name": "pinhole_radial_k3", "ptr_wrapper": {"id": 2147483659, "data": {"width": 1920, "height": 1080, "focal_length": 1739.13, "principal_point": [960.0, 540.0], "disto_k3": [0.0, 0.0, 0.0]}}}}], "extrinsics": [{"key": 0, "value": {"rotation": [[0.9999999856455138, 0.00015959785848037477, 5.6898995582066965e-05], [-0.00015959451004673409, 0.9999999855332283, -5.884841442128456e-05], [-5.690838683983901e-05, 5.8839332809223834e-05, 0.9999999966496842]], "center": [102655.28827448831, -59731.17478745696, 609.3316321756697]}}, {"key": 1, "value": {"rotation": [[0.9999995302596739, 0.0006717337013742604, 0.000698751934745593], [-0.0006718380282015892, 0.9999997632043034, 0.00014908051966246101], [-0.0006986516268748876, -0.00014954989775541345, 0.9999997447603336]], "center": [102655.05180195112, -59737.886087558225, 609.8116016668262]}}, {"key": 2, "value": {"rotation": [[0.999999464610078, -0.000512943347623889, 0.0008987038885701197], [0.0005131267824956692, 0.9999998475645113, -0.00020389178459092225], [-0.0008985991666412309, 0.00020435282446402213, 0.9999995753796402]], "center": [102655.60044501732, -59744.8055626938, 610.2502639036692]}}, {"key": 3, "value": {"rotation": [[0.9999994297491739, -0.001040462129172333, -0.00024070705238608722], [0.0010402993666573425, 0.9999992308564142, -0.0006753249651326414], [0.00024140951729886666, 0.0006750741726338627, 0.9999997429981201]], "center": [102655.61669697725, -59751.20792714989, 610.9094107795171]}}, {"key": 4, "value": {"rotation": [[0.9999980417058153, -0.0013502688005985156, 0.001446844394234703], [0.0013489400952747367, 0.9999986679634928, 0.0009189297364750995], [-0.001448083269138324, -0.0009169762305253352, 0.9999985311036402]], "center": [102655.34956920764, -59758.887695333695, 610.2093837999886]}}, {"key": 5, "value": {"rotation": [[0.9999971398605975, -0.0021114005403800166, 0.0011235027295871639], [0.0021103670358129044, 0.9999973497081182, 0.0009202867567777808], [-0.00112544284593264, -0.0009179131215041993, 0.9999989454063948]], "center": [102655.58430525716, -59765.79009592478, 610.6383032444528]}}, {"key": 6, "value": {"rotation": [[0.9999948916306324, -0.002653019678109444, 0.0017827504670083144], [0.002649957143106879, 0.9999950130158051, 0.0017180426828539515], [-0.0017872995775054326, -0.0017133096941229092, 0.9999969350603591]], "center": [102654.916473474, -59773.00704322092, 610.5182187048741]}}, {"key": 7, "value": {"rotation": [[0.9999909499695812, -0.004085347075893264, 0.0011873997659092234], [0.004085044138145477, 0.99999162303432, 0.0002574404324531143], [-0.0011884415526201564, -0.0002525875221560266, 0.9999992619028373]], "center": [102655.41613697066, -59779.2667125407, 611.5948832762721]}}, {"key": 8, "value": {"rotation": [[0.9999856193354453, -0.0052827377303620825, 0.0009240153558519898], [0.00528312597823105, 0.9999859567291108, -0.0004182397197340238], [-0.0009217929289063301, 0.0004231153946996996, 0.999999485635447]], "center": [102655.413550056, -59785.670620278404, 612.2155932545853]}}, {"key": 9, "value": {"rotation": [[0.9999799908527579, -0.006324105268925222, -0.0001535795106743368], [0.006323865776576276, 0.9999788598561236, -0.0015127995529040908], [0.00016314336760465798, 0.001511798066863531, 0.9999988439247549]], "center": [102655.76771116201, -59792.03125806046, 613.2943821820728]}}], "structure": [], "control_points": []}