{"sfm_data_version": "0.3", "root_path": "/mnt/ST8000/jialei/SFM_E/ex_sea_12/6-3/images", "views": [{"key": 9, "value": {"polymorphic_id": 1073741824, "ptr_wrapper": {"id": 2147483649, "data": {"local_path": "", "filename": "087511_13303.979266.jpg", "width": 1920, "height": 1080, "id_view": 9, "id_intrinsic": 0, "id_pose": 9}}}}, {"key": 8, "value": {"polymorphic_id": 1073741824, "ptr_wrapper": {"id": 2147483650, "data": {"local_path": "", "filename": "087510_13303.879656.jpg", "width": 1920, "height": 1080, "id_view": 8, "id_intrinsic": 0, "id_pose": 8}}}}, {"key": 7, "value": {"polymorphic_id": 1073741824, "ptr_wrapper": {"id": 2147483651, "data": {"local_path": "", "filename": "087509_13303.781047.jpg", "width": 1920, "height": 1080, "id_view": 7, "id_intrinsic": 0, "id_pose": 7}}}}, {"key": 6, "value": {"polymorphic_id": 1073741824, "ptr_wrapper": {"id": 2147483652, "data": {"local_path": "", "filename": "087508_13303.679461.jpg", "width": 1920, "height": 1080, "id_view": 6, "id_intrinsic": 0, "id_pose": 6}}}}, {"key": 5, "value": {"polymorphic_id": 1073741824, "ptr_wrapper": {"id": 2147483653, "data": {"local_path": "", "filename": "087507_13303.580852.jpg", "width": 1920, "height": 1080, "id_view": 5, "id_intrinsic": 0, "id_pose": 5}}}}, {"key": 4, "value": {"polymorphic_id": 1073741824, "ptr_wrapper": {"id": 2147483654, "data": {"local_path": "", "filename": "087506_13303.479266.jpg", "width": 1920, "height": 1080, "id_view": 4, "id_intrinsic": 0, "id_pose": 4}}}}, {"key": 3, "value": {"polymorphic_id": 1073741824, "ptr_wrapper": {"id": 2147483655, "data": {"local_path": "", "filename": "087505_13303.379656.jpg", "width": 1920, "height": 1080, "id_view": 3, "id_intrinsic": 0, "id_pose": 3}}}}, {"key": 2, "value": {"polymorphic_id": 1073741824, "ptr_wrapper": {"id": 2147483656, "data": {"local_path": "", "filename": "087504_13303.248047.jpg", "width": 1920, "height": 1080, "id_view": 2, "id_intrinsic": 0, "id_pose": 2}}}}, {"key": 1, "value": {"polymorphic_id": 1073741824, "ptr_wrapper": {"id": 2147483657, "data": {"local_path": "", "filename": "087503_13303.179461.jpg", "width": 1920, "height": 1080, "id_view": 1, "id_intrinsic": 0, "id_pose": 1}}}}, {"key": 0, "value": {"polymorphic_id": 1073741824, "ptr_wrapper": {"id": 2147483658, "data": {"local_path": "", "filename": "087502_13303.047852.jpg", "width": 1920, "height": 1080, "id_view": 0, "id_intrinsic": 0, "id_pose": 0}}}}], "intrinsics": [{"key": 0, "value": {"polymorphic_id": 2147483649, "polymorphic_name": "pinhole_radial_k3", "ptr_wrapper": {"id": 2147483659, "data": {"width": 1920, "height": 1080, "focal_length": 1739.13, "principal_point": [960.0, 540.0], "disto_k3": [0.0, 0.0, 0.0]}}}}], "extrinsics": [{"key": 0, "value": {"rotation": [[0.9999999723571182, -7.372721139559285e-05, 0.00022327127241134273], [7.372605454593819e-05, 0.9999999972687685, 5.189589669694184e-06], [-0.00022327165441551194, -5.173128616225767e-06, 0.9999999750615032]], "center": [0.00019247762088997434, -3.3990506271796605e-05, 0.00014385603393053103]}}, {"key": 1, "value": {"rotation": [[0.9999999704224292, 7.397460367739312e-05, -0.00023169570315677618], [-7.404977443391205e-05, 0.9999999446258245, -0.0003244456483646361], [0.00023167168958857938, 0.0003244627957828678, 0.9999999205260581]], "center": [-0.0019902787381081708, -0.010797594499801081, 4.747971244851947e-05]}}, {"key": 2, "value": {"rotation": [[0.9999999953960304, -8.988700007475269e-05, 3.3589683301008535e-05], [8.985522053897982e-05, 0.9999995495289833, 0.0009449168586344387], [-3.367460391155383e-05, -0.0009449138360756753, 0.9999995530018319]], "center": [-0.0030644504189820433, -0.02269999298593929, 0.000166904602713904]}}, {"key": 3, "value": {"rotation": [[0.9999992957512597, -0.0011868010677761592, -4.591517760084108e-07], [0.0011868009940768057, 0.9999992864421368, -0.00013645005616210506], [6.210905207211215e-07, 0.000136449415145538, 0.9999999906905858]], "center": [-0.003967597630466773, -0.032545632972903214, 0.0008762908039545976]}}, {"key": 4, "value": {"rotation": [[0.9999982306149853, -0.0018096875259695005, 0.0005136126533798192], [0.001809620613313493, 0.9999983540922829, 0.00013071327693825113], [-0.00051384835820755, -0.00012978360161133284, 0.9999998595580311]], "center": [-0.0053257556998743336, -0.04366421783631501, 0.0009567704040147837]}}, {"key": 5, "value": {"rotation": [[0.9999975382067074, -0.002058472971466801, 0.0008284138768027216], [0.002056959045795296, 0.9999962205623114, 0.0018242205394252392], [-0.0008321658545385178, -0.0018225120351538135, 0.9999979929729222]], "center": [-0.0063352513889129115, -0.05599055460284011, 0.0010905443342175184]}}, {"key": 6, "value": {"rotation": [[0.9999959943340233, -0.0024129351945458267, 0.001479547111699437], [0.002408873176946495, 0.9999933418016487, 0.0027411097000538693], [-0.001486151380648704, -0.002737534678732615, 0.9999951486172104]], "center": [-0.008202858161510555, -0.06747770173719299, 0.0009662660887113723]}}, {"key": 7, "value": {"rotation": [[0.9999952722283225, -0.002520208160089554, 0.0017618376297921122], [0.0025121939698450374, 0.9999865554439697, 0.0045362774123497585], [-0.0017732463060184155, -0.004531829887996496, 0.9999881589875976]], "center": [-0.008973003225064445, -0.07991297742862884, 0.001010704456962021]}}, {"key": 8, "value": {"rotation": [[0.9999926728980988, -0.0025229301954540206, 0.0028790577183908776], [0.0025052717385033616, 0.9999781305306485, 0.0061206269241775215], [-0.002894436669408488, -0.0061133692557849475, 0.999977124214704]], "center": [-0.011799061086629047, -0.09186282921804954, 0.0004947279331904542]}}, {"key": 9, "value": {"rotation": [[0.9999895802767093, -0.0029519754067284035, 0.0034821228021617704], [0.0029240695339687183, 0.9999637874936872, 0.007992091005472577], [-0.0035055891618643205, -0.007981825760896401, 0.999961999929073]], "center": [-0.012934878005666983, -0.10456716435882378, 0.0001802556406973888]}}], "structure": [], "control_points": []}