{"sfm_data_version": "0.3", "root_path": "/mnt/ST8000/jialei/SFM_E/ex_sea_12/6-3/images", "views": [{"key": 9, "value": {"polymorphic_id": 1073741824, "ptr_wrapper": {"id": 2147483649, "data": {"local_path": "", "filename": "087511_13303.979266.jpg", "width": 1920, "height": 1080, "id_view": 9, "id_intrinsic": 0, "id_pose": 9}}}}, {"key": 8, "value": {"polymorphic_id": 1073741824, "ptr_wrapper": {"id": 2147483650, "data": {"local_path": "", "filename": "087510_13303.879656.jpg", "width": 1920, "height": 1080, "id_view": 8, "id_intrinsic": 0, "id_pose": 8}}}}, {"key": 7, "value": {"polymorphic_id": 1073741824, "ptr_wrapper": {"id": 2147483651, "data": {"local_path": "", "filename": "087509_13303.781047.jpg", "width": 1920, "height": 1080, "id_view": 7, "id_intrinsic": 0, "id_pose": 7}}}}, {"key": 6, "value": {"polymorphic_id": 1073741824, "ptr_wrapper": {"id": 2147483652, "data": {"local_path": "", "filename": "087508_13303.679461.jpg", "width": 1920, "height": 1080, "id_view": 6, "id_intrinsic": 0, "id_pose": 6}}}}, {"key": 5, "value": {"polymorphic_id": 1073741824, "ptr_wrapper": {"id": 2147483653, "data": {"local_path": "", "filename": "087507_13303.580852.jpg", "width": 1920, "height": 1080, "id_view": 5, "id_intrinsic": 0, "id_pose": 5}}}}, {"key": 4, "value": {"polymorphic_id": 1073741824, "ptr_wrapper": {"id": 2147483654, "data": {"local_path": "", "filename": "087506_13303.479266.jpg", "width": 1920, "height": 1080, "id_view": 4, "id_intrinsic": 0, "id_pose": 4}}}}, {"key": 3, "value": {"polymorphic_id": 1073741824, "ptr_wrapper": {"id": 2147483655, "data": {"local_path": "", "filename": "087505_13303.379656.jpg", "width": 1920, "height": 1080, "id_view": 3, "id_intrinsic": 0, "id_pose": 3}}}}, {"key": 2, "value": {"polymorphic_id": 1073741824, "ptr_wrapper": {"id": 2147483656, "data": {"local_path": "", "filename": "087504_13303.248047.jpg", "width": 1920, "height": 1080, "id_view": 2, "id_intrinsic": 0, "id_pose": 2}}}}, {"key": 1, "value": {"polymorphic_id": 1073741824, "ptr_wrapper": {"id": 2147483657, "data": {"local_path": "", "filename": "087503_13303.179461.jpg", "width": 1920, "height": 1080, "id_view": 1, "id_intrinsic": 0, "id_pose": 1}}}}, {"key": 0, "value": {"polymorphic_id": 1073741824, "ptr_wrapper": {"id": 2147483658, "data": {"local_path": "", "filename": "087502_13303.047852.jpg", "width": 1920, "height": 1080, "id_view": 0, "id_intrinsic": 0, "id_pose": 0}}}}], "intrinsics": [{"key": 0, "value": {"polymorphic_id": 2147483649, "polymorphic_name": "pinhole_radial_k3", "ptr_wrapper": {"id": 2147483659, "data": {"width": 1920, "height": 1080, "focal_length": 1739.13, "principal_point": [960.0, 540.0], "disto_k3": [0.0, 0.0, 0.0]}}}}], "extrinsics": [{"key": 0, "value": {"rotation": [[0.9999999768770127, 0.0002115223584348015, 3.8784866234930696e-05], [-0.0002115197744752352, 0.9999999754109207, -6.66148847761997e-05], [-3.879895581878112e-05, 6.660667946970555e-05, 0.9999999970290958]], "center": [102655.28827440842, -59731.17478743739, 609.3316321628786]}}, {"key": 1, "value": {"rotation": [[0.9999998488825456, 0.0003591914801491159, -0.000416192703703125], [-0.0003593563881252996, 0.9999998569352098, -0.0003962228491579765], [0.00041605032428895973, 0.00039637235078853985, 0.9999998348955303]], "center": [102653.94898105171, -59737.78874401469, 609.2731370936953]}}, {"key": 2, "value": {"rotation": [[0.9999999695346581, 0.00019534894963803138, -0.00015089556328364307], [-0.00019521712906568628, 0.9999995997850244, 0.0008731094222204431], [0.0001510660639015476, -0.0008730799382222237, 0.9999996074551561]], "center": [102653.29106854438, -59745.10221564836, 609.347163107682]}}, {"key": 3, "value": {"rotation": [[0.9999995765001068, -0.0009015677163604961, -0.0001848655201966092], [0.0009015291751572849, 0.9999995718947312, -0.00020845982988927238], [0.0001850533817074851, 0.00020829307994661123, 0.999999961184619]], "center": [102652.73794639658, -59751.151880215744, 609.7835738004851]}}, {"key": 4, "value": {"rotation": [[0.9999987838717025, -0.0015244175187056985, 0.0003292511889569199], [0.001524398308353101, 0.999998836387906, 5.8588659859830875e-05], [-0.0003293401194157488, -5.808667865304921e-05, 0.9999999440805106]], "center": [102651.90540000753, -59757.9837982853, 609.8336679562557]}}, {"key": 5, "value": {"rotation": [[0.9999982205004766, -0.001773180534518769, 0.000644070394478943], [0.0017720497384884199, 0.9999968950747212, 0.0017520504104417325], [-0.0006471750963718069, -0.001750905967894776, 0.9999982577448259]], "center": [102651.28730283013, -59765.55774183679, 609.9165219379156]}}, {"key": 6, "value": {"rotation": [[0.9999968978524291, -0.002127596402941285, 0.001295229348600367], [0.002124133810149411, 0.9999941825644154, 0.0026688748345358934], [-0.0013009001021849589, -0.0026661153148410635, 0.9999955997343453]], "center": [102650.1417730747, -59772.61621697929, 609.8408790508288]}}, {"key": 7, "value": {"rotation": [[0.9999962584205131, -0.002234849289075959, 0.0015775276956037233], [0.00222778768964175, 0.999987554648706, 0.0044640239370242986], [-0.0015874844834394511, -0.004460492837743593, 0.9999887918855191]], "center": [102649.67075103713, -59780.25705876625, 609.8688195196298]}}, {"key": 8, "value": {"rotation": [[0.9999938659618379, -0.002237491800743842, 0.002694748437282083], [0.0022211601287578427, 0.9999792415865019, 0.0060483752997319545], [-0.002708225688720747, -0.006042352730981131, 0.9999780775032492]], "center": [102647.93634899959, -59787.6000226051, 609.5526312896253]}}, {"key": 9, "value": {"rotation": [[0.9999910069725416, -0.0026664945492742725, 0.003297844881328699], [0.0026403072226170257, 0.9999651524578551, 0.007919763109336592], [-0.003318847964702813, -0.007910984563030198, 0.9999632001085998]], "center": [102647.24065067392, -59795.406264734236, 609.3600966430191]}}], "structure": [], "control_points": []}