{"sfm_data_version": "0.3", "root_path": "/mnt/ST8000/jialei/SFM_E/ex_sea_12/1-5/images", "views": [{"key": 9, "value": {"polymorphic_id": 1073741824, "ptr_wrapper": {"id": 2147483649, "data": {"local_path": "", "filename": "075418_15357.965820.jpg", "width": 1920, "height": 1080, "id_view": 9, "id_intrinsic": 0, "id_pose": 9}}}}, {"key": 8, "value": {"polymorphic_id": 1073741824, "ptr_wrapper": {"id": 2147483650, "data": {"local_path": "", "filename": "075417_15357.866211.jpg", "width": 1920, "height": 1080, "id_view": 8, "id_intrinsic": 0, "id_pose": 8}}}}, {"key": 7, "value": {"polymorphic_id": 1073741824, "ptr_wrapper": {"id": 2147483651, "data": {"local_path": "", "filename": "075416_15357.766602.jpg", "width": 1920, "height": 1080, "id_view": 7, "id_intrinsic": 0, "id_pose": 7}}}}, {"key": 6, "value": {"polymorphic_id": 1073741824, "ptr_wrapper": {"id": 2147483652, "data": {"local_path": "", "filename": "075415_15357.666016.jpg", "width": 1920, "height": 1080, "id_view": 6, "id_intrinsic": 0, "id_pose": 6}}}}, {"key": 5, "value": {"polymorphic_id": 1073741824, "ptr_wrapper": {"id": 2147483653, "data": {"local_path": "", "filename": "075414_15357.566406.jpg", "width": 1920, "height": 1080, "id_view": 5, "id_intrinsic": 0, "id_pose": 5}}}}, {"key": 4, "value": {"polymorphic_id": 1073741824, "ptr_wrapper": {"id": 2147483654, "data": {"local_path": "", "filename": "075413_15357.497820.jpg", "width": 1920, "height": 1080, "id_view": 4, "id_intrinsic": 0, "id_pose": 4}}}}, {"key": 3, "value": {"polymorphic_id": 1073741824, "ptr_wrapper": {"id": 2147483655, "data": {"local_path": "", "filename": "075412_15357.398211.jpg", "width": 1920, "height": 1080, "id_view": 3, "id_intrinsic": 0, "id_pose": 3}}}}, {"key": 2, "value": {"polymorphic_id": 1073741824, "ptr_wrapper": {"id": 2147483656, "data": {"local_path": "", "filename": "075411_15357.299602.jpg", "width": 1920, "height": 1080, "id_view": 2, "id_intrinsic": 0, "id_pose": 2}}}}, {"key": 1, "value": {"polymorphic_id": 1073741824, "ptr_wrapper": {"id": 2147483657, "data": {"local_path": "", "filename": "075410_15357.198016.jpg", "width": 1920, "height": 1080, "id_view": 1, "id_intrinsic": 0, "id_pose": 1}}}}, {"key": 0, "value": {"polymorphic_id": 1073741824, "ptr_wrapper": {"id": 2147483658, "data": {"local_path": "", "filename": "075409_15357.099406.jpg", "width": 1920, "height": 1080, "id_view": 0, "id_intrinsic": 0, "id_pose": 0}}}}], "intrinsics": [{"key": 0, "value": {"polymorphic_id": 2147483649, "polymorphic_name": "pinhole_radial_k3", "ptr_wrapper": {"id": 2147483659, "data": {"width": 1920, "height": 1080, "focal_length": 1739.13, "principal_point": [960.0, 540.0], "disto_k3": [0.0, 0.0, 0.0]}}}}], "extrinsics": [{"key": 0, "value": {"rotation": [[0.9999998800266269, -0.0003676470048006015, 0.0003237011147279184], [0.0003677003734580253, 0.9999999188143935, -0.00016482609538288984], [-0.0003236404906277631, 0.0001649451006289282, 0.9999999340249711]], "center": [0.00022752216184413162, -0.0005118145166238668, 0.0003020336195640502]}}, {"key": 1, "value": {"rotation": [[0.9999995181049921, 0.00015208512233258012, 0.0009698762287815731], [-0.0001521357777297822, 0.9999999870672721, 5.2155160734129854e-05], [-0.000969868284214427, -5.230268847518983e-05, 0.9999995283098587]], "center": [-0.00016856655040482286, -0.011227982868738499, 0.0011221885130477006]}}, {"key": 2, "value": {"rotation": [[0.9999987717053941, -0.001046414667862531, 0.0011668779054427808], [0.0010467829711287375, 0.9999994024894516, -0.00031506531267646545], [-0.0011665475192564057, 0.00031628639360425757, 0.9999992695646345]], "center": [0.0006674631802526492, -0.02229075764062494, 0.0018397826676204555]}}, {"key": 3, "value": {"rotation": [[0.9999987353603733, -0.0015901671056174737, 2.5421063468608725e-05], [0.0015901870812801003, 0.9999984107560411, -0.0008060958000486605], [-2.413919604312107e-05, 0.000806135204874692, 0.9999996747816123]], "center": [0.0006745304403022308, -0.032512630501321804, 0.0029844091646218556]}}, {"key": 4, "value": {"rotation": [[0.9999967862159647, -0.00185796265185651, 0.0017249731960728722], [0.0018565887806837004, 0.9999979583588582, 0.0007977193838840218], [-0.0017264518071185891, -0.0007945142543033718, 0.9999981940539978]], "center": [0.0002221946009170553, -0.04480208001567165, 0.0017402421240536323]}}, {"key": 5, "value": {"rotation": [[0.9999955870285152, -0.002615249356823597, 0.001409395011112409], [0.002614110661558885, 0.9999962558281554, 0.0008091694014195045], [-0.0014115059138519932, -0.000805481516053138, 0.9999986794244192]], "center": [0.0005636794669036968, -0.055843477546730455, 0.0024455684701477896]}}, {"key": 6, "value": {"rotation": [[0.9999929394078634, -0.0031357106413551212, 0.0020708580820630327], [0.003132355815634778, 0.9999937798823211, 0.0016212784193615794], [-0.0020759290610742973, -0.0016147803078192732, 0.9999965414955647]], "center": [-0.0005259636621572269, -0.06738282273206925, 0.0022090955356048043]}}, {"key": 7, "value": {"rotation": [[0.9999882598640301, -0.004608251435722712, 0.0014980496706095932], [0.004608056485964819, 0.9999893739319523, 0.00013356124178355894], [-0.0014986492360160673, -0.00012665657625555472, 0.9999988690036499]], "center": [0.00019355255507160288, -0.07738481567088398, 0.00402141125022505]}}, {"key": 8, "value": {"rotation": [[0.9999822736828807, -0.005823673881733403, 0.0012398155253581658], [0.005824363434797752, 0.9999828851829684, -0.0005532917196319637], [-0.0012365721156057188, 0.000560503048019157, 0.9999990783624434]], "center": [0.00013979480720456908, -0.08761158391687254, 0.005055422217369454]}}, {"key": 9, "value": {"rotation": [[0.9999761161289497, -0.006909779608698354, 0.00014871927324112424], [0.0069100266980626854, 0.9999746280460785, -0.0017305476417616757], [-0.00013675779713567563, 0.0017315339637334463, 0.999998491542581]], "center": [0.0006668174936387704, -0.0977166561788672, 0.0069391378795648885]}}], "structure": [], "control_points": []}