{"sfm_data_version": "0.3", "root_path": "/mnt/ST8000/jialei/SFM_E/ex_sea_12/1-5/images", "views": [{"key": 9, "value": {"polymorphic_id": 1073741824, "ptr_wrapper": {"id": 2147483649, "data": {"local_path": "", "filename": "075418_15357.965820.jpg", "width": 1920, "height": 1080, "id_view": 9, "id_intrinsic": 0, "id_pose": 9}}}}, {"key": 8, "value": {"polymorphic_id": 1073741824, "ptr_wrapper": {"id": 2147483650, "data": {"local_path": "", "filename": "075417_15357.866211.jpg", "width": 1920, "height": 1080, "id_view": 8, "id_intrinsic": 0, "id_pose": 8}}}}, {"key": 7, "value": {"polymorphic_id": 1073741824, "ptr_wrapper": {"id": 2147483651, "data": {"local_path": "", "filename": "075416_15357.766602.jpg", "width": 1920, "height": 1080, "id_view": 7, "id_intrinsic": 0, "id_pose": 7}}}}, {"key": 6, "value": {"polymorphic_id": 1073741824, "ptr_wrapper": {"id": 2147483652, "data": {"local_path": "", "filename": "075415_15357.666016.jpg", "width": 1920, "height": 1080, "id_view": 6, "id_intrinsic": 0, "id_pose": 6}}}}, {"key": 5, "value": {"polymorphic_id": 1073741824, "ptr_wrapper": {"id": 2147483653, "data": {"local_path": "", "filename": "075414_15357.566406.jpg", "width": 1920, "height": 1080, "id_view": 5, "id_intrinsic": 0, "id_pose": 5}}}}, {"key": 4, "value": {"polymorphic_id": 1073741824, "ptr_wrapper": {"id": 2147483654, "data": {"local_path": "", "filename": "075413_15357.497820.jpg", "width": 1920, "height": 1080, "id_view": 4, "id_intrinsic": 0, "id_pose": 4}}}}, {"key": 3, "value": {"polymorphic_id": 1073741824, "ptr_wrapper": {"id": 2147483655, "data": {"local_path": "", "filename": "075412_15357.398211.jpg", "width": 1920, "height": 1080, "id_view": 3, "id_intrinsic": 0, "id_pose": 3}}}}, {"key": 2, "value": {"polymorphic_id": 1073741824, "ptr_wrapper": {"id": 2147483656, "data": {"local_path": "", "filename": "075411_15357.299602.jpg", "width": 1920, "height": 1080, "id_view": 2, "id_intrinsic": 0, "id_pose": 2}}}}, {"key": 1, "value": {"polymorphic_id": 1073741824, "ptr_wrapper": {"id": 2147483657, "data": {"local_path": "", "filename": "075410_15357.198016.jpg", "width": 1920, "height": 1080, "id_view": 1, "id_intrinsic": 0, "id_pose": 1}}}}, {"key": 0, "value": {"polymorphic_id": 1073741824, "ptr_wrapper": {"id": 2147483658, "data": {"local_path": "", "filename": "075409_15357.099406.jpg", "width": 1920, "height": 1080, "id_view": 0, "id_intrinsic": 0, "id_pose": 0}}}}], "intrinsics": [{"key": 0, "value": {"polymorphic_id": 2147483649, "polymorphic_name": "pinhole_radial_k3", "ptr_wrapper": {"id": 2147483659, "data": {"width": 1920, "height": 1080, "focal_length": 1739.13, "principal_point": [960.0, 540.0], "disto_k3": [0.0, 0.0, 0.0]}}}}], "extrinsics": [{"key": 0, "value": {"rotation": [[0.9999999781320515, 0.0001964781504913198, 7.163960370457291e-05], [-0.0001964721689837215, 0.9999999772138941, -8.349190615635823e-05], [-7.165600640748795e-05, 8.34778291422366e-05, 0.9999999939484344]], "center": [102655.28827450275, -59731.17478745023, 609.3316321829785]}}, {"key": 1, "value": {"rotation": [[0.999999485899698, 0.0007161574648926371, 0.000717857106465518], [-0.0007162535633514328, 0.9999997345631807, 0.00013362036304120987], [-0.0007177612226993605, -0.00013413446205743493, 0.9999997334133511]], "center": [102655.04817839852, -59737.77493658898, 609.836280710701]}}, {"key": 2, "value": {"rotation": [[0.9999994652707787, -0.0004823585649199744, 0.0009147613742559231], [0.0004825727184047272, 0.9999998562066301, -0.00023390231049224663], [-0.0009146484179364869, 0.0002343436243009182, 0.9999995542505693]], "center": [102655.56703499968, -59744.58812357713, 610.2775545610476]}}, {"key": 3, "value": {"rotation": [[0.9999994479377791, -0.001026018151913266, -0.00022673969457621092], [0.0010258535065587214, 0.9999992109488611, -0.0007250698163990544], [0.00022748345046002524, 0.0007248368144046406, 0.9999997114313944]], "center": [102655.575116862, -59750.88371771394, 610.982003822703]}}, {"key": 4, "value": {"rotation": [[0.9999980782843388, -0.001293952901795577, 0.0014727910639109802], [0.001292659696024774, 0.999998778477079, 0.0008786781327974904], [-0.0014739262329826629, -0.0008767726265789647, 0.999998529404529]], "center": [102655.30060490507, -59758.45274964919, 610.215188800278]}}, {"key": 5, "value": {"rotation": [[0.9999972267558445, -0.0020512145086066824, 0.0011571515287724405], [0.002050185279035986, 0.9999975023730285, 0.0008899370918528323], [-0.00115897409051421, -0.0008875622488101222, 0.9999989345055884]], "center": [102655.5148674294, -59765.25294184718, 610.648984878144]}}, {"key": 6, "value": {"rotation": [[0.9999950394839773, -0.002571730969061086, 0.0018185728642769342], [0.0025686364453426235, 0.9999952527843528, 0.0017019152655495392], [-0.0018229410993145527, -0.0016972355706339661, 0.9999968981337722]], "center": [102654.8477407481, -59772.36026464304, 610.5029342159828]}}, {"key": 7, "value": {"rotation": [[0.9999910462547962, -0.004044227603663608, 0.0012456457479314152], [0.0040439642994926405, 0.9999918002820064, 0.00021382585819911052], [-0.0012465002944256785, -0.00020878659672250003, 0.9999992013222675]], "center": [102655.29463935453, -59778.52022303188, 611.6185064280637]}}, {"key": 8, "value": {"rotation": [[0.9999856806372168, -0.005259632238880871, 0.0009873141524083724], [0.0052601015364745155, 0.9999860535460507, -0.00047333415526200275], [-0.000984810819294259, 0.0004785207501084598, 0.9999994005825914]], "center": [102655.26524429081, -59784.81884777901, 612.2548379863956]}}, {"key": 9, "value": {"rotation": [[0.9999798607495332, -0.006345652573818753, -0.00010386894772152543], [0.00634547249088251, 0.9999785045818902, -0.0016508643298943733], [0.00011434252649905632, 0.0016501719851735968, 0.9999986319281673]], "center": [102655.59363514707, -59791.04236204874, 613.4144093581367]}}], "structure": [], "control_points": []}