{"sfm_data_version": "0.3", "root_path": "/mnt/ST8000/jialei/SFM_E/ex_sea_12/6-1/images", "views": [{"key": 9, "value": {"polymorphic_id": 1073741824, "ptr_wrapper": {"id": 2147483649, "data": {"local_path": "", "filename": "104926_15025.847656.jpg", "width": 1920, "height": 1080, "id_view": 9, "id_intrinsic": 0, "id_pose": 9}}}}, {"key": 8, "value": {"polymorphic_id": 1073741824, "ptr_wrapper": {"id": 2147483650, "data": {"local_path": "", "filename": "104925_15025.748047.jpg", "width": 1920, "height": 1080, "id_view": 8, "id_intrinsic": 0, "id_pose": 8}}}}, {"key": 7, "value": {"polymorphic_id": 1073741824, "ptr_wrapper": {"id": 2147483651, "data": {"local_path": "", "filename": "104924_15025.647461.jpg", "width": 1920, "height": 1080, "id_view": 7, "id_intrinsic": 0, "id_pose": 7}}}}, {"key": 6, "value": {"polymorphic_id": 1073741824, "ptr_wrapper": {"id": 2147483652, "data": {"local_path": "", "filename": "104923_15025.547852.jpg", "width": 1920, "height": 1080, "id_view": 6, "id_intrinsic": 0, "id_pose": 6}}}}, {"key": 5, "value": {"polymorphic_id": 1073741824, "ptr_wrapper": {"id": 2147483653, "data": {"local_path": "", "filename": "104922_15025.447266.jpg", "width": 1920, "height": 1080, "id_view": 5, "id_intrinsic": 0, "id_pose": 5}}}}, {"key": 4, "value": {"polymorphic_id": 1073741824, "ptr_wrapper": {"id": 2147483654, "data": {"local_path": "", "filename": "104921_15025.347656.jpg", "width": 1920, "height": 1080, "id_view": 4, "id_intrinsic": 0, "id_pose": 4}}}}, {"key": 3, "value": {"polymorphic_id": 1073741824, "ptr_wrapper": {"id": 2147483655, "data": {"local_path": "", "filename": "104920_15025.280047.jpg", "width": 1920, "height": 1080, "id_view": 3, "id_intrinsic": 0, "id_pose": 3}}}}, {"key": 2, "value": {"polymorphic_id": 1073741824, "ptr_wrapper": {"id": 2147483656, "data": {"local_path": "", "filename": "104919_15025.248047.jpg", "width": 1920, "height": 1080, "id_view": 2, "id_intrinsic": 0, "id_pose": 2}}}}, {"key": 1, "value": {"polymorphic_id": 1073741824, "ptr_wrapper": {"id": 2147483657, "data": {"local_path": "", "filename": "104918_15025.147461.jpg", "width": 1920, "height": 1080, "id_view": 1, "id_intrinsic": 0, "id_pose": 1}}}}, {"key": 0, "value": {"polymorphic_id": 1073741824, "ptr_wrapper": {"id": 2147483658, "data": {"local_path": "", "filename": "104917_15025.047852.jpg", "width": 1920, "height": 1080, "id_view": 0, "id_intrinsic": 0, "id_pose": 0}}}}], "intrinsics": [{"key": 0, "value": {"polymorphic_id": 2147483649, "polymorphic_name": "pinhole_radial_k3", "ptr_wrapper": {"id": 2147483659, "data": {"width": 1920, "height": 1080, "focal_length": 1739.13, "principal_point": [960.0, 540.0], "disto_k3": [0.0, 0.0, 0.0]}}}}], "extrinsics": [{"key": 0, "value": {"rotation": [[0.9999989900060021, -0.000774778805071077, 0.0011915136502744816], [0.0007755194435385153, 0.9999995063037587, -0.0006212582647776263], [-0.0011910317242926393, 0.0006221816793135504, 0.9999990971662872]], "center": [0.0003316093515909037, -0.0016139186237325587, 0.0015684981230782813]}}, {"key": 1, "value": {"rotation": [[0.9999998610828608, 0.0002281934207817509, 0.0004751442118293099], [-0.00022831420791547387, 0.999999941634403, 0.00025417280193122736], [-0.00047508618353610656, -0.00025428124879661094, 0.9999998548170719]], "center": [0.0008942215631977466, -0.011072917647692254, 0.0017150866216750515]}}, {"key": 2, "value": {"rotation": [[0.9999987318485491, 0.0002575772404112719, 0.0015716091304019836], [-0.0002608051588849893, 0.9999978564585381, 0.002054034809523018], [-0.0015710766889746933, -0.002054442088464746, 0.9999966554872783]], "center": [0.0016375179910081742, -0.0225245639462709, 0.0010960252185858135]}}, {"key": 3, "value": {"rotation": [[0.9999972716047257, -5.086839434077647e-05, 0.0023354219128130594], [4.5654265774819565e-05, 0.9999975066428106, 0.0022326271185499676], [-0.0023355296599287152, -0.002232514405087983, 0.9999947805766981]], "center": [0.0018750443178652105, -0.032519116495326725, 0.0009151040086718405]}}, {"key": 4, "value": {"rotation": [[0.9999923523374239, -0.001246808036472104, 0.0037068499275767146], [0.0012409744859359225, 0.9999979887226753, 0.0015756055755437712], [-0.003708806949767396, -0.0015709934196606534, 0.9999918883324428]], "center": [0.002838538643437297, -0.041969828997158606, 0.000604945355645899]}}, {"key": 5, "value": {"rotation": [[0.9999894001760791, -0.0012700790413671772, 0.004425656416265624], [0.001260977988822114, 0.9999970860174686, 0.002058613874339192], [-0.004428258122316173, -0.002053011398067577, 0.9999880877661501]], "center": [0.0029589931900575713, -0.05208175704729358, 0.00021916547940585313]}}, {"key": 6, "value": {"rotation": [[0.9999837695542042, -0.0018283022809475397, 0.005396104051494831], [0.0018159130261241531, 0.9999957062896093, 0.0022999700492064823], [-0.005400285922673867, -0.0022901338640298327, 0.9999827959514294]], "center": [0.00310434099697338, -0.06182142345707343, -3.406901427553216e-05]}}, {"key": 7, "value": {"rotation": [[0.9999798822266158, -0.0017359845466317987, 0.006100942525391211], [0.0017181103628744984, 0.9999942205510236, 0.0029337623168273715], [-0.00610600023135066, -0.002923221203485763, 0.9999770855069481]], "center": [0.0032211241561233878, -0.072104764735086, -0.0005005807995442886]}}, {"key": 8, "value": {"rotation": [[0.9999731375293681, -0.002400842678891914, 0.006925328447336262], [0.002373715379684335, 0.9999894889843303, 0.0039226771666987315], [-0.0069346733858577135, -0.00390613303525373, 0.9999683257132408]], "center": [0.004694383431652285, -0.08270576601815516, -0.000634561914437317]}}, {"key": 9, "value": {"rotation": [[0.9999671799594605, -0.0028047280877448455, 0.007600822605386674], [0.002773702225163876, 0.9999877916976244, 0.004089380353365343], [-0.007612199412184495, -0.004068163721162705, 0.9999627515382995]], "center": [0.0054896852180533785, -0.09293254755277916, -0.000757747373081541]}}], "structure": [], "control_points": []}