{"sfm_data_version": "0.3", "root_path": "/mnt/ST8000/jialei/SFM_E/ex_sea_12/6-1/images", "views": [{"key": 9, "value": {"polymorphic_id": 1073741824, "ptr_wrapper": {"id": 2147483649, "data": {"local_path": "", "filename": "104926_15025.847656.jpg", "width": 1920, "height": 1080, "id_view": 9, "id_intrinsic": 0, "id_pose": 9}}}}, {"key": 8, "value": {"polymorphic_id": 1073741824, "ptr_wrapper": {"id": 2147483650, "data": {"local_path": "", "filename": "104925_15025.748047.jpg", "width": 1920, "height": 1080, "id_view": 8, "id_intrinsic": 0, "id_pose": 8}}}}, {"key": 7, "value": {"polymorphic_id": 1073741824, "ptr_wrapper": {"id": 2147483651, "data": {"local_path": "", "filename": "104924_15025.647461.jpg", "width": 1920, "height": 1080, "id_view": 7, "id_intrinsic": 0, "id_pose": 7}}}}, {"key": 6, "value": {"polymorphic_id": 1073741824, "ptr_wrapper": {"id": 2147483652, "data": {"local_path": "", "filename": "104923_15025.547852.jpg", "width": 1920, "height": 1080, "id_view": 6, "id_intrinsic": 0, "id_pose": 6}}}}, {"key": 5, "value": {"polymorphic_id": 1073741824, "ptr_wrapper": {"id": 2147483653, "data": {"local_path": "", "filename": "104922_15025.447266.jpg", "width": 1920, "height": 1080, "id_view": 5, "id_intrinsic": 0, "id_pose": 5}}}}, {"key": 4, "value": {"polymorphic_id": 1073741824, "ptr_wrapper": {"id": 2147483654, "data": {"local_path": "", "filename": "104921_15025.347656.jpg", "width": 1920, "height": 1080, "id_view": 4, "id_intrinsic": 0, "id_pose": 4}}}}, {"key": 3, "value": {"polymorphic_id": 1073741824, "ptr_wrapper": {"id": 2147483655, "data": {"local_path": "", "filename": "104920_15025.280047.jpg", "width": 1920, "height": 1080, "id_view": 3, "id_intrinsic": 0, "id_pose": 3}}}}, {"key": 2, "value": {"polymorphic_id": 1073741824, "ptr_wrapper": {"id": 2147483656, "data": {"local_path": "", "filename": "104919_15025.248047.jpg", "width": 1920, "height": 1080, "id_view": 2, "id_intrinsic": 0, "id_pose": 2}}}}, {"key": 1, "value": {"polymorphic_id": 1073741824, "ptr_wrapper": {"id": 2147483657, "data": {"local_path": "", "filename": "104918_15025.147461.jpg", "width": 1920, "height": 1080, "id_view": 1, "id_intrinsic": 0, "id_pose": 1}}}}, {"key": 0, "value": {"polymorphic_id": 1073741824, "ptr_wrapper": {"id": 2147483658, "data": {"local_path": "", "filename": "104917_15025.047852.jpg", "width": 1920, "height": 1080, "id_view": 0, "id_intrinsic": 0, "id_pose": 0}}}}], "intrinsics": [{"key": 0, "value": {"polymorphic_id": 2147483649, "polymorphic_name": "pinhole_radial_k3", "ptr_wrapper": {"id": 2147483659, "data": {"width": 1920, "height": 1080, "focal_length": 1739.13, "principal_point": [960.0, 540.0], "disto_k3": [0.0, 0.0, 0.0]}}}}], "extrinsics": [{"key": 0, "value": {"rotation": [[0.9999999547256323, 0.00016791170646385622, 0.00024970861523682943], [-0.00016793873040032908, 0.999999980044146, 0.00010820485288098603], [-0.0002496904413921855, -0.00010824678372989288, 0.999999962968658]], "center": [102655.28827501398, -59731.17478807349, 609.3316322733951]}}, {"key": 1, "value": {"rotation": [[0.9999992053582888, 0.001171406492740319, -0.00046592877151002096], [-0.0011709473080089986, 0.999998829741171, 0.0009845804640830095], [0.0004670815702009935, -0.000984034103653567, 0.999999406755669]], "center": [102655.67274055787, -59737.53598189617, 609.4252164685424]}}, {"key": 2, "value": {"rotation": [[0.9999990812104707, 0.0011999895687708083, 0.000630557887797189], [-0.001201740924161375, 0.9999954012615047, 0.002784470253752666], [-0.000627213652767296, -0.002785225462629375, 0.9999959245527734]], "center": [102656.1795005273, -59745.236804457345, 609.0027837290587]}}, {"key": 3, "value": {"rotation": [[0.9999986312493621, 0.0008909857231441783, 0.0013941462778393123], [-0.0008951132207969043, 0.9999952103606065, 0.0029627737289395478], [-0.0013914998112879847, -0.002964017592406146, 0.9999946391496243]], "center": [102656.34546760122, -59751.95822078397, 608.8760499700768]}}, {"key": 4, "value": {"rotation": [[0.999996131391407, -0.0003059578993119978, 0.002764704682965583], [0.00029958661643797224, 0.9999972994653546, 0.0023046279216494474], [-0.002765402335902402, -0.0023037907374246517, 0.9999935225281006]], "center": [102656.99924452895, -59758.31336324039, 608.6622074231248]}}, {"key": 5, "value": {"rotation": [[0.9999938782380334, -0.00032975590227247303, 0.0034834964479863568], [0.00032004591159741293, 0.9999960633749887, 0.0027876163904888606], [-0.003484401967725126, -0.002786484446568608, 0.9999900471741489]], "center": [102657.08642176162, -59765.113692151666, 608.3977161355889]}}, {"key": 6, "value": {"rotation": [[0.9999896880461738, -0.0008886918099174228, 0.004453541083696255], [0.0008752090970290008, 0.9999950312403199, 0.0030284490599098283], [-0.004456210312997183, -0.003024520051012523, 0.9999854971288871]], "center": [102657.19018841258, -59771.66371243497, 608.2225329030571]}}, {"key": 7, "value": {"rotation": [[0.9999863775850522, -0.000796891851305893, 0.005158450126137642], [0.0007780049080037842, 0.9999929909923335, 0.003662331848663399], [-0.005161332452928126, -0.003658268659343485, 0.9999799886586364]], "center": [102657.27495407383, -59778.57928494884, 607.9036649749133]}}, {"key": 8, "value": {"rotation": [[0.9999810362823701, -0.0014623571034811053, 0.005982356336763345], [0.001434545290127428, 0.9999881568111872, 0.004650625460612438], [-0.005989086361765622, -0.00464195530635764, 0.999971291135643]], "center": [102658.27240516739, -59785.70779627621, 607.8074198788702]}}, {"key": 9, "value": {"rotation": [[0.9999760957969759, -0.0018667404876355185, 0.006657560708718704], [0.0018346904030480187, 0.9999867153597866, 0.004816950806267473], [-0.006666464262516941, -0.004804621098157436, 0.9999662363651785]], "center": [102658.81367781913, -59792.585068380664, 607.7190481342985]}}], "structure": [], "control_points": []}