{"sfm_data_version": "0.3", "root_path": "/mnt/ST8000/jialei/SFM_E/ex_sea_12/6-1/images", "views": [{"key": 9, "value": {"polymorphic_id": 1073741824, "ptr_wrapper": {"id": 2147483649, "data": {"local_path": "", "filename": "104926_15025.847656.jpg", "width": 1920, "height": 1080, "id_view": 9, "id_intrinsic": 0, "id_pose": 9}}}}, {"key": 8, "value": {"polymorphic_id": 1073741824, "ptr_wrapper": {"id": 2147483650, "data": {"local_path": "", "filename": "104925_15025.748047.jpg", "width": 1920, "height": 1080, "id_view": 8, "id_intrinsic": 0, "id_pose": 8}}}}, {"key": 7, "value": {"polymorphic_id": 1073741824, "ptr_wrapper": {"id": 2147483651, "data": {"local_path": "", "filename": "104924_15025.647461.jpg", "width": 1920, "height": 1080, "id_view": 7, "id_intrinsic": 0, "id_pose": 7}}}}, {"key": 6, "value": {"polymorphic_id": 1073741824, "ptr_wrapper": {"id": 2147483652, "data": {"local_path": "", "filename": "104923_15025.547852.jpg", "width": 1920, "height": 1080, "id_view": 6, "id_intrinsic": 0, "id_pose": 6}}}}, {"key": 5, "value": {"polymorphic_id": 1073741824, "ptr_wrapper": {"id": 2147483653, "data": {"local_path": "", "filename": "104922_15025.447266.jpg", "width": 1920, "height": 1080, "id_view": 5, "id_intrinsic": 0, "id_pose": 5}}}}, {"key": 4, "value": {"polymorphic_id": 1073741824, "ptr_wrapper": {"id": 2147483654, "data": {"local_path": "", "filename": "104921_15025.347656.jpg", "width": 1920, "height": 1080, "id_view": 4, "id_intrinsic": 0, "id_pose": 4}}}}, {"key": 3, "value": {"polymorphic_id": 1073741824, "ptr_wrapper": {"id": 2147483655, "data": {"local_path": "", "filename": "104920_15025.280047.jpg", "width": 1920, "height": 1080, "id_view": 3, "id_intrinsic": 0, "id_pose": 3}}}}, {"key": 2, "value": {"polymorphic_id": 1073741824, "ptr_wrapper": {"id": 2147483656, "data": {"local_path": "", "filename": "104919_15025.248047.jpg", "width": 1920, "height": 1080, "id_view": 2, "id_intrinsic": 0, "id_pose": 2}}}}, {"key": 1, "value": {"polymorphic_id": 1073741824, "ptr_wrapper": {"id": 2147483657, "data": {"local_path": "", "filename": "104918_15025.147461.jpg", "width": 1920, "height": 1080, "id_view": 1, "id_intrinsic": 0, "id_pose": 1}}}}, {"key": 0, "value": {"polymorphic_id": 1073741824, "ptr_wrapper": {"id": 2147483658, "data": {"local_path": "", "filename": "104917_15025.047852.jpg", "width": 1920, "height": 1080, "id_view": 0, "id_intrinsic": 0, "id_pose": 0}}}}], "intrinsics": [{"key": 0, "value": {"polymorphic_id": 2147483649, "polymorphic_name": "pinhole_radial_k3", "ptr_wrapper": {"id": 2147483659, "data": {"width": 1920, "height": 1080, "focal_length": 1739.13, "principal_point": [960.0, 540.0], "disto_k3": [0.0, 0.0, 0.0]}}}}], "extrinsics": [{"key": 0, "value": {"rotation": [[0.9999999503116005, 0.00019585867574018018, 0.00024701452517094904], [-0.0001958986127985313, 0.9999999677440545, 0.00016166515730949612], [-0.000246982853679638, -0.00016171353907943554, 0.9999999564240996]], "center": [102655.28827508456, -59731.17478819413, 609.3316322756689]}}, {"key": 1, "value": {"rotation": [[0.9999991466010337, 0.0012257445987854812, -0.0004520479871305747], [-0.001225282285444859, 0.9999987275368212, 0.0010215713675230092], [0.00045329959750217344, -0.0010210166093242688, 0.9999993760220844]], "center": [102655.69075079726, -59737.712668636974, 609.4107792963028]}}, {"key": 2, "value": {"rotation": [[0.9999989571386033, 0.0013032499683277095, 0.0006223031618946434], [-0.0013049800448894637, 0.9999952624395295, 0.002787853220449128], [-0.000618666944074576, -0.0027886624063128253, 0.9999959202982758]], "center": [102656.250501683, -59745.543102098774, 608.9300363344394]}}, {"key": 3, "value": {"rotation": [[0.999998565703232, 0.0009973122944410314, 0.0013689264645728699], [-0.001001361400814647, 0.9999951167057072, 0.0029603783683920756], [-0.0013659673579591253, -0.0029617449124532125, 0.9999946810859796]], "center": [102656.44166269059, -59752.415978907346, 608.7755015752251]}}, {"key": 4, "value": {"rotation": [[0.9999963159160496, -0.00022443343925933085, 0.002705140284514337], [0.00021818452827242392, 0.9999973079421296, 0.002310087445387329], [-0.002705651462990536, -0.002309488715074433, 0.9999936728360012]], "center": [102657.14845898146, -59758.93312113157, 608.5223985965342]}}, {"key": 5, "value": {"rotation": [[0.9999941581679908, -0.00023672968732562537, 0.0034099250646054714], [0.0002272463939249678, 0.9999961066224595, 0.0027812045948918483], [-0.003410570182174, -0.0027804134543874142, 0.9999903186091625]], "center": [102657.26295698654, -59765.87657599984, 608.2281557288545]}}, {"key": 6, "value": {"rotation": [[0.9999901901090007, -0.0007897036070994829, 0.004358446280187432], [0.0007765536971142933, 0.9999951443758922, 0.003017977633071037], [-0.004360808425033643, -0.0030145634594669294, 0.9999859477797814]], "center": [102657.39602840156, -59772.57191552549, 608.0166147208795]}}, {"key": 7, "value": {"rotation": [[0.9999870257188912, -0.0006815816606702613, 0.0050481521693999136], [0.0006632166712141317, 0.9999931598204486, 0.003638743734028046], [-0.005050597740129726, -0.0036353485052664425, 0.9999806376644056]], "center": [102657.51143638414, -59779.63076817179, 607.6670214070843]}}, {"key": 8, "value": {"rotation": [[0.9999820212001201, -0.0013210507574598805, 0.005849111164780281], [0.0012941019388031142, 0.9999885424081204, 0.00460872570836232], [-0.005855132508639749, -0.004601073502906576, 0.9999722733885803]], "center": [102658.55699921696, -59786.9036724636, 607.5305957537171]}}, {"key": 9, "value": {"rotation": [[0.9999773431612257, -0.0017225146423312716, 0.006507388686908025], [0.0016914794135689335, 0.9999871846806234, 0.004771726303359176], [-0.00651552466107051, -0.004760611077125712, 0.9999674417302604]], "center": [102659.13064687158, -59793.944622068855, 607.4174746133382]}}], "structure": [], "control_points": []}