{"sfm_data_version": "0.3", "root_path": "/mnt/ST8000/jialei/SFM_E/ex_sea_12/6-1/images", "views": [{"key": 9, "value": {"polymorphic_id": 1073741824, "ptr_wrapper": {"id": 2147483649, "data": {"local_path": "", "filename": "104926_15025.847656.jpg", "width": 1920, "height": 1080, "id_view": 9, "id_intrinsic": 0, "id_pose": 9}}}}, {"key": 8, "value": {"polymorphic_id": 1073741824, "ptr_wrapper": {"id": 2147483650, "data": {"local_path": "", "filename": "104925_15025.748047.jpg", "width": 1920, "height": 1080, "id_view": 8, "id_intrinsic": 0, "id_pose": 8}}}}, {"key": 7, "value": {"polymorphic_id": 1073741824, "ptr_wrapper": {"id": 2147483651, "data": {"local_path": "", "filename": "104924_15025.647461.jpg", "width": 1920, "height": 1080, "id_view": 7, "id_intrinsic": 0, "id_pose": 7}}}}, {"key": 6, "value": {"polymorphic_id": 1073741824, "ptr_wrapper": {"id": 2147483652, "data": {"local_path": "", "filename": "104923_15025.547852.jpg", "width": 1920, "height": 1080, "id_view": 6, "id_intrinsic": 0, "id_pose": 6}}}}, {"key": 5, "value": {"polymorphic_id": 1073741824, "ptr_wrapper": {"id": 2147483653, "data": {"local_path": "", "filename": "104922_15025.447266.jpg", "width": 1920, "height": 1080, "id_view": 5, "id_intrinsic": 0, "id_pose": 5}}}}, {"key": 4, "value": {"polymorphic_id": 1073741824, "ptr_wrapper": {"id": 2147483654, "data": {"local_path": "", "filename": "104921_15025.347656.jpg", "width": 1920, "height": 1080, "id_view": 4, "id_intrinsic": 0, "id_pose": 4}}}}, {"key": 3, "value": {"polymorphic_id": 1073741824, "ptr_wrapper": {"id": 2147483655, "data": {"local_path": "", "filename": "104920_15025.280047.jpg", "width": 1920, "height": 1080, "id_view": 3, "id_intrinsic": 0, "id_pose": 3}}}}, {"key": 2, "value": {"polymorphic_id": 1073741824, "ptr_wrapper": {"id": 2147483656, "data": {"local_path": "", "filename": "104919_15025.248047.jpg", "width": 1920, "height": 1080, "id_view": 2, "id_intrinsic": 0, "id_pose": 2}}}}, {"key": 1, "value": {"polymorphic_id": 1073741824, "ptr_wrapper": {"id": 2147483657, "data": {"local_path": "", "filename": "104918_15025.147461.jpg", "width": 1920, "height": 1080, "id_view": 1, "id_intrinsic": 0, "id_pose": 1}}}}, {"key": 0, "value": {"polymorphic_id": 1073741824, "ptr_wrapper": {"id": 2147483658, "data": {"local_path": "", "filename": "104917_15025.047852.jpg", "width": 1920, "height": 1080, "id_view": 0, "id_intrinsic": 0, "id_pose": 0}}}}], "intrinsics": [{"key": 0, "value": {"polymorphic_id": 2147483649, "polymorphic_name": "pinhole_radial_k3", "ptr_wrapper": {"id": 2147483659, "data": {"width": 1920, "height": 1080, "focal_length": 1739.13, "principal_point": [960.0, 540.0], "disto_k3": [0.0, 0.0, 0.0]}}}}], "extrinsics": [{"key": 0, "value": {"rotation": [[0.9999990023550928, -0.0007607908221838809, 0.001190162234326246], [0.0007614988367532683, 0.9999995333153218, -0.0005945491236064477], [-0.0011897093513791874, 0.0005954548376145333, 0.9999991150122062]], "center": [0.0002633940336999448, -0.0016381969890859483, 0.0015924609515257163]}}, {"key": 1, "value": {"rotation": [[0.9999998437288818, 0.00026856596063479324, 0.000490320850655488], [-0.0002686956176988084, 0.9999999289512503, 0.0002643863823990906], [-0.0004902498106360333, -0.0002645180881469792, 0.99999984484264]], "center": [0.0008489651130217449, -0.011302904906859736, 0.0017173229059701666]}}, {"key": 2, "value": {"rotation": [[0.9999987158286469, 0.0003468846645075144, 0.0015646124396016426], [-0.0003500614708702503, 0.99999787706945, 0.002030594385850161], [-0.0015639047359858533, -0.0020311394887510222, 0.9999967143317791]], "center": [0.0016659692514767689, -0.02287910022537943, 0.0010162250706291411]}}, {"key": 3, "value": {"rotation": [[0.9999973276969512, 4.151273589707243e-05, 0.0023114661253621927], [-4.660585776959343e-05, 0.9999975714121736, 0.002203405920164995], [-0.002311369042355701, -0.0022035077598581963, 0.9999949010503513]], "center": [0.0019390285912662458, -0.03303895888800332, 0.0007957407573973877]}}, {"key": 4, "value": {"rotation": [[0.9999926485519411, -0.0011792185128963147, 0.0036486005224148164], [0.0011735540146445278, 0.9999981035150742, 0.0015542642084955562], [-0.003650426420027548, -0.0015499709526121121, 0.9999921359575773]], "center": [0.002974935406935839, -0.04267381396372837, 0.00042987535403406717]}}, {"key": 5, "value": {"rotation": [[0.9999898147212231, -0.0011909792130693994, 0.004353392048453689], [0.001182170660001067, 0.9999972501292064, 0.0020253904700122303], [-0.004355792275136226, -0.0020202233884945723, 0.9999884728191201]], "center": [0.0031347670640145763, -0.05293804827072014, 2.847935943854857e-06]}}, {"key": 6, "value": {"rotation": [[0.9999844231163556, -0.001743230958484521, 0.005302326892441514], [0.0017312533703316307, 0.9999959415072291, 0.0022626822220575818], [-0.005306249750684913, -0.002253467305216807, 0.9999833826612754]], "center": [0.0033222897032114547, -0.06283545478139255, -0.0003021818317260984]}}, {"key": 7, "value": {"rotation": [[0.9999807121638389, -0.001634584004285078, 0.005991947549363413], [0.0016173294297359055, 0.9999945352759573, 0.002883342459442193], [-0.005996627870486716, -0.0028735958928922728, 0.9999778912060137]], "center": [0.003483380260474636, -0.07327033210786447, -0.0008108974753333544]}}, {"key": 8, "value": {"rotation": [[0.9999743403647009, -0.0022734415651818832, 0.006793384696180628], [0.002247295428675602, 0.9999900484234583, 0.003853922327472337], [-0.006802078758501196, -0.0038385566948580625, 0.9999694981383493]], "center": [0.005018815890307766, -0.08402269544927957, -0.0010029746888441766]}}, {"key": 9, "value": {"rotation": [[0.9999686574345096, -0.0026744024038497906, 0.007451960843032106], [0.002644517604865718, 0.9999884338521112, 0.004017298674434488], [-0.0074626185257829014, -0.003997465920347581, 0.9999641641533725]], "center": [0.005856967345497374, -0.09443149222751593, -0.0011615206592589474]}}], "structure": [], "control_points": []}