{"sfm_data_version": "0.3", "root_path": "/mnt/ST8000/jialei/SFM_E/ex_sea_12/1-2/images", "views": [{"key": 9, "value": {"polymorphic_id": 1073741824, "ptr_wrapper": {"id": 2147483649, "data": {"local_path": "", "filename": "038735_11734.566406.jpg", "width": 1920, "height": 1080, "id_view": 9, "id_intrinsic": 0, "id_pose": 9}}}}, {"key": 8, "value": {"polymorphic_id": 1073741824, "ptr_wrapper": {"id": 2147483650, "data": {"local_path": "", "filename": "038734_11734.465820.jpg", "width": 1920, "height": 1080, "id_view": 8, "id_intrinsic": 0, "id_pose": 8}}}}, {"key": 7, "value": {"polymorphic_id": 1073741824, "ptr_wrapper": {"id": 2147483651, "data": {"local_path": "", "filename": "038733_11734.399211.jpg", "width": 1920, "height": 1080, "id_view": 7, "id_intrinsic": 0, "id_pose": 7}}}}, {"key": 6, "value": {"polymorphic_id": 1073741824, "ptr_wrapper": {"id": 2147483652, "data": {"local_path": "", "filename": "038732_11734.299602.jpg", "width": 1920, "height": 1080, "id_view": 6, "id_intrinsic": 0, "id_pose": 6}}}}, {"key": 5, "value": {"polymorphic_id": 1073741824, "ptr_wrapper": {"id": 2147483653, "data": {"local_path": "", "filename": "038731_11734.198016.jpg", "width": 1920, "height": 1080, "id_view": 5, "id_intrinsic": 0, "id_pose": 5}}}}, {"key": 4, "value": {"polymorphic_id": 1073741824, "ptr_wrapper": {"id": 2147483654, "data": {"local_path": "", "filename": "038730_11734.100406.jpg", "width": 1920, "height": 1080, "id_view": 4, "id_intrinsic": 0, "id_pose": 4}}}}, {"key": 3, "value": {"polymorphic_id": 1073741824, "ptr_wrapper": {"id": 2147483655, "data": {"local_path": "", "filename": "038729_11733.998820.jpg", "width": 1920, "height": 1080, "id_view": 3, "id_intrinsic": 0, "id_pose": 3}}}}, {"key": 2, "value": {"polymorphic_id": 1073741824, "ptr_wrapper": {"id": 2147483656, "data": {"local_path": "", "filename": "038728_11733.899211.jpg", "width": 1920, "height": 1080, "id_view": 2, "id_intrinsic": 0, "id_pose": 2}}}}, {"key": 1, "value": {"polymorphic_id": 1073741824, "ptr_wrapper": {"id": 2147483657, "data": {"local_path": "", "filename": "038727_11733.798602.jpg", "width": 1920, "height": 1080, "id_view": 1, "id_intrinsic": 0, "id_pose": 1}}}}, {"key": 0, "value": {"polymorphic_id": 1073741824, "ptr_wrapper": {"id": 2147483658, "data": {"local_path": "", "filename": "038726_11733.699016.jpg", "width": 1920, "height": 1080, "id_view": 0, "id_intrinsic": 0, "id_pose": 0}}}}], "intrinsics": [{"key": 0, "value": {"polymorphic_id": 2147483649, "polymorphic_name": "pinhole_radial_k3", "ptr_wrapper": {"id": 2147483659, "data": {"width": 1920, "height": 1080, "focal_length": 1739.13, "principal_point": [960.0, 540.0], "disto_k3": [0.0, 0.0, 0.0]}}}}], "extrinsics": [{"key": 0, "value": {"rotation": [[0.9999989744614456, -0.001432129879087944, -8.947980761651238e-06], [0.0014321311737622278, 0.9999989637834469, 0.00014639786022924657], [8.738310739725773e-06, -0.00014641052477478827, 0.9999999892438001]], "center": [-0.0003823004332153138, -0.0012809421440752589, 0.0007763710527696031]}}, {"key": 1, "value": {"rotation": [[0.9999998555379226, -1.8851190436680385e-05, 0.000537185970164359], [1.8260113871041585e-05, 0.9999993944988238, 0.001100303846234604], [-0.0005372063869349659, -0.0011002938782054396, 0.9999992503810587]], "center": [-0.0004121810407291357, -0.010482576638729642, 0.0025746712213659865]}}, {"key": 2, "value": {"rotation": [[0.9999994569339903, -0.0008747771538794588, 0.000566477409188669], [0.0008739139431503635, 0.9999984594665663, 0.0015222808264651515], [-0.0005678081930000577, -0.0015217849472598376, 0.999998680881345]], "center": [-0.00041955091509598855, -0.020729535514472684, 0.0033933763546461376]}}, {"key": 3, "value": {"rotation": [[0.9999941784296686, -0.0023834531994138533, 0.002441773457567674], [0.002380387030503735, 0.999996375777064, 0.0012578514707735783], [-0.0024447626381486924, -0.001252031782233025, 0.9999962277689146]], "center": [-0.0022137625729059716, -0.0300147882290594, 0.0023256764943062995]}}, {"key": 4, "value": {"rotation": [[0.9999910209380976, -0.003342144336779106, 0.002605401008223486], [0.00333893362819038, 0.9999936622574276, 0.0012357051447705984], [-0.0026095144008141205, -0.0012269947882564353, 0.999995842450548]], "center": [-0.0017040106092814779, -0.03977397663004276, 0.0032962449225737702]}}, {"key": 5, "value": {"rotation": [[0.9999853908605816, -0.0047913574864130596, 0.0025021908095647157], [0.004791096857969835, 0.9999885165636774, 0.00011014387694907326], [-0.002502689814505312, -9.815402931617396e-05, 0.9999968634498204]], "center": [-0.001465383921245672, -0.04858495294829285, 0.0050293993875409875]}}, {"key": 6, "value": {"rotation": [[0.9999783075579325, -0.006059367531365162, 0.002582339770963109], [0.006058861973953184, 0.9999816242100237, 0.0002035530975209321], [-0.002583525721459892, -0.0001879026417151345, 0.9999966450380939]], "center": [-0.0009351127806867815, -0.05875737365888514, 0.006220259728610262]}}, {"key": 7, "value": {"rotation": [[0.9999646435181354, -0.007862861593466079, 0.002981127506554999], [0.007862657756043745, 0.9999690856214695, 8.008978433956725e-05], [-0.0029816650817401555, -5.664736733546828e-05, 0.999995553222321]], "center": [-0.0012436667240030676, -0.06907064107839157, 0.007099582904835626]}}, {"key": 8, "value": {"rotation": [[0.9999587136615188, -0.008330188593373854, 0.0036302796585649826], [0.008329131271138981, 0.9999652652814629, 0.0003062724958477084], [-0.0036327048694741876, -0.00027602277515074986, 0.9999933636113585]], "center": [-0.0024053561515665466, -0.07869865362484955, 0.007041145630003704]}}, {"key": 9, "value": {"rotation": [[0.9999439499339667, -0.009669394493355125, 0.004312748611814811], [0.009669085862779914, 0.9999532490268989, 9.240739730710545e-05], [-0.0043134405101991225, -5.070188123428596e-05, 0.9999906957868577]], "center": [-0.0024338316643944596, -0.08860361712672363, 0.007474899170175449]}}], "structure": [], "control_points": []}