{"sfm_data_version": "0.3", "root_path": "/mnt/ST8000/jialei/SFM_E/ex_sea_12/1-2/images", "views": [{"key": 9, "value": {"polymorphic_id": 1073741824, "ptr_wrapper": {"id": 2147483649, "data": {"local_path": "", "filename": "038735_11734.566406.jpg", "width": 1920, "height": 1080, "id_view": 9, "id_intrinsic": 0, "id_pose": 9}}}}, {"key": 8, "value": {"polymorphic_id": 1073741824, "ptr_wrapper": {"id": 2147483650, "data": {"local_path": "", "filename": "038734_11734.465820.jpg", "width": 1920, "height": 1080, "id_view": 8, "id_intrinsic": 0, "id_pose": 8}}}}, {"key": 7, "value": {"polymorphic_id": 1073741824, "ptr_wrapper": {"id": 2147483651, "data": {"local_path": "", "filename": "038733_11734.399211.jpg", "width": 1920, "height": 1080, "id_view": 7, "id_intrinsic": 0, "id_pose": 7}}}}, {"key": 6, "value": {"polymorphic_id": 1073741824, "ptr_wrapper": {"id": 2147483652, "data": {"local_path": "", "filename": "038732_11734.299602.jpg", "width": 1920, "height": 1080, "id_view": 6, "id_intrinsic": 0, "id_pose": 6}}}}, {"key": 5, "value": {"polymorphic_id": 1073741824, "ptr_wrapper": {"id": 2147483653, "data": {"local_path": "", "filename": "038731_11734.198016.jpg", "width": 1920, "height": 1080, "id_view": 5, "id_intrinsic": 0, "id_pose": 5}}}}, {"key": 4, "value": {"polymorphic_id": 1073741824, "ptr_wrapper": {"id": 2147483654, "data": {"local_path": "", "filename": "038730_11734.100406.jpg", "width": 1920, "height": 1080, "id_view": 4, "id_intrinsic": 0, "id_pose": 4}}}}, {"key": 3, "value": {"polymorphic_id": 1073741824, "ptr_wrapper": {"id": 2147483655, "data": {"local_path": "", "filename": "038729_11733.998820.jpg", "width": 1920, "height": 1080, "id_view": 3, "id_intrinsic": 0, "id_pose": 3}}}}, {"key": 2, "value": {"polymorphic_id": 1073741824, "ptr_wrapper": {"id": 2147483656, "data": {"local_path": "", "filename": "038728_11733.899211.jpg", "width": 1920, "height": 1080, "id_view": 2, "id_intrinsic": 0, "id_pose": 2}}}}, {"key": 1, "value": {"polymorphic_id": 1073741824, "ptr_wrapper": {"id": 2147483657, "data": {"local_path": "", "filename": "038727_11733.798602.jpg", "width": 1920, "height": 1080, "id_view": 1, "id_intrinsic": 0, "id_pose": 1}}}}, {"key": 0, "value": {"polymorphic_id": 1073741824, "ptr_wrapper": {"id": 2147483658, "data": {"local_path": "", "filename": "038726_11733.699016.jpg", "width": 1920, "height": 1080, "id_view": 0, "id_intrinsic": 0, "id_pose": 0}}}}], "intrinsics": [{"key": 0, "value": {"polymorphic_id": 2147483649, "polymorphic_name": "pinhole_radial_k3", "ptr_wrapper": {"id": 2147483659, "data": {"width": 1920, "height": 1080, "focal_length": 1739.13, "principal_point": [960.0, 540.0], "disto_k3": [0.0, 0.0, 0.0]}}}}], "extrinsics": [{"key": 0, "value": {"rotation": [[0.9999998863331285, -0.00045150164162649677, 0.00015323184222350983], [0.00045146611130587676, 0.9999998712169652, 0.00023182839214998813], [-0.00015333649338947948, -0.00023175918681484322, 0.9999999613877988]], "center": [102655.2882745088, -59731.17478755715, 609.3316319789698]}}, {"key": 1, "value": {"rotation": [[0.9999992928963002, 0.0009617306098369146, 0.0006994863357538014], [-0.0009625594136111271, 0.9999988340280447, 0.0011855049247189457], [-0.0006983453837981253, -0.0011861773836011988, 0.9999990526480209]], "center": [102655.27475699845, -59737.056235901604, 610.4805327663429]}}, {"key": 2, "value": {"rotation": [[0.9999997288975807, 0.00010580216993440117, 0.0007287047862532904], [-0.00010697354250291868, 0.999998702055343, 0.001607620692528436], [-0.0007285337506770913, -0.0016076982088310307, 0.9999984422713083]], "center": [102655.27638425014, -59743.60574790585, 611.003259133919]}}, {"key": 3, "value": {"rotation": [[0.9999956256589092, -0.0014030383911699583, 0.0026038714099541733], [0.0013995437393268372, 0.9999981182271945, 0.0013434356673540737], [-0.0026057514018771044, -0.0013397855587784896, 0.999995707507931]], "center": [102654.13552364703, -59749.54159129282, 610.3201342954072]}}, {"key": 4, "value": {"rotation": [[0.9999933817579347, -0.0023617461272195353, 0.00276741676664899], [0.002358096117035763, 0.9999963465766507, 0.0013214446845700857], [-0.002770527572970064, -0.0013149101041977356, 0.999995297583136]], "center": [102654.46735384657, -59755.77902329941, 610.9400061028514]}}, {"key": 5, "value": {"rotation": [[0.9999891895845257, -0.003810955286036147, 0.002664082185621433], [0.0038104462622706226, 0.9999927209918797, 0.00019611868625714365], [-0.002664810193289665, -0.00018596522412618095, 0.9999964320954194]], "center": [102654.62521778395, -59761.41060608625, 612.0473173656961]}}, {"key": 6, "value": {"rotation": [[0.9999833367471692, -0.0050789785040726, 0.0027441219638848105], [0.005078202358231733, 0.9999870638741043, 0.00028973307886278823], [-0.0027455580136570997, -0.00027579304433905915, 0.999996192917448]], "center": [102654.97039922218, -59767.91215947807, 612.8079709982036]}}, {"key": 7, "value": {"rotation": [[0.9999713766047661, -0.006882519131238162, 0.0031427538206553122], [0.006882029573151704, 0.9999763046823833, 0.00016656145916116956], [-0.0031438257145345633, -0.0001449281668718858, 0.9999950476655884]], "center": [102654.77955645803, -59774.5042454411, 613.3694072548701]}}, {"key": 8, "value": {"rotation": [[0.9999657997269773, -0.007349907129604451, 0.0037918651839195594], [0.007348469913207187, 0.9999729224747714, 0.0003928195509697128], [-0.0037946496968126703, -0.00036494170921495545, 0.9999927336992138]], "center": [102654.04308997108, -59780.65882636382, 613.3314115667233]}}, {"key": 9, "value": {"rotation": [[0.9999522385787587, -0.0086891851122267, 0.004474217631609219], [0.008688470319417345, 0.9999622384776807, 0.00017917090957472785], [-0.004475605527540259, -0.0001402882450227141, 0.9999899745869303]], "center": [102654.03105286344, -59786.98974028148, 613.6081079737976]}}], "structure": [], "control_points": []}