{"sfm_data_version": "0.3", "root_path": "/mnt/ST8000/jialei/SFM_E/ex_sea_12/1-5/images", "views": [{"key": 9, "value": {"polymorphic_id": 1073741824, "ptr_wrapper": {"id": 2147483649, "data": {"local_path": "", "filename": "075418_15357.965820.jpg", "width": 1920, "height": 1080, "id_view": 9, "id_intrinsic": 0, "id_pose": 9}}}}, {"key": 8, "value": {"polymorphic_id": 1073741824, "ptr_wrapper": {"id": 2147483650, "data": {"local_path": "", "filename": "075417_15357.866211.jpg", "width": 1920, "height": 1080, "id_view": 8, "id_intrinsic": 0, "id_pose": 8}}}}, {"key": 7, "value": {"polymorphic_id": 1073741824, "ptr_wrapper": {"id": 2147483651, "data": {"local_path": "", "filename": "075416_15357.766602.jpg", "width": 1920, "height": 1080, "id_view": 7, "id_intrinsic": 0, "id_pose": 7}}}}, {"key": 6, "value": {"polymorphic_id": 1073741824, "ptr_wrapper": {"id": 2147483652, "data": {"local_path": "", "filename": "075415_15357.666016.jpg", "width": 1920, "height": 1080, "id_view": 6, "id_intrinsic": 0, "id_pose": 6}}}}, {"key": 5, "value": {"polymorphic_id": 1073741824, "ptr_wrapper": {"id": 2147483653, "data": {"local_path": "", "filename": "075414_15357.566406.jpg", "width": 1920, "height": 1080, "id_view": 5, "id_intrinsic": 0, "id_pose": 5}}}}, {"key": 4, "value": {"polymorphic_id": 1073741824, "ptr_wrapper": {"id": 2147483654, "data": {"local_path": "", "filename": "075413_15357.497820.jpg", "width": 1920, "height": 1080, "id_view": 4, "id_intrinsic": 0, "id_pose": 4}}}}, {"key": 3, "value": {"polymorphic_id": 1073741824, "ptr_wrapper": {"id": 2147483655, "data": {"local_path": "", "filename": "075412_15357.398211.jpg", "width": 1920, "height": 1080, "id_view": 3, "id_intrinsic": 0, "id_pose": 3}}}}, {"key": 2, "value": {"polymorphic_id": 1073741824, "ptr_wrapper": {"id": 2147483656, "data": {"local_path": "", "filename": "075411_15357.299602.jpg", "width": 1920, "height": 1080, "id_view": 2, "id_intrinsic": 0, "id_pose": 2}}}}, {"key": 1, "value": {"polymorphic_id": 1073741824, "ptr_wrapper": {"id": 2147483657, "data": {"local_path": "", "filename": "075410_15357.198016.jpg", "width": 1920, "height": 1080, "id_view": 1, "id_intrinsic": 0, "id_pose": 1}}}}, {"key": 0, "value": {"polymorphic_id": 1073741824, "ptr_wrapper": {"id": 2147483658, "data": {"local_path": "", "filename": "075409_15357.099406.jpg", "width": 1920, "height": 1080, "id_view": 0, "id_intrinsic": 0, "id_pose": 0}}}}], "intrinsics": [{"key": 0, "value": {"polymorphic_id": 2147483649, "polymorphic_name": "pinhole_radial_k3", "ptr_wrapper": {"id": 2147483659, "data": {"width": 1920, "height": 1080, "focal_length": 1739.13, "principal_point": [960.0, 540.0], "disto_k3": [0.0, 0.0, 0.0]}}}}], "extrinsics": [{"key": 0, "value": {"rotation": [[0.9999998899055923, -0.0003437363200890206, 0.0003194278409162935], [0.0003437888536899497, 0.9999999273874427, -0.00016442120735758023], [-0.000319371300181054, 0.0001645310049870006, 0.9999999354657584]], "center": [0.00021546107831782747, -0.0005095321351590856, 0.0003076202612790524]}}, {"key": 1, "value": {"rotation": [[0.9999995313893933, 0.00018103747862292135, 0.0009510238824115013], [-0.00018108195924855113, 0.9999999825148984, 4.668540399227978e-05], [-0.0009510154139749239, -4.6857595382942955e-05, 0.9999995466869213]], "center": [-0.0002459821669414949, -0.011466425648539101, 0.0011630831548227968]}}, {"key": 2, "value": {"rotation": [[0.9999988157780416, -0.0010289977317435807, 0.0011443802612257415], [0.001029358616157156, 0.9999994206577992, -0.0003148093151489831], [-0.0011440556601667574, 0.00031598692002687536, 0.9999992956442081]], "center": [0.0005801212545117765, -0.022781250186781826, 0.0018768076011683504]}}, {"key": 3, "value": {"rotation": [[0.9999987469220152, -0.0015827963272967522, 3.016928219260867e-05], [0.0015828197705885106, 0.9999984324752407, -0.0007935544311680179], [-2.8913199862354415e-05, 0.0007936011893186709, 0.9999996846805397]], "center": [0.0004988392383919023, -0.033257746106307974, 0.00308666419064292]}}, {"key": 4, "value": {"rotation": [[0.9999969209080474, -0.001810167784933183, 0.0016974884431096768], [0.0018088508615118305, 0.9999980621461134, 0.0007770216075306725], [-0.0016988916931072308, -0.0007739487115770537, 0.999998257383685]], "center": [0.00013330497438171973, -0.045719628096435025, 0.0017316274725554515]}}, {"key": 5, "value": {"rotation": [[0.9999994561437091, -0.0006371414923080223, 0.0008256894117084839], [0.0006456177688403847, 0.9999466790640782, -0.010306415789104788], [-0.0008190787400400073, 0.010306943263651372, 0.9999465465866549]], "center": [0.0018258511551186582, -0.04742154327075592, 0.013432501219504268]}}, {"key": 6, "value": {"rotation": [[0.9999982715994041, -0.001135161225622227, 0.0014724833432570833], [0.0011491133068852878, 0.9999541260756942, -0.00950922093561958], [-0.0014616212957755878, 0.009510896550080233, 0.9999537021832566]], "center": [0.000740225165850534, -0.05916270634701118, 0.013162405467259058]}}, {"key": 7, "value": {"rotation": [[0.9999995569362216, 0.000509174386956399, 0.0007917504685356488], [-0.0004926247298648505, 0.9997842801460116, -0.020764163691243277], [-0.0008021522525582922, 0.020763764455533653, 0.9997840880097056]], "center": [0.0033466690387984046, -0.060530904593088415, 0.02556051894913543]}}, {"key": 8, "value": {"rotation": [[0.999999593689498, -0.000726966147954707, 0.0005330488335113907], [0.0007382278793996474, 0.9997698573730492, -0.02144031967743603], [-0.0005173397696456871, 0.021440704477518845, 0.9997699878227344]], "center": [0.0032643753620699247, -0.07099034744498366, 0.026611404935408426]}}, {"key": 9, "value": {"rotation": [[0.9999982406191266, -0.001808603115180284, -0.0004977081704000139], [0.0017969549749124738, 0.9997455587050996, -0.02248530191583317], [0.0005382485199794584, 0.0224843679964501, 0.999747049750251]], "center": [0.003706422910563509, -0.0814390582406867, 0.028469402969244707]}}], "structure": [], "control_points": []}