{"sfm_data_version": "0.3", "root_path": "/mnt/ST8000/jialei/SFM_E/ex_sea_12/1-5/images", "views": [{"key": 9, "value": {"polymorphic_id": 1073741824, "ptr_wrapper": {"id": 2147483649, "data": {"local_path": "", "filename": "075418_15357.965820.jpg", "width": 1920, "height": 1080, "id_view": 9, "id_intrinsic": 0, "id_pose": 9}}}}, {"key": 8, "value": {"polymorphic_id": 1073741824, "ptr_wrapper": {"id": 2147483650, "data": {"local_path": "", "filename": "075417_15357.866211.jpg", "width": 1920, "height": 1080, "id_view": 8, "id_intrinsic": 0, "id_pose": 8}}}}, {"key": 7, "value": {"polymorphic_id": 1073741824, "ptr_wrapper": {"id": 2147483651, "data": {"local_path": "", "filename": "075416_15357.766602.jpg", "width": 1920, "height": 1080, "id_view": 7, "id_intrinsic": 0, "id_pose": 7}}}}, {"key": 6, "value": {"polymorphic_id": 1073741824, "ptr_wrapper": {"id": 2147483652, "data": {"local_path": "", "filename": "075415_15357.666016.jpg", "width": 1920, "height": 1080, "id_view": 6, "id_intrinsic": 0, "id_pose": 6}}}}, {"key": 5, "value": {"polymorphic_id": 1073741824, "ptr_wrapper": {"id": 2147483653, "data": {"local_path": "", "filename": "075414_15357.566406.jpg", "width": 1920, "height": 1080, "id_view": 5, "id_intrinsic": 0, "id_pose": 5}}}}, {"key": 4, "value": {"polymorphic_id": 1073741824, "ptr_wrapper": {"id": 2147483654, "data": {"local_path": "", "filename": "075413_15357.497820.jpg", "width": 1920, "height": 1080, "id_view": 4, "id_intrinsic": 0, "id_pose": 4}}}}, {"key": 3, "value": {"polymorphic_id": 1073741824, "ptr_wrapper": {"id": 2147483655, "data": {"local_path": "", "filename": "075412_15357.398211.jpg", "width": 1920, "height": 1080, "id_view": 3, "id_intrinsic": 0, "id_pose": 3}}}}, {"key": 2, "value": {"polymorphic_id": 1073741824, "ptr_wrapper": {"id": 2147483656, "data": {"local_path": "", "filename": "075411_15357.299602.jpg", "width": 1920, "height": 1080, "id_view": 2, "id_intrinsic": 0, "id_pose": 2}}}}, {"key": 1, "value": {"polymorphic_id": 1073741824, "ptr_wrapper": {"id": 2147483657, "data": {"local_path": "", "filename": "075410_15357.198016.jpg", "width": 1920, "height": 1080, "id_view": 1, "id_intrinsic": 0, "id_pose": 1}}}}, {"key": 0, "value": {"polymorphic_id": 1073741824, "ptr_wrapper": {"id": 2147483658, "data": {"local_path": "", "filename": "075409_15357.099406.jpg", "width": 1920, "height": 1080, "id_view": 0, "id_intrinsic": 0, "id_pose": 0}}}}], "intrinsics": [{"key": 0, "value": {"polymorphic_id": 2147483649, "polymorphic_name": "pinhole_radial_k3", "ptr_wrapper": {"id": 2147483659, "data": {"width": 1920, "height": 1080, "focal_length": 1739.13, "principal_point": [960.0, 540.0], "disto_k3": [0.0, 0.0, 0.0]}}}}], "extrinsics": [{"key": 0, "value": {"rotation": [[0.9999999681677099, 0.0002443007890857166, 6.310074520769933e-05], [-0.000244295572589943, 0.999999966743184, -8.266380337838627e-05], [-6.312093794156362e-05, 8.264838551432673e-05, 0.9999999945924959]], "center": [102655.28827451637, -59731.174787452466, 609.3316321850708]}}, {"key": 1, "value": {"rotation": [[0.9999994629702107, 0.0007690226863751173, 0.0006947398061130091], [-0.0007691121933915028, 0.9999996959671063, 0.00012857732869614035], [-0.000694640716006539, -0.00012911159250243048, 0.9999997504022051]], "center": [102655.00796126985, -59737.928498077905, 609.8584340626222]}}, {"key": 2, "value": {"rotation": [[0.9999995084771732, -0.00044102852775982217, 0.0008879973253823595], [0.0004412357952472064, 0.9999998754579085, -0.00023322765803041596], [-0.0008878943547386816, 0.00023361935959967316, 0.9999995785327158]], "center": [102655.52136045715, -59744.90235281666, 610.2976511465289]}}, {"key": 3, "value": {"rotation": [[0.9999994796534192, -0.000994736040973151, -0.00022625892160757456], [0.0009945746919899174, 0.9999992518566461, -0.0007121146891289419], [0.00022696711848003818, 0.0007118892871851414, 0.9999997208497459]], "center": [102655.47524904984, -59751.359840834535, 611.0428548704806]}}, {"key": 4, "value": {"rotation": [[0.9999982147562225, -0.0012222447436286287, 0.0014410420376337455], [0.001221008566732367, 0.9999988861402805, 0.0008584033308768077], [-0.0014420896114741301, -0.0008566422737447262, 0.9999985932697942]], "center": [102655.25424743524, -59759.04103511348, 610.2070798707834]}}, {"key": 5, "value": {"rotation": [[0.9999998367192207, -4.914594543144107e-05, 0.0005693383949510989], [5.496472218519782e-05, 0.9999477244717538, -0.010224739734626322], [-0.0005688061279846624, 0.010224769358649452, 0.9999475639008033]], "center": [102656.2999477234, -59760.09002024462, 617.4187950220703]}}, {"key": 6, "value": {"rotation": [[0.9999991108355292, -0.0005472191272498132, 0.0012160918460047796], [0.0005586601360368611, 0.999955402442597, -0.009427673345882591], [-0.00121087860809847, 0.009428344345166399, 0.9999548190272926]], "center": [102655.63501339583, -59767.32730065641, 617.251895277774]}}, {"key": 7, "value": {"rotation": [[0.9999992547293959, 0.0010971725637062006, 0.000535493247989073], [-0.0010858628578706883, 0.9997855105672422, -0.020682208819490823], [-0.0005580703424196195, 0.0206816119334198, 0.9997859568354261]], "center": [102657.24400198525, -59768.170296542856, 624.8932405963818]}}, {"key": 8, "value": {"rotation": [[0.9999999520681208, -0.00013894659715206636, 0.00027669044034761835], [0.00014482464873905786, 0.9997718668543749, -0.021358681427917303], [-0.0002736596019829958, 0.021358720475751273, 0.9997718390563225]], "center": [102657.19723572172, -59774.617265923545, 625.5404606183666]}}, {"key": 9, "value": {"rotation": [[0.9999989708147311, -0.001220499961962075, -0.0007541547066025545], [0.001203297936929137, 0.9997482761587605, -0.022403936967903174], [0.0007813088721000991, 0.0224030064372986, 0.9997487158576484]], "center": [102657.47378127948, -59781.0574709733, 626.6850780594013]}}], "structure": [], "control_points": []}