{"sfm_data_version": "0.3", "root_path": "/mnt/ST8000/jialei/SFM_E/ex_sea_12/1-5/images", "views": [{"key": 9, "value": {"polymorphic_id": 1073741824, "ptr_wrapper": {"id": 2147483649, "data": {"local_path": "", "filename": "075418_15357.965820.jpg", "width": 1920, "height": 1080, "id_view": 9, "id_intrinsic": 0, "id_pose": 9}}}}, {"key": 8, "value": {"polymorphic_id": 1073741824, "ptr_wrapper": {"id": 2147483650, "data": {"local_path": "", "filename": "075417_15357.866211.jpg", "width": 1920, "height": 1080, "id_view": 8, "id_intrinsic": 0, "id_pose": 8}}}}, {"key": 7, "value": {"polymorphic_id": 1073741824, "ptr_wrapper": {"id": 2147483651, "data": {"local_path": "", "filename": "075416_15357.766602.jpg", "width": 1920, "height": 1080, "id_view": 7, "id_intrinsic": 0, "id_pose": 7}}}}, {"key": 6, "value": {"polymorphic_id": 1073741824, "ptr_wrapper": {"id": 2147483652, "data": {"local_path": "", "filename": "075415_15357.666016.jpg", "width": 1920, "height": 1080, "id_view": 6, "id_intrinsic": 0, "id_pose": 6}}}}, {"key": 5, "value": {"polymorphic_id": 1073741824, "ptr_wrapper": {"id": 2147483653, "data": {"local_path": "", "filename": "075414_15357.566406.jpg", "width": 1920, "height": 1080, "id_view": 5, "id_intrinsic": 0, "id_pose": 5}}}}, {"key": 4, "value": {"polymorphic_id": 1073741824, "ptr_wrapper": {"id": 2147483654, "data": {"local_path": "", "filename": "075413_15357.497820.jpg", "width": 1920, "height": 1080, "id_view": 4, "id_intrinsic": 0, "id_pose": 4}}}}, {"key": 3, "value": {"polymorphic_id": 1073741824, "ptr_wrapper": {"id": 2147483655, "data": {"local_path": "", "filename": "075412_15357.398211.jpg", "width": 1920, "height": 1080, "id_view": 3, "id_intrinsic": 0, "id_pose": 3}}}}, {"key": 2, "value": {"polymorphic_id": 1073741824, "ptr_wrapper": {"id": 2147483656, "data": {"local_path": "", "filename": "075411_15357.299602.jpg", "width": 1920, "height": 1080, "id_view": 2, "id_intrinsic": 0, "id_pose": 2}}}}, {"key": 1, "value": {"polymorphic_id": 1073741824, "ptr_wrapper": {"id": 2147483657, "data": {"local_path": "", "filename": "075410_15357.198016.jpg", "width": 1920, "height": 1080, "id_view": 1, "id_intrinsic": 0, "id_pose": 1}}}}, {"key": 0, "value": {"polymorphic_id": 1073741824, "ptr_wrapper": {"id": 2147483658, "data": {"local_path": "", "filename": "075409_15357.099406.jpg", "width": 1920, "height": 1080, "id_view": 0, "id_intrinsic": 0, "id_pose": 0}}}}], "intrinsics": [{"key": 0, "value": {"polymorphic_id": 2147483649, "polymorphic_name": "pinhole_radial_k3", "ptr_wrapper": {"id": 2147483659, "data": {"width": 1920, "height": 1080, "focal_length": 1739.13, "principal_point": [960.0, 540.0], "disto_k3": [0.0, 0.0, 0.0]}}}}], "extrinsics": [{"key": 0, "value": {"rotation": [[0.9999999775692926, 0.00020305179462700235, 6.0260960257177575e-05], [-0.00020304754394292733, 0.9999999768982064, -7.053567842717701e-05], [-6.027528126113125e-05, 7.052344100503605e-05, 0.9999999956966674]], "center": [102655.28827450296, -59731.17478745458, 609.3316321802878]}}, {"key": 1, "value": {"rotation": [[0.9999994967834879, 0.0007214438160479341, 0.0006971022821098471], [-0.0007215409207028429, 0.9999997300210115, 0.00013905611952979438], [-0.0006970017727293765, -0.00013955903737693497, 0.9999997473558702]], "center": [102655.0303268426, -59737.90703408446, 609.8350966782112]}}, {"key": 2, "value": {"rotation": [[0.9999994873041792, -0.0004756063133471757, 0.0008939742803530937], [0.00047580116269239784, 0.9999998630972311, -0.00021775851952112257], [-0.0008938705906388958, 0.00021818376187920596, 0.999999576695517]], "center": [102655.56141711048, -59744.853904653086, 610.2736082832049]}}, {"key": 3, "value": {"rotation": [[0.9999994566105461, -0.0010160873217777658, -0.00023312050021786644], [0.0010159255787696552, 0.9999992438992744, -0.0006928896723332708], [0.0002338243603667269, 0.0006926524627451372, 0.9999997327793314]], "center": [102655.54734960817, -59751.283380944245, 610.9759796655728]}}, {"key": 4, "value": {"rotation": [[0.9999981326644227, -0.0012844447030076896, 0.0014439077092116943], [0.0012831606824837377, 0.9999987808386127, 0.0008898426554272003], [-0.0014450489025403996, -0.0008879882281908597, 0.9999985616542535]], "center": [102655.30244469906, -59758.964572042896, 610.2077924552516]}}, {"key": 5, "value": {"rotation": [[0.999997275272623, -0.002045115190892276, 0.0011255892615389068], [0.0020441113796045335, 0.9999975127563436, 0.0008922386420294768], [-0.0011274111927248507, -0.0008899353811042834, 0.9999989684789781]], "center": [102655.51732887933, -59765.887607365636, 610.6465535962552]}}, {"key": 6, "value": {"rotation": [[0.999995129645013, -0.0025655265240918596, 0.0017772900461679331], [0.002562524266170062, 0.9999952895925095, 0.0016894561783727681], [-0.0017816160190444587, -0.001684893601250262, 0.999996993484437]], "center": [102654.85147693919, -59773.11155715195, 610.5005807581738]}}, {"key": 7, "value": {"rotation": [[0.9999911020498315, -0.004044147268426639, 0.0012002891465861308], [0.0040438906328371296, 0.9999918000777708, 0.00021616144281379248], [-0.0012011534930169068, -0.00021130568138363643, 0.999999256289821]], "center": [102655.29912790461, -59779.40696562939, 611.6222745481869]}}, {"key": 8, "value": {"rotation": [[0.9999857200338755, -0.005260655520459661, 0.0009408675927230482], [0.005261090734221404, 0.9999860542467357, -0.00046069114461285473], [-0.0009384309342025575, 0.0004656345557329609, 0.9999994512657704]], "center": [102655.26618160671, -59785.83530268699, 612.2603870529382]}}, {"key": 9, "value": {"rotation": [[0.9999800080405059, -0.0063222881542574815, -0.00011041650728503067], [0.006322111462628073, 0.9999788397245049, -0.001533300325196961], [0.00012010813732427539, 0.001532571606052423, 0.9999988183984555]], "center": [102655.56901075503, -59792.24124176723, 613.3798659963254]}}], "structure": [], "control_points": []}