{"sfm_data_version": "0.3", "root_path": "/mnt/ST8000/jialei/SFM_E/ex_sea_12/1-5/images", "views": [{"key": 9, "value": {"polymorphic_id": 1073741824, "ptr_wrapper": {"id": 2147483649, "data": {"local_path": "", "filename": "075418_15357.965820.jpg", "width": 1920, "height": 1080, "id_view": 9, "id_intrinsic": 0, "id_pose": 9}}}}, {"key": 8, "value": {"polymorphic_id": 1073741824, "ptr_wrapper": {"id": 2147483650, "data": {"local_path": "", "filename": "075417_15357.866211.jpg", "width": 1920, "height": 1080, "id_view": 8, "id_intrinsic": 0, "id_pose": 8}}}}, {"key": 7, "value": {"polymorphic_id": 1073741824, "ptr_wrapper": {"id": 2147483651, "data": {"local_path": "", "filename": "075416_15357.766602.jpg", "width": 1920, "height": 1080, "id_view": 7, "id_intrinsic": 0, "id_pose": 7}}}}, {"key": 6, "value": {"polymorphic_id": 1073741824, "ptr_wrapper": {"id": 2147483652, "data": {"local_path": "", "filename": "075415_15357.666016.jpg", "width": 1920, "height": 1080, "id_view": 6, "id_intrinsic": 0, "id_pose": 6}}}}, {"key": 5, "value": {"polymorphic_id": 1073741824, "ptr_wrapper": {"id": 2147483653, "data": {"local_path": "", "filename": "075414_15357.566406.jpg", "width": 1920, "height": 1080, "id_view": 5, "id_intrinsic": 0, "id_pose": 5}}}}, {"key": 4, "value": {"polymorphic_id": 1073741824, "ptr_wrapper": {"id": 2147483654, "data": {"local_path": "", "filename": "075413_15357.497820.jpg", "width": 1920, "height": 1080, "id_view": 4, "id_intrinsic": 0, "id_pose": 4}}}}, {"key": 3, "value": {"polymorphic_id": 1073741824, "ptr_wrapper": {"id": 2147483655, "data": {"local_path": "", "filename": "075412_15357.398211.jpg", "width": 1920, "height": 1080, "id_view": 3, "id_intrinsic": 0, "id_pose": 3}}}}, {"key": 2, "value": {"polymorphic_id": 1073741824, "ptr_wrapper": {"id": 2147483656, "data": {"local_path": "", "filename": "075411_15357.299602.jpg", "width": 1920, "height": 1080, "id_view": 2, "id_intrinsic": 0, "id_pose": 2}}}}, {"key": 1, "value": {"polymorphic_id": 1073741824, "ptr_wrapper": {"id": 2147483657, "data": {"local_path": "", "filename": "075410_15357.198016.jpg", "width": 1920, "height": 1080, "id_view": 1, "id_intrinsic": 0, "id_pose": 1}}}}, {"key": 0, "value": {"polymorphic_id": 1073741824, "ptr_wrapper": {"id": 2147483658, "data": {"local_path": "", "filename": "075409_15357.099406.jpg", "width": 1920, "height": 1080, "id_view": 0, "id_intrinsic": 0, "id_pose": 0}}}}], "intrinsics": [{"key": 0, "value": {"polymorphic_id": 2147483649, "polymorphic_name": "pinhole_radial_k3", "ptr_wrapper": {"id": 2147483659, "data": {"width": 1920, "height": 1080, "focal_length": 1739.13, "principal_point": [960.0, 540.0], "disto_k3": [0.0, 0.0, 0.0]}}}}], "extrinsics": [{"key": 0, "value": {"rotation": [[0.9999998830549028, -0.00036436008525375874, 0.00031801243517754505], [0.0003644104558396279, 0.9999999210654137, -0.00015834830617068106], [-0.0003179547142730128, 0.00015846417470912096, 0.9999999368969505]], "center": [0.00022143803888693378, -0.000507808704042162, 0.0002984799289574391]}}, {"key": 1, "value": {"rotation": [[0.99999953229905, 0.00015408810603898736, 0.000954808115252824], [-0.0001541369762006827, 0.9999999868147876, 5.1109854005771016e-05], [-0.0009548002272428733, -5.1257001337366985e-05, 0.9999995428645185]], "center": [-0.00020391799929819673, -0.0114415523187035, 0.0011170241239357316]}}, {"key": 2, "value": {"rotation": [[0.9999987928281172, -0.0010429445143127103, 0.0011517851572239192], [0.001043296908256502, 0.9999994091322031, -0.00030539614546153164], [-0.0011514659654365694, 0.00030659743068938854, 0.9999992900618209]], "center": [0.00065205659814836, -0.022724609832924614, 0.0018304371948900332]}}, {"key": 3, "value": {"rotation": [[0.9999987459183197, -0.0015835244952391244, 2.473784329800587e-05], [0.001583543318627928, 0.9999984416913503, -0.0007803879988237695], [-2.3502041236875273e-05, 0.0007804261935998948, 0.9999996951912586]], "center": [0.0006229897489190903, -0.03316681098248117, 0.0029720912953711967]}}, {"key": 4, "value": {"rotation": [[0.9999968374929855, -0.0018517336592470707, 0.0017017892004040848], [0.001850370206758348, 0.9999979661295121, 0.0008024131959040795], [-0.0017032715947086744, -0.0007992617182321798, 0.9999982300217237]], "center": [0.00021847458346452878, -0.04564195869062558, 0.0017254464623642325]}}, {"key": 5, "value": {"rotation": [[0.9999956305035063, -0.0026124315175149616, 0.0013835373001880357], [0.002611319419047023, 0.9999962664815941, 0.0008050054434354784], [-0.0013856351563182252, -0.0008013890681481603, 0.9999987188945669]], "center": [0.0005609108192198147, -0.05688601319478686, 0.002439129035215955]}}, {"key": 6, "value": {"rotation": [[0.999993021618236, -0.0031327842586974584, 0.0020352831790304], [0.0031295254849473863, 0.9999938192423994, 0.0016023567762570245], [-0.0020402904375238467, -0.0015959761238219705, 0.9999966450319434]], "center": [-0.0005271166693817039, -0.06861806416306251, 0.0022028008342803137]}}, {"key": 7, "value": {"rotation": [[0.9999883036999468, -0.0046114531961177745, 0.0014584110268393076], [0.004611269280567206, 0.9999893596632953, 0.00012944425233455035], [-0.0014589924349659954, -0.00012271761234936444, 0.9999989281401566]], "center": [0.000193655965820621, -0.07884288719928052, 0.004025663904603193]}}, {"key": 8, "value": {"rotation": [[0.9999822982478267, -0.005827980998619778, 0.0011990948563959634], [0.005828640323239395, 0.9999828636732149, -0.0005470940489214988], [-0.0011958858545930155, 0.0005540734570294805, 0.9999991314294361]], "center": [0.00013395541935766307, -0.08928322986024788, 0.005062945064248097]}}, {"key": 9, "value": {"rotation": [[0.9999762547793365, -0.006889702631082326, 0.00014790249217701629], [0.0068899331840476695, 0.999974952821442, -0.001619429058018266], [-0.00013674140299494355, 0.0016204096426066458, 0.999998677786315]], "center": [0.0006194174618940114, -0.09968743597438479, 0.006882166056696747]}}], "structure": [], "control_points": []}