{"sfm_data_version": "0.3", "root_path": "/mnt/ST8000/jialei/SFM_E/ex_sea_12/1-3/images", "views": [{"key": 9, "value": {"polymorphic_id": 1073741824, "ptr_wrapper": {"id": 2147483649, "data": {"local_path": "", "filename": "051561_13000.366211.jpg", "width": 1920, "height": 1080, "id_view": 9, "id_intrinsic": 0, "id_pose": 9}}}}, {"key": 8, "value": {"polymorphic_id": 1073741824, "ptr_wrapper": {"id": 2147483650, "data": {"local_path": "", "filename": "051560_13000.298602.jpg", "width": 1920, "height": 1080, "id_view": 8, "id_intrinsic": 0, "id_pose": 8}}}}, {"key": 7, "value": {"polymorphic_id": 1073741824, "ptr_wrapper": {"id": 2147483651, "data": {"local_path": "", "filename": "051559_13000.166016.jpg", "width": 1920, "height": 1080, "id_view": 7, "id_intrinsic": 0, "id_pose": 7}}}}, {"key": 6, "value": {"polymorphic_id": 1073741824, "ptr_wrapper": {"id": 2147483652, "data": {"local_path": "", "filename": "051558_13000.098406.jpg", "width": 1920, "height": 1080, "id_view": 6, "id_intrinsic": 0, "id_pose": 6}}}}, {"key": 5, "value": {"polymorphic_id": 1073741824, "ptr_wrapper": {"id": 2147483653, "data": {"local_path": "", "filename": "051557_12999.965820.jpg", "width": 1920, "height": 1080, "id_view": 5, "id_intrinsic": 0, "id_pose": 5}}}}, {"key": 4, "value": {"polymorphic_id": 1073741824, "ptr_wrapper": {"id": 2147483654, "data": {"local_path": "", "filename": "051556_12999.898211.jpg", "width": 1920, "height": 1080, "id_view": 4, "id_intrinsic": 0, "id_pose": 4}}}}, {"key": 3, "value": {"polymorphic_id": 1073741824, "ptr_wrapper": {"id": 2147483655, "data": {"local_path": "", "filename": "051555_12999.766602.jpg", "width": 1920, "height": 1080, "id_view": 3, "id_intrinsic": 0, "id_pose": 3}}}}, {"key": 2, "value": {"polymorphic_id": 1073741824, "ptr_wrapper": {"id": 2147483656, "data": {"local_path": "", "filename": "051554_12999.698016.jpg", "width": 1920, "height": 1080, "id_view": 2, "id_intrinsic": 0, "id_pose": 2}}}}, {"key": 1, "value": {"polymorphic_id": 1073741824, "ptr_wrapper": {"id": 2147483657, "data": {"local_path": "", "filename": "051553_12999.598406.jpg", "width": 1920, "height": 1080, "id_view": 1, "id_intrinsic": 0, "id_pose": 1}}}}, {"key": 0, "value": {"polymorphic_id": 1073741824, "ptr_wrapper": {"id": 2147483658, "data": {"local_path": "", "filename": "051552_12999.465820.jpg", "width": 1920, "height": 1080, "id_view": 0, "id_intrinsic": 0, "id_pose": 0}}}}], "intrinsics": [{"key": 0, "value": {"polymorphic_id": 2147483649, "polymorphic_name": "pinhole_radial_k3", "ptr_wrapper": {"id": 2147483659, "data": {"width": 1920, "height": 1080, "focal_length": 1739.13, "principal_point": [960.0, 540.0], "disto_k3": [0.0, 0.0, 0.0]}}}}], "extrinsics": [{"key": 0, "value": {"rotation": [[0.9999999999999998, -2.2495645107141893e-11, 1.2140048386983709e-11], [2.2495643596688045e-11, 1.0000000000000002, 1.014235472029929e-11], [-1.2140047587049059e-11, -1.0142354443757642e-11, 1.0000000000000002]], "center": [102655.28827440507, -59731.17478745369, 609.331632148995]}}, {"key": 1, "value": {"rotation": [[0.9999990266785947, 0.0012680533825785586, 0.0005819643299160415], [-0.0012693679538726273, 0.9999966313424892, 0.002264069051908115], [-0.0005790914090578564, -0.002264805575111916, 0.9999972676506907]], "center": [102655.62299232167, -59737.1598972291, 610.3212277774124]}}, {"key": 2, "value": {"rotation": [[0.9999999582996861, -0.00021850232887960942, 0.0001888315600102171], [0.00021846782606282393, 0.9999999594428346, 0.00018271874246567448], [-0.00018887147682248982, -0.00018267748122586288, 0.9999999654782511]], "center": [102655.59488001965, -59743.43184456198, 610.9641249617179]}}, {"key": 3, "value": {"rotation": [[0.9999984090743295, -0.0017811166618316686, -9.732546574700561e-05], [0.0017809022558821334, 0.9999960806019207, -0.0021603629215927005], [0.0001011729426850249, 0.002160186157474373, 0.9999976616771665]], "center": [102655.84202208227, -59749.52313159312, 611.8531794226041]}}, {"key": 4, "value": {"rotation": [[0.9999947471153867, -0.003231626861418065, 0.0002496586912163622], [0.0032327006278031, 0.9999849736688716, -0.004427423982195836], [-0.00023534715749447228, 0.00442820779725635, 0.9999901677453732]], "center": [102655.40404483762, -59755.496068353685, 612.2377330783066]}}, {"key": 5, "value": {"rotation": [[0.9999894693024036, -0.004532453143869601, 0.0007198283093183973], [0.004536411032290059, 0.9999740560619612, -0.005595371116970671], [-0.0006944488767271242, 0.005598577630893245, 0.9999840867080176]], "center": [102655.42590911768, -59762.156172629315, 612.6750682540147]}}, {"key": 6, "value": {"rotation": [[0.9999812973044451, -0.006065830673435384, 0.000781498278566421], [0.00607127282354012, 0.9999559325819163, -0.007160484657715692], [-0.0007380295524816302, 0.007165095426611438, 0.9999740580234603]], "center": [102655.41847701049, -59768.646523774725, 613.3067294738022]}}, {"key": 7, "value": {"rotation": [[0.9999731527449615, -0.0072375880681811505, 0.0011450363558141413], [0.007247315691355609, 0.9999356073197146, -0.008732561446939359], [-0.001081759941321203, 0.008740625441583718, 0.9999612148790166]], "center": [102654.82453244194, -59775.056202116764, 613.7935394550617]}}, {"key": 8, "value": {"rotation": [[0.9999660411232774, -0.008119762672595166, 0.0014092744160101652], [0.008133926636223303, 0.9999133132540127, -0.01035399511592803], [-0.0013250802675423665, 0.010365106440594442, 0.9999454028749566]], "center": [102654.70042016557, -59778.787441305496, 614.1619216290684]}}, {"key": 9, "value": {"rotation": [[0.9999564823510184, -0.009316010148385657, 0.0004953373514152813], [0.009321421042440305, 0.999880187131909, -0.012358094141495255], [-0.00038014987318977513, 0.012362173594302922, 0.9999235131499298]], "center": [102654.56898967804, -59784.986392382016, 615.161694593897]}}], "structure": [], "control_points": []}