{"sfm_data_version": "0.3", "root_path": "/mnt/ST8000/jialei/SFM_E/ex_sea_12/1-3/images", "views": [{"key": 9, "value": {"polymorphic_id": 1073741824, "ptr_wrapper": {"id": 2147483649, "data": {"local_path": "", "filename": "051561_13000.366211.jpg", "width": 1920, "height": 1080, "id_view": 9, "id_intrinsic": 0, "id_pose": 9}}}}, {"key": 8, "value": {"polymorphic_id": 1073741824, "ptr_wrapper": {"id": 2147483650, "data": {"local_path": "", "filename": "051560_13000.298602.jpg", "width": 1920, "height": 1080, "id_view": 8, "id_intrinsic": 0, "id_pose": 8}}}}, {"key": 7, "value": {"polymorphic_id": 1073741824, "ptr_wrapper": {"id": 2147483651, "data": {"local_path": "", "filename": "051559_13000.166016.jpg", "width": 1920, "height": 1080, "id_view": 7, "id_intrinsic": 0, "id_pose": 7}}}}, {"key": 6, "value": {"polymorphic_id": 1073741824, "ptr_wrapper": {"id": 2147483652, "data": {"local_path": "", "filename": "051558_13000.098406.jpg", "width": 1920, "height": 1080, "id_view": 6, "id_intrinsic": 0, "id_pose": 6}}}}, {"key": 5, "value": {"polymorphic_id": 1073741824, "ptr_wrapper": {"id": 2147483653, "data": {"local_path": "", "filename": "051557_12999.965820.jpg", "width": 1920, "height": 1080, "id_view": 5, "id_intrinsic": 0, "id_pose": 5}}}}, {"key": 4, "value": {"polymorphic_id": 1073741824, "ptr_wrapper": {"id": 2147483654, "data": {"local_path": "", "filename": "051556_12999.898211.jpg", "width": 1920, "height": 1080, "id_view": 4, "id_intrinsic": 0, "id_pose": 4}}}}, {"key": 3, "value": {"polymorphic_id": 1073741824, "ptr_wrapper": {"id": 2147483655, "data": {"local_path": "", "filename": "051555_12999.766602.jpg", "width": 1920, "height": 1080, "id_view": 3, "id_intrinsic": 0, "id_pose": 3}}}}, {"key": 2, "value": {"polymorphic_id": 1073741824, "ptr_wrapper": {"id": 2147483656, "data": {"local_path": "", "filename": "051554_12999.698016.jpg", "width": 1920, "height": 1080, "id_view": 2, "id_intrinsic": 0, "id_pose": 2}}}}, {"key": 1, "value": {"polymorphic_id": 1073741824, "ptr_wrapper": {"id": 2147483657, "data": {"local_path": "", "filename": "051553_12999.598406.jpg", "width": 1920, "height": 1080, "id_view": 1, "id_intrinsic": 0, "id_pose": 1}}}}, {"key": 0, "value": {"polymorphic_id": 1073741824, "ptr_wrapper": {"id": 2147483658, "data": {"local_path": "", "filename": "051552_12999.465820.jpg", "width": 1920, "height": 1080, "id_view": 0, "id_intrinsic": 0, "id_pose": 0}}}}], "intrinsics": [{"key": 0, "value": {"polymorphic_id": 2147483649, "polymorphic_name": "pinhole_radial_k3", "ptr_wrapper": {"id": 2147483659, "data": {"width": 1920, "height": 1080, "focal_length": 1739.13, "principal_point": [960.0, 540.0], "disto_k3": [0.0, 0.0, 0.0]}}}}], "extrinsics": [{"key": 0, "value": {"rotation": [[0.9999987890202129, -0.0012724434844278785, 0.0008960165660734255], [0.0012727925268065626, 0.999999114305004, -0.0003890866114474596], [-0.0008955206817524314, 0.00039022658346060944, 0.9999995228828472]], "center": [-4.137896788994153e-05, -0.0013722284180530623, 0.0014882708081098187]}}, {"key": 1, "value": {"rotation": [[0.9999989085077803, -4.162866012426089e-06, 0.0014774863514567717], [1.394279390871591e-06, 0.9999982443494088, 0.001873845286071864], [-0.0014774915580738391, -0.0018738411807555431, 0.9999971528649095]], "center": [0.0004648578750664524, -0.010660318782754936, 0.0030280606505725645]}}, {"key": 2, "value": {"rotation": [[0.9999983001092979, -0.0014908718571324702, 0.0010849330028088586], [0.0014910963857912825, 0.9999988670616545, -0.00020617219975363357], [-0.0010846243973163187, 0.0002077895889626957, 0.9999993902065158]], "center": [0.00040794989338065467, -0.02039303322960409, 0.0040294928852260305]}}, {"key": 3, "value": {"rotation": [[0.9999950182615386, -0.0030535945008645887, 0.0007993827177821816], [0.003055622264635224, 0.9999920857819249, -0.002547851269568925], [-0.0007915962866672503, 0.0025502811884706646, 0.9999964347142336]], "center": [0.0007782116671404234, -0.02984578336232665, 0.005413199584169389]}}, {"key": 4, "value": {"rotation": [[0.9999891993770363, -0.00450396335366008, 0.0011469278021307941], [0.004509434941675649, 0.9999782468598517, -0.004813606091585099], [-0.0011252225474141539, 0.004818726097947088, 0.9999877568015577]], "center": [8.620213879806556e-05, -0.03911382355632406, 0.0060129692348739544]}}, {"key": 5, "value": {"rotation": [[0.9999818448418916, -0.005804598295569214, 0.0016175986010025822], [0.005814175792347661, 0.9999652146007987, -0.005980380275113598], [-0.0015828286270377424, 0.005989676702991816, 0.9999808090291186]], "center": [0.00010636958116211446, -0.04944912486470046, 0.006695702560614426]}}, {"key": 6, "value": {"rotation": [[0.999971665955671, -0.007337940003362831, 0.0016798578352639878], [0.007350414249007632, 0.9999445273630286, -0.007544110755939544], [-0.0016244064170143483, 0.007556244651739591, 0.9999701317892223]], "center": [8.113849936778617e-05, -0.059520818225182626, 0.007679858818208533]}}, {"key": 7, "value": {"rotation": [[0.9999617044461591, -0.008509544134571976, 0.0020438443565274048], [0.008527837650076595, 0.9999220922046006, -0.009115125132933128], [-0.0019661195655086817, 0.009132205637022299, 0.9999563676451371]], "center": [-0.0008539145385471634, -0.06946624857051653, 0.008438362465677859]}}, {"key": 8, "value": {"rotation": [[0.9999532333772183, -0.009391605795793739, 0.002308419160856667], [0.009415871172921638, 0.999898037269807, -0.010735754935901799], [-0.002207357809858444, 0.010756988638332146, 0.9999397055657573]], "center": [-0.0010544007240183425, -0.07525612643929029, 0.009012119168253466]}}, {"key": 9, "value": {"rotation": [[0.9999429704912465, -0.010588196691624061, 0.0013949394113876123], [0.010605116690528374, 0.9998626181048136, -0.012738776101702416], [-0.0012598671049923451, 0.012752843110793178, 0.9999178854923381]], "center": [-0.0012719953785172433, -0.08487514107287371, 0.010567183722244211]}}], "structure": [], "control_points": []}