{"sfm_data_version": "0.3", "root_path": "/mnt/ST8000/jialei/SFM_E/ex_sea_12/1-3/images", "views": [{"key": 9, "value": {"polymorphic_id": 1073741824, "ptr_wrapper": {"id": 2147483649, "data": {"local_path": "", "filename": "051561_13000.366211.jpg", "width": 1920, "height": 1080, "id_view": 9, "id_intrinsic": 0, "id_pose": 9}}}}, {"key": 8, "value": {"polymorphic_id": 1073741824, "ptr_wrapper": {"id": 2147483650, "data": {"local_path": "", "filename": "051560_13000.298602.jpg", "width": 1920, "height": 1080, "id_view": 8, "id_intrinsic": 0, "id_pose": 8}}}}, {"key": 7, "value": {"polymorphic_id": 1073741824, "ptr_wrapper": {"id": 2147483651, "data": {"local_path": "", "filename": "051559_13000.166016.jpg", "width": 1920, "height": 1080, "id_view": 7, "id_intrinsic": 0, "id_pose": 7}}}}, {"key": 6, "value": {"polymorphic_id": 1073741824, "ptr_wrapper": {"id": 2147483652, "data": {"local_path": "", "filename": "051558_13000.098406.jpg", "width": 1920, "height": 1080, "id_view": 6, "id_intrinsic": 0, "id_pose": 6}}}}, {"key": 5, "value": {"polymorphic_id": 1073741824, "ptr_wrapper": {"id": 2147483653, "data": {"local_path": "", "filename": "051557_12999.965820.jpg", "width": 1920, "height": 1080, "id_view": 5, "id_intrinsic": 0, "id_pose": 5}}}}, {"key": 4, "value": {"polymorphic_id": 1073741824, "ptr_wrapper": {"id": 2147483654, "data": {"local_path": "", "filename": "051556_12999.898211.jpg", "width": 1920, "height": 1080, "id_view": 4, "id_intrinsic": 0, "id_pose": 4}}}}, {"key": 3, "value": {"polymorphic_id": 1073741824, "ptr_wrapper": {"id": 2147483655, "data": {"local_path": "", "filename": "051555_12999.766602.jpg", "width": 1920, "height": 1080, "id_view": 3, "id_intrinsic": 0, "id_pose": 3}}}}, {"key": 2, "value": {"polymorphic_id": 1073741824, "ptr_wrapper": {"id": 2147483656, "data": {"local_path": "", "filename": "051554_12999.698016.jpg", "width": 1920, "height": 1080, "id_view": 2, "id_intrinsic": 0, "id_pose": 2}}}}, {"key": 1, "value": {"polymorphic_id": 1073741824, "ptr_wrapper": {"id": 2147483657, "data": {"local_path": "", "filename": "051553_12999.598406.jpg", "width": 1920, "height": 1080, "id_view": 1, "id_intrinsic": 0, "id_pose": 1}}}}, {"key": 0, "value": {"polymorphic_id": 1073741824, "ptr_wrapper": {"id": 2147483658, "data": {"local_path": "", "filename": "051552_12999.465820.jpg", "width": 1920, "height": 1080, "id_view": 0, "id_intrinsic": 0, "id_pose": 0}}}}], "intrinsics": [{"key": 0, "value": {"polymorphic_id": 2147483649, "polymorphic_name": "pinhole_radial_k3", "ptr_wrapper": {"id": 2147483659, "data": {"width": 1920, "height": 1080, "focal_length": 1739.13, "principal_point": [960.0, 540.0], "disto_k3": [0.0, 0.0, 0.0]}}}}], "extrinsics": [{"key": 0, "value": {"rotation": [[0.9999986422236969, -0.0013572348008946264, 0.0009345932044712599], [0.0013576141541684445, 0.9999989962719619, -0.0004053873174969682], [-0.0009340420606187029, 0.0004066555840344665, 0.9999994810981978]], "center": [-3.254839268910483e-05, -0.0014213973344464794, 0.0016005475414403259]}}, {"key": 1, "value": {"rotation": [[0.9999988450192271, -9.037666628843686e-05, 0.0015171658676916833], [8.739227675009107e-05, 0.9999980615700595, 0.001967032972130451], [-0.0015173407006544395, -0.0019668981116658046, 0.999996914489748]], "center": [0.0004771670640523507, -0.010157499328626342, 0.00314810081936628]}}, {"key": 2, "value": {"rotation": [[0.9999981268189724, -0.00157831889849137, 0.001120387433344882], [0.0015785505626524504, 0.9999987328872902, -0.00020591730248933625], [-0.0011200610105176877, 0.00020768550498223353, 0.9999993511648213]], "center": [0.00044279572311718663, -0.01932898228430658, 0.004151621934066653]}}, {"key": 3, "value": {"rotation": [[0.9999947087781603, -0.0031427363870714753, 0.0008400140971261605], [0.003144957456476728, 0.9999915274864221, -0.0026559740152196244], [-0.0008316599539145953, 0.0026586017704701625, 0.9999961200816467]], "center": [0.0008056837522261929, -0.028235733600456954, 0.005543251730580855]}}, {"key": 4, "value": {"rotation": [[0.9999887481392711, -0.004592258177414878, 0.0011894367092949649], [0.004598160793308707, 0.9999768868091188, -0.005008269647514832], [-0.001166409950373753, 0.005013682516405011, 0.9999867511499603]], "center": [0.00012708645805423538, -0.03696045564972423, 0.006139520956511044]}}, {"key": 5, "value": {"rotation": [[0.9999812454866841, -0.00589391624595574, 0.001664459727910975], [0.005904167252463145, 0.9999632099234421, -0.006222508229117385], [-0.0016277235499679511, 0.006232218777622465, 0.9999792547673942]], "center": [0.00012703257973005277, -0.04678339337050946, 0.00682211588592289]}}, {"key": 6, "value": {"rotation": [[0.9999709164691359, -0.007428383643803018, 0.0017278114241795403], [0.007441734592466093, 0.9999414701589437, -0.007853460550988125], [-0.0016693717777472906, 0.00786609005867032, 0.9999676683898621]], "center": [0.00010155098168061327, -0.056332296255116876, 0.007807377299285547]}}, {"key": 7, "value": {"rotation": [[0.9999607907981047, -0.00861630634472669, 0.002043558514811857], [0.008635453650306003, 0.9999170759824142, -0.009553538560800934], [-0.0019610728398136434, 0.009570811029014983, 0.9999522757459801]], "center": [-0.0007661984067225728, -0.06569106710599115, 0.0086069168196694]}}, {"key": 8, "value": {"rotation": [[0.9999521693469829, -0.009500312324511486, 0.0023244534842392344], [0.009525861299097434, 0.9998914659127948, -0.011238966201246843], [-0.0022174275126855924, 0.011260571055641225, 0.9999341391085353]], "center": [-0.000983471852451669, -0.07112998182705262, 0.009166993029790097]}}, {"key": 9, "value": {"rotation": [[0.999941778010513, -0.010699963639636455, 0.0013969134853763145], [0.010717668165258383, 0.9998534451617882, -0.013349898396708271], [-0.0012538653335088647, 0.01336409279425596, 0.9999099103646852]], "center": [-0.0011504513834592555, -0.08018216519670142, 0.010729904559713094]}}], "structure": [], "control_points": []}