{"sfm_data_version": "0.3", "root_path": "/mnt/ST8000/jialei/SFM_E/ex_sea_12/1-3/images", "views": [{"key": 9, "value": {"polymorphic_id": 1073741824, "ptr_wrapper": {"id": 2147483649, "data": {"local_path": "", "filename": "051561_13000.366211.jpg", "width": 1920, "height": 1080, "id_view": 9, "id_intrinsic": 0, "id_pose": 9}}}}, {"key": 8, "value": {"polymorphic_id": 1073741824, "ptr_wrapper": {"id": 2147483650, "data": {"local_path": "", "filename": "051560_13000.298602.jpg", "width": 1920, "height": 1080, "id_view": 8, "id_intrinsic": 0, "id_pose": 8}}}}, {"key": 7, "value": {"polymorphic_id": 1073741824, "ptr_wrapper": {"id": 2147483651, "data": {"local_path": "", "filename": "051559_13000.166016.jpg", "width": 1920, "height": 1080, "id_view": 7, "id_intrinsic": 0, "id_pose": 7}}}}, {"key": 6, "value": {"polymorphic_id": 1073741824, "ptr_wrapper": {"id": 2147483652, "data": {"local_path": "", "filename": "051558_13000.098406.jpg", "width": 1920, "height": 1080, "id_view": 6, "id_intrinsic": 0, "id_pose": 6}}}}, {"key": 5, "value": {"polymorphic_id": 1073741824, "ptr_wrapper": {"id": 2147483653, "data": {"local_path": "", "filename": "051557_12999.965820.jpg", "width": 1920, "height": 1080, "id_view": 5, "id_intrinsic": 0, "id_pose": 5}}}}, {"key": 4, "value": {"polymorphic_id": 1073741824, "ptr_wrapper": {"id": 2147483654, "data": {"local_path": "", "filename": "051556_12999.898211.jpg", "width": 1920, "height": 1080, "id_view": 4, "id_intrinsic": 0, "id_pose": 4}}}}, {"key": 3, "value": {"polymorphic_id": 1073741824, "ptr_wrapper": {"id": 2147483655, "data": {"local_path": "", "filename": "051555_12999.766602.jpg", "width": 1920, "height": 1080, "id_view": 3, "id_intrinsic": 0, "id_pose": 3}}}}, {"key": 2, "value": {"polymorphic_id": 1073741824, "ptr_wrapper": {"id": 2147483656, "data": {"local_path": "", "filename": "051554_12999.698016.jpg", "width": 1920, "height": 1080, "id_view": 2, "id_intrinsic": 0, "id_pose": 2}}}}, {"key": 1, "value": {"polymorphic_id": 1073741824, "ptr_wrapper": {"id": 2147483657, "data": {"local_path": "", "filename": "051553_12999.598406.jpg", "width": 1920, "height": 1080, "id_view": 1, "id_intrinsic": 0, "id_pose": 1}}}}, {"key": 0, "value": {"polymorphic_id": 1073741824, "ptr_wrapper": {"id": 2147483658, "data": {"local_path": "", "filename": "051552_12999.465820.jpg", "width": 1920, "height": 1080, "id_view": 0, "id_intrinsic": 0, "id_pose": 0}}}}], "intrinsics": [{"key": 0, "value": {"polymorphic_id": 2147483649, "polymorphic_name": "pinhole_radial_k3", "ptr_wrapper": {"id": 2147483659, "data": {"width": 1920, "height": 1080, "focal_length": 1739.13, "principal_point": [960.0, 540.0], "disto_k3": [0.0, 0.0, 0.0]}}}}], "extrinsics": [{"key": 0, "value": {"rotation": [[0.9999999826453859, -0.00016961259762410854, 7.707654638359994e-05], [0.0001696151243789787, 0.9999999850781872, -3.277705492746815e-05], [-7.707098583204839e-05, 3.2790127706636766e-05, 0.9999999964924354]], "center": [102655.28827438598, -59731.17478745735, 609.3316321440427]}}, {"key": 1, "value": {"rotation": [[0.9999991803841186, 0.0010970276386488397, 0.000660122299739979], [-0.0010985700401152626, 0.9999966570568464, 0.002340730441375497], [-0.0006575522469998428, -0.002341453713456973, 0.9999970426054021]], "center": [102655.62648766764, -59736.841369101756, 610.3330387297593]}}, {"key": 2, "value": {"rotation": [[0.999999889121909, -0.0003907663920034493, 0.0002627885002797346], [0.000390722644894771, 0.9999999098062076, 0.00016650342971146804], [-0.0002628535405223394, -0.00016640073383203367, 0.9999999516094049]], "center": [102655.6118164774, -59742.79064471983, 610.9817601349341]}}, {"key": 3, "value": {"rotation": [[0.9999980886599226, -0.0019550822177548384, -1.8166522599514667e-05], [0.0019550356060076554, 0.9999954785297595, -0.0022848973318736134], [2.2633602603035524e-05, 0.0022848574484591903, 0.9999973894536729]], "center": [102655.85483613187, -59748.56799207486, 611.8820684581657]}}, {"key": 4, "value": {"rotation": [[0.9999941491673063, -0.0034047402149015304, 0.0003307192516844918], [0.0034062377876747057, 0.9999834410590789, -0.004638442818273019], [-0.00031492108252604, 0.0046395421879322635, 0.9999891876780461]], "center": [102655.42172256188, -59754.227877881975, 612.2670956435595]}}, {"key": 5, "value": {"rotation": [[0.9999885997486313, -0.004706583254994191, 0.0008052619666460682], [0.004711217935920799, 0.9999717682963607, -0.005853805241956273], [-0.0007776878109990706, 0.005857532271725366, 0.9999825421062885]], "center": [102655.42963446528, -59760.59961020146, 612.7074738458065]}}, {"key": 6, "value": {"rotation": [[0.9999801474752895, -0.006241085348740124, 0.000868048943357116], [0.006247410979819928, 0.9999524630811438, -0.007486082687478663], [-0.0008212863980046512, 0.007491357128336811, 0.9999716021252949]], "center": [102655.42101012524, -59766.793684867014, 613.3442547973282]}}, {"key": 7, "value": {"rotation": [[0.9999717033913436, -0.007429136854430247, 0.001183360559223297], [0.0074396999909147055, 0.9999301207411132, -0.009187192101423705], [-0.0011150249594350354, 0.009195735982585801, 0.9999570966591914]], "center": [102654.86580615294, -59772.86503608285, 613.8610830470773]}}, {"key": 8, "value": {"rotation": [[0.9999643726945726, -0.008313257096253461, 0.0014639323761394746], [0.008328691924442235, 0.9999061967227263, -0.010873391665929183], [-0.0013734017540577544, 0.0108851969180423, 0.9999398113165004]], "center": [102654.72937500256, -59776.39324593453, 614.2231741071868]}}, {"key": 9, "value": {"rotation": [[0.9999546108141304, -0.009512574080283135, 0.000535953289762242], [0.00951873264117431, 0.9998703786954, -0.012985358540434876], [-0.00041235963372271325, 0.012989870741655855, 0.9999155430423355]], "center": [102654.62890785153, -59782.265376299634, 615.2348422367334]}}], "structure": [], "control_points": []}