{"sfm_data_version": "0.3", "root_path": "/mnt/ST8000/jialei/SFM_E/ex_sea_12/6-1/images", "views": [{"key": 9, "value": {"polymorphic_id": 1073741824, "ptr_wrapper": {"id": 2147483649, "data": {"local_path": "", "filename": "104926_15025.847656.jpg", "width": 1920, "height": 1080, "id_view": 9, "id_intrinsic": 0, "id_pose": 9}}}}, {"key": 8, "value": {"polymorphic_id": 1073741824, "ptr_wrapper": {"id": 2147483650, "data": {"local_path": "", "filename": "104925_15025.748047.jpg", "width": 1920, "height": 1080, "id_view": 8, "id_intrinsic": 0, "id_pose": 8}}}}, {"key": 7, "value": {"polymorphic_id": 1073741824, "ptr_wrapper": {"id": 2147483651, "data": {"local_path": "", "filename": "104924_15025.647461.jpg", "width": 1920, "height": 1080, "id_view": 7, "id_intrinsic": 0, "id_pose": 7}}}}, {"key": 6, "value": {"polymorphic_id": 1073741824, "ptr_wrapper": {"id": 2147483652, "data": {"local_path": "", "filename": "104923_15025.547852.jpg", "width": 1920, "height": 1080, "id_view": 6, "id_intrinsic": 0, "id_pose": 6}}}}, {"key": 5, "value": {"polymorphic_id": 1073741824, "ptr_wrapper": {"id": 2147483653, "data": {"local_path": "", "filename": "104922_15025.447266.jpg", "width": 1920, "height": 1080, "id_view": 5, "id_intrinsic": 0, "id_pose": 5}}}}, {"key": 4, "value": {"polymorphic_id": 1073741824, "ptr_wrapper": {"id": 2147483654, "data": {"local_path": "", "filename": "104921_15025.347656.jpg", "width": 1920, "height": 1080, "id_view": 4, "id_intrinsic": 0, "id_pose": 4}}}}, {"key": 3, "value": {"polymorphic_id": 1073741824, "ptr_wrapper": {"id": 2147483655, "data": {"local_path": "", "filename": "104920_15025.280047.jpg", "width": 1920, "height": 1080, "id_view": 3, "id_intrinsic": 0, "id_pose": 3}}}}, {"key": 2, "value": {"polymorphic_id": 1073741824, "ptr_wrapper": {"id": 2147483656, "data": {"local_path": "", "filename": "104919_15025.248047.jpg", "width": 1920, "height": 1080, "id_view": 2, "id_intrinsic": 0, "id_pose": 2}}}}, {"key": 1, "value": {"polymorphic_id": 1073741824, "ptr_wrapper": {"id": 2147483657, "data": {"local_path": "", "filename": "104918_15025.147461.jpg", "width": 1920, "height": 1080, "id_view": 1, "id_intrinsic": 0, "id_pose": 1}}}}, {"key": 0, "value": {"polymorphic_id": 1073741824, "ptr_wrapper": {"id": 2147483658, "data": {"local_path": "", "filename": "104917_15025.047852.jpg", "width": 1920, "height": 1080, "id_view": 0, "id_intrinsic": 0, "id_pose": 0}}}}], "intrinsics": [{"key": 0, "value": {"polymorphic_id": 2147483649, "polymorphic_name": "pinhole_radial_k3", "ptr_wrapper": {"id": 2147483659, "data": {"width": 1920, "height": 1080, "focal_length": 1739.13, "principal_point": [960.0, 540.0], "disto_k3": [0.0, 0.0, 0.0]}}}}], "extrinsics": [{"key": 0, "value": {"rotation": [[0.9999990622009809, -0.0008588934478973707, 0.001066723583729234], [0.0008596139690646303, 0.9999994025991754, -0.0006751778406234931], [-0.0010661430406442311, 0.0006760941779360452, 0.9999992031175222]], "center": [0.0006485432142141257, -0.0013658559266666141, 0.0011394857976083537]}}, {"key": 1, "value": {"rotation": [[0.999999959812526, -6.0126750538102066e-06, 0.0002834409886679367], [5.960357680372864e-06, 0.9999999829473665, 0.00018457990375190159], [-0.0002834420936535047, -0.0001845782069244268, 0.9999999427957309]], "center": [0.0012843153994424325, -0.011081560638015488, 0.0014213756732704907]}}, {"key": 2, "value": {"rotation": [[0.9999988765086304, -0.00026329254476823187, 0.0014756891653143222], [0.00026036706134503946, 0.9999980013578321, 0.001982293957611778], [-0.0014762081391603435, -0.0019819075096701587, 0.9999969464214143]], "center": [0.0019326119792973668, -0.022994352139251995, 0.0012863320156287009]}}, {"key": 3, "value": {"rotation": [[0.999997135107775, -0.0005932879480640088, 0.0023190053154440783], [0.0005881983772592586, 0.9999974184614863, 0.002194787696295719], [-0.002320301469931362, -0.0021934173733020724, 0.9999949025476655]], "center": [0.002136115005319532, -0.03338414916608622, 0.0013328121680797251]}}, {"key": 4, "value": {"rotation": [[0.9999912866502934, -0.001650365916006211, 0.0038344381379886924], [0.0016442696177518916, 0.9999973801742059, 0.0015924892929692145], [-0.003837056282479516, -0.0015861705669215998, 0.9999913804938609]], "center": [0.003074230330065806, -0.04314666952501306, 0.0013829128083771218]}}, {"key": 5, "value": {"rotation": [[0.9999878646073136, -0.0017523086800356235, 0.004604351463001542], [0.001742701446992189, 0.99999629798375, 0.00208973932852901], [-0.004607996285982042, -0.0020816899587645884, 0.9999872163868617]], "center": [0.003118160665304037, -0.05367374350311629, 0.001239588163924198]}}, {"key": 6, "value": {"rotation": [[0.9999811539820196, -0.002348916874114579, 0.005672236799223113], [0.0023356006681228224, 0.9999945039412319, 0.0023530951635437353], [-0.0056777328492124066, -0.0023398027370119426, 0.9999811441586512]], "center": [0.0032242152948768832, -0.06378817436432198, 0.0012945237367479817]}}, {"key": 7, "value": {"rotation": [[0.9999766164893182, -0.0023607791406939764, 0.006418192613455469], [0.002341614640326018, 0.9999927828354989, 0.00299184187261467], [-0.006425209370188711, -0.0029767429790602162, 0.9999749275285786]], "center": [0.0032616653385213056, -0.0744824196349309, 0.0010879005330785012]}}, {"key": 8, "value": {"rotation": [[0.9999678933108426, -0.0031776563854841555, 0.007356279451678875], [0.0031484968320162894, 0.9999871546415533, 0.0039720925956613215], [-0.007368806903032818, -0.003948803842370037, 0.9999650532058809]], "center": [0.004746695730267241, -0.08539488795202954, 0.0013233809295573901]}}, {"key": 9, "value": {"rotation": [[0.999960790288688, -0.0036007243496863186, 0.008090282404237559], [0.0035672059167919817, 0.9999850109382352, 0.00415366594758228], [-0.008105117344612802, -0.004124643380278675, 0.9999586463398453]], "center": [0.005548454624659294, -0.09591769113764329, 0.0014247842398750934]}}], "structure": [], "control_points": []}