{"sfm_data_version": "0.3", "root_path": "/mnt/ST8000/jialei/SFM_E/ex_sea_12/6-1/images", "views": [{"key": 9, "value": {"polymorphic_id": 1073741824, "ptr_wrapper": {"id": 2147483649, "data": {"local_path": "", "filename": "104926_15025.847656.jpg", "width": 1920, "height": 1080, "id_view": 9, "id_intrinsic": 0, "id_pose": 9}}}}, {"key": 8, "value": {"polymorphic_id": 1073741824, "ptr_wrapper": {"id": 2147483650, "data": {"local_path": "", "filename": "104925_15025.748047.jpg", "width": 1920, "height": 1080, "id_view": 8, "id_intrinsic": 0, "id_pose": 8}}}}, {"key": 7, "value": {"polymorphic_id": 1073741824, "ptr_wrapper": {"id": 2147483651, "data": {"local_path": "", "filename": "104924_15025.647461.jpg", "width": 1920, "height": 1080, "id_view": 7, "id_intrinsic": 0, "id_pose": 7}}}}, {"key": 6, "value": {"polymorphic_id": 1073741824, "ptr_wrapper": {"id": 2147483652, "data": {"local_path": "", "filename": "104923_15025.547852.jpg", "width": 1920, "height": 1080, "id_view": 6, "id_intrinsic": 0, "id_pose": 6}}}}, {"key": 5, "value": {"polymorphic_id": 1073741824, "ptr_wrapper": {"id": 2147483653, "data": {"local_path": "", "filename": "104922_15025.447266.jpg", "width": 1920, "height": 1080, "id_view": 5, "id_intrinsic": 0, "id_pose": 5}}}}, {"key": 4, "value": {"polymorphic_id": 1073741824, "ptr_wrapper": {"id": 2147483654, "data": {"local_path": "", "filename": "104921_15025.347656.jpg", "width": 1920, "height": 1080, "id_view": 4, "id_intrinsic": 0, "id_pose": 4}}}}, {"key": 3, "value": {"polymorphic_id": 1073741824, "ptr_wrapper": {"id": 2147483655, "data": {"local_path": "", "filename": "104920_15025.280047.jpg", "width": 1920, "height": 1080, "id_view": 3, "id_intrinsic": 0, "id_pose": 3}}}}, {"key": 2, "value": {"polymorphic_id": 1073741824, "ptr_wrapper": {"id": 2147483656, "data": {"local_path": "", "filename": "104919_15025.248047.jpg", "width": 1920, "height": 1080, "id_view": 2, "id_intrinsic": 0, "id_pose": 2}}}}, {"key": 1, "value": {"polymorphic_id": 1073741824, "ptr_wrapper": {"id": 2147483657, "data": {"local_path": "", "filename": "104918_15025.147461.jpg", "width": 1920, "height": 1080, "id_view": 1, "id_intrinsic": 0, "id_pose": 1}}}}, {"key": 0, "value": {"polymorphic_id": 1073741824, "ptr_wrapper": {"id": 2147483658, "data": {"local_path": "", "filename": "104917_15025.047852.jpg", "width": 1920, "height": 1080, "id_view": 0, "id_intrinsic": 0, "id_pose": 0}}}}], "intrinsics": [{"key": 0, "value": {"polymorphic_id": 2147483649, "polymorphic_name": "pinhole_radial_k3", "ptr_wrapper": {"id": 2147483659, "data": {"width": 1920, "height": 1080, "focal_length": 1739.13, "principal_point": [960.0, 540.0], "disto_k3": [0.0, 0.0, 0.0]}}}}], "extrinsics": [{"key": 0, "value": {"rotation": [[0.9999962488061103, -0.0017170643716171998, 0.0021340252228563045], [0.0017199464546060353, 0.9999976103980948, -0.0013494377693640568], [-0.0021317030518700764, 0.0013531031164774332, 0.9999968124719473]], "center": [102655.28827201514, -59731.17478724362, 609.331633765104]}}, {"key": 1, "value": {"rotation": [[0.9999987146563275, -0.0008647144520401908, 0.0013501683632840687], [0.0008653775179169036, 0.9999995052206381, -0.0004905917143923814], [-0.0013497434735031193, 0.0004917594891604509, 0.9999989681820479]], "center": [102655.69282691373, -59737.44261763041, 609.5181501370084]}}, {"key": 2, "value": {"rotation": [[0.9999961390849815, -0.0011211871655619028, 0.002542588143929829], [0.0011178656592695775, 0.9999985205480421, 0.001307393626456666], [-0.002544050215247155, -0.0013045463067491434, 0.999995912975366]], "center": [102656.10452968399, -59745.1279774806, 609.4366683181449]}}, {"key": 3, "value": {"rotation": [[0.9999932149214564, -0.0014506107149011062, 0.0033861245700261737], [0.0014454696179573901, 0.9999977997456547, 0.0015202372947629372], [-0.0033883223921998755, -0.0015153324396448191, 0.9999931114957562]], "center": [102656.23001594293, -59751.83052798247, 609.4713180514951]}}, {"key": 4, "value": {"rotation": [[0.9999848421223144, -0.0025066584528338717, 0.0049022636618811675], [0.002502181971406266, 0.9999964471952845, 0.0009190659333465314], [-0.004904550029486267, -0.0009067856465035967, 0.9999875614870415]], "center": [102656.82974578966, -59758.1288277579, 609.5085356649195]}}, {"key": 5, "value": {"rotation": [[0.9999805116133864, -0.002608077682875743, 0.005672241552484912], [0.0026000826384063856, 0.9999956166508759, 0.001416421302881142], [-0.005675910825859487, -0.0014016454023336603, 0.9999829095671902]], "center": [102656.85234615821, -59764.91992998872, 609.4206923320504]}}, {"key": 6, "value": {"rotation": [[0.9999721496231286, -0.0032039577657698515, 0.006740521695977284], [0.003192698986341987, 0.9999934914255201, 0.001680410598911925], [-0.00674586178937788, -0.0016588433420572334, 0.9999758705026265]], "center": [102656.91511536385, -59771.444784097, 609.4606096596569]}}, {"key": 7, "value": {"rotation": [[0.9999668066421125, -0.0032153117916569702, 0.007486480084659581], [0.003198030478060145, 0.9999921970083849, 0.002319164376275233], [-0.007493878504284071, -0.0022951454039379557, 0.9999692865746118]], "center": [102656.93348612983, -59778.343752544955, 609.3320007879814]}}, {"key": 8, "value": {"rotation": [[0.9999563811379727, -0.004031546821113451, 0.00842510840753201], [0.004003861987496489, 0.9999865385337808, 0.003300278838472261], [-0.008438300221879795, -0.0032664019127714903, 0.9999590620159955]], "center": [102657.88526557635, -59785.384105920864, 609.4896840821349]}}, {"key": 9, "value": {"rotation": [[0.9999481318952077, -0.004454112176712461, 0.009159388844329862], [0.004422375253684377, 0.9999841579659401, 0.003482300139937026], [-0.009174754296436034, -0.003441613265064377, 0.999951988438312]], "center": [102658.39657503078, -59792.17276621768, 609.5602343552166]}}], "structure": [], "control_points": []}