{"sfm_data_version": "0.3", "root_path": "/mnt/ST8000/jialei/SFM_E/ex_sea_12/1-2/images", "views": [{"key": 9, "value": {"polymorphic_id": 1073741824, "ptr_wrapper": {"id": 2147483649, "data": {"local_path": "", "filename": "038735_11734.566406.jpg", "width": 1920, "height": 1080, "id_view": 9, "id_intrinsic": 0, "id_pose": 9}}}}, {"key": 8, "value": {"polymorphic_id": 1073741824, "ptr_wrapper": {"id": 2147483650, "data": {"local_path": "", "filename": "038734_11734.465820.jpg", "width": 1920, "height": 1080, "id_view": 8, "id_intrinsic": 0, "id_pose": 8}}}}, {"key": 7, "value": {"polymorphic_id": 1073741824, "ptr_wrapper": {"id": 2147483651, "data": {"local_path": "", "filename": "038733_11734.399211.jpg", "width": 1920, "height": 1080, "id_view": 7, "id_intrinsic": 0, "id_pose": 7}}}}, {"key": 6, "value": {"polymorphic_id": 1073741824, "ptr_wrapper": {"id": 2147483652, "data": {"local_path": "", "filename": "038732_11734.299602.jpg", "width": 1920, "height": 1080, "id_view": 6, "id_intrinsic": 0, "id_pose": 6}}}}, {"key": 5, "value": {"polymorphic_id": 1073741824, "ptr_wrapper": {"id": 2147483653, "data": {"local_path": "", "filename": "038731_11734.198016.jpg", "width": 1920, "height": 1080, "id_view": 5, "id_intrinsic": 0, "id_pose": 5}}}}, {"key": 4, "value": {"polymorphic_id": 1073741824, "ptr_wrapper": {"id": 2147483654, "data": {"local_path": "", "filename": "038730_11734.100406.jpg", "width": 1920, "height": 1080, "id_view": 4, "id_intrinsic": 0, "id_pose": 4}}}}, {"key": 3, "value": {"polymorphic_id": 1073741824, "ptr_wrapper": {"id": 2147483655, "data": {"local_path": "", "filename": "038729_11733.998820.jpg", "width": 1920, "height": 1080, "id_view": 3, "id_intrinsic": 0, "id_pose": 3}}}}, {"key": 2, "value": {"polymorphic_id": 1073741824, "ptr_wrapper": {"id": 2147483656, "data": {"local_path": "", "filename": "038728_11733.899211.jpg", "width": 1920, "height": 1080, "id_view": 2, "id_intrinsic": 0, "id_pose": 2}}}}, {"key": 1, "value": {"polymorphic_id": 1073741824, "ptr_wrapper": {"id": 2147483657, "data": {"local_path": "", "filename": "038727_11733.798602.jpg", "width": 1920, "height": 1080, "id_view": 1, "id_intrinsic": 0, "id_pose": 1}}}}, {"key": 0, "value": {"polymorphic_id": 1073741824, "ptr_wrapper": {"id": 2147483658, "data": {"local_path": "", "filename": "038726_11733.699016.jpg", "width": 1920, "height": 1080, "id_view": 0, "id_intrinsic": 0, "id_pose": 0}}}}], "intrinsics": [{"key": 0, "value": {"polymorphic_id": 2147483649, "polymorphic_name": "pinhole_radial_k3", "ptr_wrapper": {"id": 2147483659, "data": {"width": 1920, "height": 1080, "focal_length": 1739.13, "principal_point": [960.0, 540.0], "disto_k3": [0.0, 0.0, 0.0]}}}}], "extrinsics": [{"key": 0, "value": {"rotation": [[0.9999993060310024, -0.0011780757906250051, 8.657092510774772e-06], [0.0011780744995088259, 0.9999992951680524, 0.000147661342802959], [-8.831042662137338e-06, -0.00014765104163063866, 0.9999999890605913]], "center": [-0.0003240391408071434, -0.0011196055984606307, 0.000616598315603114]}}, {"key": 1, "value": {"rotation": [[0.9999998574059519, 0.0002131333287353673, 0.000489655246145756], [-0.0002135913121210145, 0.9999995396501018, 0.0009354562180809297], [-0.0004894556438353759, -0.0009355606707969475, 0.9999994425795466]], "center": [-0.00046499506057928833, -0.01146199694460313, 0.002315312302957132]}}, {"key": 2, "value": {"rotation": [[0.9999996510578255, -0.0006397405432286138, 0.0005372301782117455], [0.0006390261189026959, 0.9999989127688652, 0.0013289494750193592], [-0.0005380797769774475, -0.0013286057071770585, 0.9999989726379863]], "center": [-0.0004843752751783644, -0.022712875980300855, 0.003115177910706053]}}, {"key": 3, "value": {"rotation": [[0.9999948491795693, -0.0021940486401265022, 0.00234259789444606], [0.0021915821343955377, 0.999997042028487, 0.0010549417164300821], [-0.0023449055585465814, -0.00104980228692114, 0.9999966996610937]], "center": [-0.0021282510010663196, -0.032979621538727986, 0.0020491322150010694]}}, {"key": 4, "value": {"rotation": [[0.9999918620352971, -0.003148392143540329, 0.0025225959030269808], [0.0031457503463910115, 0.9999945002975944, 0.0010505376353131786], [-0.0025258895339377377, -0.001042593629139145, 0.9999962664333235]], "center": [-0.0015589829718178259, -0.04376433274748479, 0.002992358916893324]}}, {"key": 5, "value": {"rotation": [[0.9999865006909222, -0.004578084648593055, 0.00245755506040913], [0.004577818709772421, 0.9999895152546708, 0.00011382701581639873], [-0.002458050403283854, -0.00010257523769441741, 0.9999969737286886]], "center": [-0.0013334985853693572, -0.05369799924158667, 0.0046263036501169065]}}, {"key": 6, "value": {"rotation": [[0.9999797482815331, -0.00584430855206471, 0.002519342047029976], [0.005843835837645592, 0.9999829056415864, 0.00019495464414810975], [-0.0025204383555880844, -0.0001802280746397356, 0.9999968074490722]], "center": [-0.0007251995857815796, -0.06487351444952286, 0.005840685589304802]}}, {"key": 7, "value": {"rotation": [[0.9999665705118588, -0.007640030670536264, 0.002913381215190483], [0.0076397516389536185, 0.9999708109584152, 0.00010689277289330627], [-0.0029141128404483892, -8.463169060892605e-05, 0.9999957503828852]], "center": [-0.001009029209954676, -0.07622222333679643, 0.0067036808160516655]}}, {"key": 8, "value": {"rotation": [[0.9999608244152076, -0.008104118186586374, 0.00355990214419145], [0.008102992174933417, 0.999967115565565, 0.000330613516673016], [-0.00356246440983601, -0.00030175470547717456, 0.9999936088752898]], "center": [-0.0022205646253210575, -0.086860941782119, 0.006613239220146192]}}, {"key": 9, "value": {"rotation": [[0.9999465485412837, -0.009450295297845059, 0.004194279337099993], [0.009449893420490088, 0.9999553420756058, 0.00011562352700002648], [-0.00419518470576401, -7.598185404240491e-05, 0.9999911972872769]], "center": [-0.0021358492741370516, -0.0977934056268711, 0.007087052524807204]}}], "structure": [], "control_points": []}