{"sfm_data_version": "0.3", "root_path": "/mnt/ST8000/jialei/SFM_E/ex_sea_12/1-2/images", "views": [{"key": 9, "value": {"polymorphic_id": 1073741824, "ptr_wrapper": {"id": 2147483649, "data": {"local_path": "", "filename": "038735_11734.566406.jpg", "width": 1920, "height": 1080, "id_view": 9, "id_intrinsic": 0, "id_pose": 9}}}}, {"key": 8, "value": {"polymorphic_id": 1073741824, "ptr_wrapper": {"id": 2147483650, "data": {"local_path": "", "filename": "038734_11734.465820.jpg", "width": 1920, "height": 1080, "id_view": 8, "id_intrinsic": 0, "id_pose": 8}}}}, {"key": 7, "value": {"polymorphic_id": 1073741824, "ptr_wrapper": {"id": 2147483651, "data": {"local_path": "", "filename": "038733_11734.399211.jpg", "width": 1920, "height": 1080, "id_view": 7, "id_intrinsic": 0, "id_pose": 7}}}}, {"key": 6, "value": {"polymorphic_id": 1073741824, "ptr_wrapper": {"id": 2147483652, "data": {"local_path": "", "filename": "038732_11734.299602.jpg", "width": 1920, "height": 1080, "id_view": 6, "id_intrinsic": 0, "id_pose": 6}}}}, {"key": 5, "value": {"polymorphic_id": 1073741824, "ptr_wrapper": {"id": 2147483653, "data": {"local_path": "", "filename": "038731_11734.198016.jpg", "width": 1920, "height": 1080, "id_view": 5, "id_intrinsic": 0, "id_pose": 5}}}}, {"key": 4, "value": {"polymorphic_id": 1073741824, "ptr_wrapper": {"id": 2147483654, "data": {"local_path": "", "filename": "038730_11734.100406.jpg", "width": 1920, "height": 1080, "id_view": 4, "id_intrinsic": 0, "id_pose": 4}}}}, {"key": 3, "value": {"polymorphic_id": 1073741824, "ptr_wrapper": {"id": 2147483655, "data": {"local_path": "", "filename": "038729_11733.998820.jpg", "width": 1920, "height": 1080, "id_view": 3, "id_intrinsic": 0, "id_pose": 3}}}}, {"key": 2, "value": {"polymorphic_id": 1073741824, "ptr_wrapper": {"id": 2147483656, "data": {"local_path": "", "filename": "038728_11733.899211.jpg", "width": 1920, "height": 1080, "id_view": 2, "id_intrinsic": 0, "id_pose": 2}}}}, {"key": 1, "value": {"polymorphic_id": 1073741824, "ptr_wrapper": {"id": 2147483657, "data": {"local_path": "", "filename": "038727_11733.798602.jpg", "width": 1920, "height": 1080, "id_view": 1, "id_intrinsic": 0, "id_pose": 1}}}}, {"key": 0, "value": {"polymorphic_id": 1073741824, "ptr_wrapper": {"id": 2147483658, "data": {"local_path": "", "filename": "038726_11733.699016.jpg", "width": 1920, "height": 1080, "id_view": 0, "id_intrinsic": 0, "id_pose": 0}}}}], "intrinsics": [{"key": 0, "value": {"polymorphic_id": 2147483649, "polymorphic_name": "pinhole_radial_k3", "ptr_wrapper": {"id": 2147483659, "data": {"width": 1920, "height": 1080, "focal_length": 1739.13, "principal_point": [960.0, 540.0], "disto_k3": [0.0, 0.0, 0.0]}}}}], "extrinsics": [{"key": 0, "value": {"rotation": [[0.999999980641775, 5.660651339583097e-05, 0.00018844668391723745], [-5.6650664279157534e-05, 0.9999999709491284, 0.00023429136677397713], [-0.00018843341602530522, -0.00023430203786833724, 0.9999999547977002]], "center": [102655.28827465016, -59731.17478756927, 609.3316319951065]}}, {"key": 1, "value": {"rotation": [[0.999998727816283, 0.001447773574119131, 0.0006695651528963847], [-0.0014484573279502564, 0.9999984289101486, 0.0010218358986079283], [-0.0006680847139382952, -0.0010228044351971845, 0.9999992537666725]], "center": [102655.20703963996, -59737.71366264596, 610.4050135393646]}}, {"key": 2, "value": {"rotation": [[0.999999565957223, 0.000594895978758416, 0.0007170663431020548], [-0.0005959105306580951, 0.9999988206493098, 0.0014154824721848832], [-0.000716223432598678, -0.0014159091651899335, 0.9999987411118225]], "center": [102655.20347861799, -59744.82675814283, 610.9100884641889]}}, {"key": 3, "value": {"rotation": [[0.9999963586072194, -0.0009595732738085912, 0.0025222988391168898], [0.0009566958485217839, 0.9999988905649856, 0.0011417538490534399], [-0.0025233916372690846, -0.0011393366186510463, 0.9999961671960117]], "center": [102654.17232208684, -59751.31883012669, 610.2353641134873]}}, {"key": 4, "value": {"rotation": [[0.9999945174309456, -0.0019139353294604672, 0.002702213834139623], [0.0019108672478487993, 0.9999975273128889, 0.00113752119514592], [-0.0027043842944137137, -0.001132351386694988, 0.999995702033726]], "center": [102654.54053637038, -59758.13675311751, 610.8311673478493]}}, {"key": 5, "value": {"rotation": [[0.9999909330233827, -0.0033436277238137685, 0.002637048476957817], [0.003343109057756202, 0.9999943915810607, 0.00020106778046477864], [-0.002637705983090294, -0.00019225001673877756, 0.9999965027674234]], "center": [102654.6906607473, -59764.41693436877, 611.8636644167864]}}, {"key": 6, "value": {"rotation": [[0.9999857329157382, -0.004609864347712482, 0.002698724822904313], [0.004609118775533876, 0.9999893380739611, 0.0002824225817402451], [-0.002699997979090382, -0.0002699798091421399, 0.999996318554131]], "center": [102655.08382545279, -59771.48191605126, 612.6308807705486]}}, {"key": 7, "value": {"rotation": [[0.9999747014896445, -0.006405635500709767, 0.0030926064296433412], [0.006405063944361674, 0.9999794684164774, 0.00019468273706854805], [-0.003093790000188066, -0.00017486946994864981, 0.9999951989305261]], "center": [102654.91314328121, -59778.65707147264, 613.1758321443627]}}, {"key": 8, "value": {"rotation": [[0.9999694121710957, -0.006869785770595471, 0.003739086206504827], [0.006868268460886614, 0.9999763255984648, 0.000418486490089699], [-0.0037418725984114305, -0.00039279264163179407, 0.9999929220266497]], "center": [102654.15550063332, -59785.384028305045, 613.1179340294543]}}, {"key": 9, "value": {"rotation": [[0.9999566843799332, -0.008216034439466766, 0.004373344484519379], [0.008215221846632023, 0.9999662337403831, 0.00020373778337192086], [-0.004374870729678949, -0.00016780096319134847, 0.9999904161285418]], "center": [102654.21753946751, -59792.295716069435, 613.4169010806554]}}], "structure": [], "control_points": []}