{"sfm_data_version": "0.3", "root_path": "/mnt/ST8000/jialei/SFM_E/ex_sea_12/6-3/images", "views": [{"key": 9, "value": {"polymorphic_id": 1073741824, "ptr_wrapper": {"id": 2147483649, "data": {"local_path": "", "filename": "087511_13303.979266.jpg", "width": 1920, "height": 1080, "id_view": 9, "id_intrinsic": 0, "id_pose": 9}}}}, {"key": 8, "value": {"polymorphic_id": 1073741824, "ptr_wrapper": {"id": 2147483650, "data": {"local_path": "", "filename": "087510_13303.879656.jpg", "width": 1920, "height": 1080, "id_view": 8, "id_intrinsic": 0, "id_pose": 8}}}}, {"key": 7, "value": {"polymorphic_id": 1073741824, "ptr_wrapper": {"id": 2147483651, "data": {"local_path": "", "filename": "087509_13303.781047.jpg", "width": 1920, "height": 1080, "id_view": 7, "id_intrinsic": 0, "id_pose": 7}}}}, {"key": 6, "value": {"polymorphic_id": 1073741824, "ptr_wrapper": {"id": 2147483652, "data": {"local_path": "", "filename": "087508_13303.679461.jpg", "width": 1920, "height": 1080, "id_view": 6, "id_intrinsic": 0, "id_pose": 6}}}}, {"key": 5, "value": {"polymorphic_id": 1073741824, "ptr_wrapper": {"id": 2147483653, "data": {"local_path": "", "filename": "087507_13303.580852.jpg", "width": 1920, "height": 1080, "id_view": 5, "id_intrinsic": 0, "id_pose": 5}}}}, {"key": 4, "value": {"polymorphic_id": 1073741824, "ptr_wrapper": {"id": 2147483654, "data": {"local_path": "", "filename": "087506_13303.479266.jpg", "width": 1920, "height": 1080, "id_view": 4, "id_intrinsic": 0, "id_pose": 4}}}}, {"key": 3, "value": {"polymorphic_id": 1073741824, "ptr_wrapper": {"id": 2147483655, "data": {"local_path": "", "filename": "087505_13303.379656.jpg", "width": 1920, "height": 1080, "id_view": 3, "id_intrinsic": 0, "id_pose": 3}}}}, {"key": 2, "value": {"polymorphic_id": 1073741824, "ptr_wrapper": {"id": 2147483656, "data": {"local_path": "", "filename": "087504_13303.248047.jpg", "width": 1920, "height": 1080, "id_view": 2, "id_intrinsic": 0, "id_pose": 2}}}}, {"key": 1, "value": {"polymorphic_id": 1073741824, "ptr_wrapper": {"id": 2147483657, "data": {"local_path": "", "filename": "087503_13303.179461.jpg", "width": 1920, "height": 1080, "id_view": 1, "id_intrinsic": 0, "id_pose": 1}}}}, {"key": 0, "value": {"polymorphic_id": 1073741824, "ptr_wrapper": {"id": 2147483658, "data": {"local_path": "", "filename": "087502_13303.047852.jpg", "width": 1920, "height": 1080, "id_view": 0, "id_intrinsic": 0, "id_pose": 0}}}}], "intrinsics": [{"key": 0, "value": {"polymorphic_id": 2147483649, "polymorphic_name": "pinhole_radial_k3", "ptr_wrapper": {"id": 2147483659, "data": {"width": 1920, "height": 1080, "focal_length": 1739.13, "principal_point": [960.0, 540.0], "disto_k3": [0.0, 0.0, 0.0]}}}}], "extrinsics": [{"key": 0, "value": {"rotation": [[0.999999965881803, 0.0002598333456964872, 2.6889141784241834e-05], [-0.0002598310714712808, 0.9999999626698267, -8.454678727045529e-05], [-2.691110885506992e-05, 8.453979775135057e-05, 0.9999999960644074]], "center": [102655.28827441107, -59731.174787437776, 609.3316321661787]}}, {"key": 1, "value": {"rotation": [[0.999999838429521, 0.00040133380012099526, -0.0004025818092484617], [-0.0004014908659123335, 0.9999998432973918, -0.00039014135447278385], [0.000402425169250479, 0.0003903029243566292, 0.999999842858793]], "center": [102653.89871579943, -59738.16971224175, 609.2587997862255]}}, {"key": 2, "value": {"rotation": [[0.9999999519431939, 0.0002696932409578775, -0.000152902474010999], [-0.0002695694471902973, 0.9999996363697576, 0.0008090690119991306], [0.00015312061885499914, -0.0008090277552825061, 0.9999996610140264]], "center": [102653.21650959374, -59745.84635424333, 609.3149703638077]}}, {"key": 3, "value": {"rotation": [[0.999999626906229, -0.0008469128837482393, -0.00017007636803295214], [0.0008468801000644433, 0.9999996228229702, -0.00019273820222925873], [0.00017023953635070146, 0.0001925940960282213, 0.9999999669630069]], "center": [102652.59598332248, -59752.355642572256, 609.7506827501124]}}, {"key": 4, "value": {"rotation": [[0.9999988806416238, -0.0014624701268019927, 0.0003160642786476829], [0.0014624505401597137, 0.9999989286846713, 6.21926716187674e-05], [-0.0003161548949675191, -6.173037362788391e-05, 0.9999999481177205]], "center": [102651.74037662976, -59759.59325516951, 609.7858341235968]}}, {"key": 5, "value": {"rotation": [[0.9999984219934027, -0.0016678248246355047, 0.000611858692528947], [0.0016668055424647766, 0.9999972287180381, 0.0016626230867330533], [-0.0006146299609540668, -0.0016616006136429859, 0.9999984306554748]], "center": [102651.10407071702, -59767.51525772438, 609.8456667348033]}}, {"key": 6, "value": {"rotation": [[0.9999972448851195, -0.0019972914678088767, 0.0012333081380470146], [0.001994160871063794, 0.9999948000377177, 0.002534407217981165], [-0.0012383636748036816, -0.0025319408205673093, 0.9999960278576561]], "center": [102649.92988956564, -59774.9449317241, 609.7425319101071]}}, {"key": 7, "value": {"rotation": [[0.9999967589396733, -0.0020578638240499074, 0.0014991019414264367], [0.00205150477870337, 0.9999889442370954, 0.004231161982701085], [-0.0015077925228887303, -0.004228072854453288, 0.9999899249300691]], "center": [102649.44975976803, -59782.934940735024, 609.7472124807323]}}, {"key": 8, "value": {"rotation": [[0.9999946625853691, -0.002019672350354829, 0.0025682142378609138], [0.0020049231050704363, 0.9999815582738015, 0.005732660433369559], [-0.002579744971328413, -0.005727480763719659, 0.9999802702453603]], "center": [102647.68980692136, -59790.619170821425, 609.385078665974]}}, {"key": 9, "value": {"rotation": [[0.9999921899443622, -0.0023994154462793856, 0.0031405183959387364], [0.0023757850890406378, 0.9999690030063891, 0.007506575225824009], [-0.0031584324418556207, -0.007499055402276954, 0.9999668936882778]], "center": [102646.99550447648, -59798.77559292084, 609.1581175679264]}}], "structure": [], "control_points": []}