{"sfm_data_version": "0.3", "root_path": "/mnt/ST8000/jialei/SFM_E/ex_sea_12/6-3/images", "views": [{"key": 9, "value": {"polymorphic_id": 1073741824, "ptr_wrapper": {"id": 2147483649, "data": {"local_path": "", "filename": "087511_13303.979266.jpg", "width": 1920, "height": 1080, "id_view": 9, "id_intrinsic": 0, "id_pose": 9}}}}, {"key": 8, "value": {"polymorphic_id": 1073741824, "ptr_wrapper": {"id": 2147483650, "data": {"local_path": "", "filename": "087510_13303.879656.jpg", "width": 1920, "height": 1080, "id_view": 8, "id_intrinsic": 0, "id_pose": 8}}}}, {"key": 7, "value": {"polymorphic_id": 1073741824, "ptr_wrapper": {"id": 2147483651, "data": {"local_path": "", "filename": "087509_13303.781047.jpg", "width": 1920, "height": 1080, "id_view": 7, "id_intrinsic": 0, "id_pose": 7}}}}, {"key": 6, "value": {"polymorphic_id": 1073741824, "ptr_wrapper": {"id": 2147483652, "data": {"local_path": "", "filename": "087508_13303.679461.jpg", "width": 1920, "height": 1080, "id_view": 6, "id_intrinsic": 0, "id_pose": 6}}}}, {"key": 5, "value": {"polymorphic_id": 1073741824, "ptr_wrapper": {"id": 2147483653, "data": {"local_path": "", "filename": "087507_13303.580852.jpg", "width": 1920, "height": 1080, "id_view": 5, "id_intrinsic": 0, "id_pose": 5}}}}, {"key": 4, "value": {"polymorphic_id": 1073741824, "ptr_wrapper": {"id": 2147483654, "data": {"local_path": "", "filename": "087506_13303.479266.jpg", "width": 1920, "height": 1080, "id_view": 4, "id_intrinsic": 0, "id_pose": 4}}}}, {"key": 3, "value": {"polymorphic_id": 1073741824, "ptr_wrapper": {"id": 2147483655, "data": {"local_path": "", "filename": "087505_13303.379656.jpg", "width": 1920, "height": 1080, "id_view": 3, "id_intrinsic": 0, "id_pose": 3}}}}, {"key": 2, "value": {"polymorphic_id": 1073741824, "ptr_wrapper": {"id": 2147483656, "data": {"local_path": "", "filename": "087504_13303.248047.jpg", "width": 1920, "height": 1080, "id_view": 2, "id_intrinsic": 0, "id_pose": 2}}}}, {"key": 1, "value": {"polymorphic_id": 1073741824, "ptr_wrapper": {"id": 2147483657, "data": {"local_path": "", "filename": "087503_13303.179461.jpg", "width": 1920, "height": 1080, "id_view": 1, "id_intrinsic": 0, "id_pose": 1}}}}, {"key": 0, "value": {"polymorphic_id": 1073741824, "ptr_wrapper": {"id": 2147483658, "data": {"local_path": "", "filename": "087502_13303.047852.jpg", "width": 1920, "height": 1080, "id_view": 0, "id_intrinsic": 0, "id_pose": 0}}}}], "intrinsics": [{"key": 0, "value": {"polymorphic_id": 2147483649, "polymorphic_name": "pinhole_radial_k3", "ptr_wrapper": {"id": 2147483659, "data": {"width": 1920, "height": 1080, "focal_length": 1739.13, "principal_point": [960.0, 540.0], "disto_k3": [0.0, 0.0, 0.0]}}}}], "extrinsics": [{"key": 0, "value": {"rotation": [[0.9999999751562212, -4.9572249041730013e-05, 0.0002173249850814389], [4.957307243221154e-05, 0.9999999987640983, -3.7833669420692684e-06], [-0.00021732479726283802, 3.7941403153194636e-06, 0.9999999763777682]], "center": [0.0001690569076075485, -3.0035115724051828e-05, 0.00015534873645151856]}}, {"key": 1, "value": {"rotation": [[0.9999999732708776, 9.196291907113339e-05, -0.00021213454597017277], [-9.202855221004692e-05, 0.9999999478996718, -0.0003094049113821187], [0.00021210608113907966, 0.0003094244255471281, 0.9999999296337652]], "center": [-0.002095157677256936, -0.011409587518408175, 3.550531527786055e-05]}}, {"key": 2, "value": {"rotation": [[0.9999999985076345, -3.9697831083268024e-05, 3.7534167285292826e-05], [3.966441634685847e-05, 0.9999996033141004, 0.0008898305325086285], [-3.756947673823061e-05, -0.0008898290424098627, 0.9999996033963263]], "center": [-0.0032089416903193333, -0.023898619917591814, 0.0001256703394607724]}}, {"key": 3, "value": {"rotation": [[0.9999993312767075, -0.0011563024112741162, 2.0269975562892966e-05], [0.0011563046697433833, 0.9999993252339243, -0.00011176407280573546], [-2.0140728818531412e-05, 0.00011178743633387592, 0.9999999935489602]], "center": [-0.004221906698150142, -0.03448852911165981, 0.0008334963826061848]}}, {"key": 4, "value": {"rotation": [[0.9999983019855543, -0.0017718986497521378, 0.0005063607247788158], [0.001771826305460028, 0.9999984200493786, 0.0001432839532474476], [-0.0005066138093971583, -0.00014238652669703157, 0.9999998615342531]], "center": [-0.005617573871225646, -0.04626320082520449, 0.0008894686109270356]}}, {"key": 5, "value": {"rotation": [[0.9999977234720336, -0.001977277081755519, 0.0008021384496902488], [0.0019758759826068715, 0.99999652761357, 0.0017437531089700817], [-0.0008055835474141993, -0.001742164213169923, 0.9999981579478049]], "center": [-0.006656805904106061, -0.059151441551490075, 0.0009855734723276158]}}, {"key": 6, "value": {"rotation": [[0.999996326082053, -0.002306793528399285, 0.0014235610326199827], [0.0023030645157615486, 0.9999939272484772, 0.0026155993586149196], [-0.0014295860353609323, -0.0026123111962172716, 0.9999955660471608]], "center": [-0.00857082562674669, -0.07123840542250068, 0.0008164396193827633]}}, {"key": 7, "value": {"rotation": [[0.9999957707785454, -0.0023673871950977542, 0.00168934984275411], [0.0023600834781851, 0.9999879166860531, 0.0043123645329415095], [-0.0016995384663855047, -0.0043083592883441735, 0.9999892747471063]], "center": [-0.009355987011437446, -0.08423735934402572, 0.0008228553430435524]}}, {"key": 8, "value": {"rotation": [[0.9999934826387828, -0.0023292814098088673, 0.0027584648035023527], [0.002313213577363079, 0.9999804238836905, 0.005813853484762913], [-0.0027719529043159765, -0.005807434675543564, 0.9999792947754393]], "center": [-0.01222306485564013, -0.09673813956380979, 0.00023213300280858467]}}, {"key": 9, "value": {"rotation": [[0.9999907835204522, -0.0027090699371135857, 0.003330737790368787], [0.0026837338283481763, 0.9999676106202742, 0.007587837842268185], [-0.003351185893223946, -0.007578829095434551, 0.9999656648618745]], "center": [-0.013356682392830988, -0.11000769788886054, -0.00013840457247770753]}}], "structure": [], "control_points": []}