{"sfm_data_version": "0.3", "root_path": "/mnt/ST8000/jialei/SFM_E/ex_sea_12/1-2/images", "views": [{"key": 9, "value": {"polymorphic_id": 1073741824, "ptr_wrapper": {"id": 2147483649, "data": {"local_path": "", "filename": "038735_11734.566406.jpg", "width": 1920, "height": 1080, "id_view": 9, "id_intrinsic": 0, "id_pose": 9}}}}, {"key": 8, "value": {"polymorphic_id": 1073741824, "ptr_wrapper": {"id": 2147483650, "data": {"local_path": "", "filename": "038734_11734.465820.jpg", "width": 1920, "height": 1080, "id_view": 8, "id_intrinsic": 0, "id_pose": 8}}}}, {"key": 7, "value": {"polymorphic_id": 1073741824, "ptr_wrapper": {"id": 2147483651, "data": {"local_path": "", "filename": "038733_11734.399211.jpg", "width": 1920, "height": 1080, "id_view": 7, "id_intrinsic": 0, "id_pose": 7}}}}, {"key": 6, "value": {"polymorphic_id": 1073741824, "ptr_wrapper": {"id": 2147483652, "data": {"local_path": "", "filename": "038732_11734.299602.jpg", "width": 1920, "height": 1080, "id_view": 6, "id_intrinsic": 0, "id_pose": 6}}}}, {"key": 5, "value": {"polymorphic_id": 1073741824, "ptr_wrapper": {"id": 2147483653, "data": {"local_path": "", "filename": "038731_11734.198016.jpg", "width": 1920, "height": 1080, "id_view": 5, "id_intrinsic": 0, "id_pose": 5}}}}, {"key": 4, "value": {"polymorphic_id": 1073741824, "ptr_wrapper": {"id": 2147483654, "data": {"local_path": "", "filename": "038730_11734.100406.jpg", "width": 1920, "height": 1080, "id_view": 4, "id_intrinsic": 0, "id_pose": 4}}}}, {"key": 3, "value": {"polymorphic_id": 1073741824, "ptr_wrapper": {"id": 2147483655, "data": {"local_path": "", "filename": "038729_11733.998820.jpg", "width": 1920, "height": 1080, "id_view": 3, "id_intrinsic": 0, "id_pose": 3}}}}, {"key": 2, "value": {"polymorphic_id": 1073741824, "ptr_wrapper": {"id": 2147483656, "data": {"local_path": "", "filename": "038728_11733.899211.jpg", "width": 1920, "height": 1080, "id_view": 2, "id_intrinsic": 0, "id_pose": 2}}}}, {"key": 1, "value": {"polymorphic_id": 1073741824, "ptr_wrapper": {"id": 2147483657, "data": {"local_path": "", "filename": "038727_11733.798602.jpg", "width": 1920, "height": 1080, "id_view": 1, "id_intrinsic": 0, "id_pose": 1}}}}, {"key": 0, "value": {"polymorphic_id": 1073741824, "ptr_wrapper": {"id": 2147483658, "data": {"local_path": "", "filename": "038726_11733.699016.jpg", "width": 1920, "height": 1080, "id_view": 0, "id_intrinsic": 0, "id_pose": 0}}}}], "intrinsics": [{"key": 0, "value": {"polymorphic_id": 2147483649, "polymorphic_name": "pinhole_radial_k3", "ptr_wrapper": {"id": 2147483659, "data": {"width": 1920, "height": 1080, "focal_length": 1739.13, "principal_point": [960.0, 540.0], "disto_k3": [0.0, 0.0, 0.0]}}}}], "extrinsics": [{"key": 0, "value": {"rotation": [[0.9999999663037561, 0.00011432978486440869, 0.00023306906055964153], [-0.00011439035042340075, 0.9999999596927132, 0.0002598642335647908], [-0.00023303934094334264, -0.00025989088565985246, 0.9999999390746945]], "center": [102655.28827480147, -59731.17478760761, 609.3316319597561]}}, {"key": 1, "value": {"rotation": [[0.999998567915224, 0.0015432018263044239, 0.0006947629989709986], [-0.0015439289496641225, 0.9999982597628866, 0.00104726052004141], [-0.0006931456555714746, -0.0010483316849828413, 0.9999992102745772]], "center": [102655.11260517593, -59737.695269310185, 610.4647828165378]}}, {"key": 2, "value": {"rotation": [[0.9999994824716641, 0.0007104459402492496, 0.0007282327720500696], [-0.0007114978639119933, 0.9999987025131076, 0.001445248383661268], [-0.0007272050563307439, -0.0014457657717659976, 0.9999986904662119]], "center": [102655.07243978676, -59744.761903963896, 610.9696638549493]}}, {"key": 3, "value": {"rotation": [[0.9999965748428478, -0.0008344226553618807, 0.0024807340456301096], [0.0008315695242555731, 0.9999989919316666, 0.0011509247484947683], [-0.002481691902565403, -0.001148857903566509, 0.9999962606584174]], "center": [102654.01723823286, -59751.15059892692, 610.1798530629624]}}, {"key": 4, "value": {"rotation": [[0.9999948968037978, -0.0017930688411338202, 0.0026441010745243835], [0.001790065046896924, 0.999997750348419, 0.0011379653897800356], [-0.0026461355765009117, -0.001133226469605456, 0.9999958568735566]], "center": [102654.33935029592, -59757.92595086849, 610.780954448452]}}, {"key": 5, "value": {"rotation": [[0.9999912972563852, -0.003273422191058972, 0.002586526367676202], [0.003272921761470711, 0.999994624437517, 0.00019768462757534152], [-0.002587159568888775, -0.00018921740874137892, 0.9999966353954083]], "center": [102654.39884061461, -59764.17975107295, 611.8543339319102]}}, {"key": 6, "value": {"rotation": [[0.9999862011205999, -0.004541138935277466, 0.002641140958322143], [0.004540436049752681, 0.9999896551571442, 0.00027206464817201175], [-0.0026423491195006333, -0.0002600689623651537, 0.9999964751714203]], "center": [102654.72718950284, -59771.20642061513, 612.627378806037]}}, {"key": 7, "value": {"rotation": [[0.9999753418061196, -0.006344977007477937, 0.0030094927328187817], [0.006344485096310412, 0.9999798585919384, 0.0001729719877276937], [-0.0030105296206825753, -0.00015387404076007622, 0.9999954565067694]], "center": [102654.50046835988, -59778.35084797439, 613.1605921816009]}}, {"key": 8, "value": {"rotation": [[0.9999703029861909, -0.006798249725666439, 0.0036300063874719567], [0.006796881954673898, 0.9999768252690273, 0.00038899944810017476], [-0.0036325667784417536, -0.00036431517106784444, 0.9999933358443224]], "center": [102653.75055697677, -59785.008109993556, 613.0691836145819]}}, {"key": 9, "value": {"rotation": [[0.999957720747075, -0.00815505523223635, 0.0042487401043292735], [0.008154375813534755, 0.999966736822745, 0.0001772093733322534], [-0.004250043929961199, -0.00014255605750762953, 0.9999909583613059]], "center": [102653.7726585776, -59791.869364242564, 613.3280836680559]}}], "structure": [], "control_points": []}