{"sfm_data_version": "0.3", "root_path": "/mnt/ST8000/jialei/SFM_E/ex_sea_12/1-2/images", "views": [{"key": 9, "value": {"polymorphic_id": 1073741824, "ptr_wrapper": {"id": 2147483649, "data": {"local_path": "", "filename": "038735_11734.566406.jpg", "width": 1920, "height": 1080, "id_view": 9, "id_intrinsic": 0, "id_pose": 9}}}}, {"key": 8, "value": {"polymorphic_id": 1073741824, "ptr_wrapper": {"id": 2147483650, "data": {"local_path": "", "filename": "038734_11734.465820.jpg", "width": 1920, "height": 1080, "id_view": 8, "id_intrinsic": 0, "id_pose": 8}}}}, {"key": 7, "value": {"polymorphic_id": 1073741824, "ptr_wrapper": {"id": 2147483651, "data": {"local_path": "", "filename": "038733_11734.399211.jpg", "width": 1920, "height": 1080, "id_view": 7, "id_intrinsic": 0, "id_pose": 7}}}}, {"key": 6, "value": {"polymorphic_id": 1073741824, "ptr_wrapper": {"id": 2147483652, "data": {"local_path": "", "filename": "038732_11734.299602.jpg", "width": 1920, "height": 1080, "id_view": 6, "id_intrinsic": 0, "id_pose": 6}}}}, {"key": 5, "value": {"polymorphic_id": 1073741824, "ptr_wrapper": {"id": 2147483653, "data": {"local_path": "", "filename": "038731_11734.198016.jpg", "width": 1920, "height": 1080, "id_view": 5, "id_intrinsic": 0, "id_pose": 5}}}}, {"key": 4, "value": {"polymorphic_id": 1073741824, "ptr_wrapper": {"id": 2147483654, "data": {"local_path": "", "filename": "038730_11734.100406.jpg", "width": 1920, "height": 1080, "id_view": 4, "id_intrinsic": 0, "id_pose": 4}}}}, {"key": 3, "value": {"polymorphic_id": 1073741824, "ptr_wrapper": {"id": 2147483655, "data": {"local_path": "", "filename": "038729_11733.998820.jpg", "width": 1920, "height": 1080, "id_view": 3, "id_intrinsic": 0, "id_pose": 3}}}}, {"key": 2, "value": {"polymorphic_id": 1073741824, "ptr_wrapper": {"id": 2147483656, "data": {"local_path": "", "filename": "038728_11733.899211.jpg", "width": 1920, "height": 1080, "id_view": 2, "id_intrinsic": 0, "id_pose": 2}}}}, {"key": 1, "value": {"polymorphic_id": 1073741824, "ptr_wrapper": {"id": 2147483657, "data": {"local_path": "", "filename": "038727_11733.798602.jpg", "width": 1920, "height": 1080, "id_view": 1, "id_intrinsic": 0, "id_pose": 1}}}}, {"key": 0, "value": {"polymorphic_id": 1073741824, "ptr_wrapper": {"id": 2147483658, "data": {"local_path": "", "filename": "038726_11733.699016.jpg", "width": 1920, "height": 1080, "id_view": 0, "id_intrinsic": 0, "id_pose": 0}}}}], "intrinsics": [{"key": 0, "value": {"polymorphic_id": 2147483649, "polymorphic_name": "pinhole_radial_k3", "ptr_wrapper": {"id": 2147483659, "data": {"width": 1920, "height": 1080, "focal_length": 1739.13, "principal_point": [960.0, 540.0], "disto_k3": [0.0, 0.0, 0.0]}}}}], "extrinsics": [{"key": 0, "value": {"rotation": [[0.9999993391739955, -0.0011492136899944382, 3.097526236602367e-05], [0.0011492087060862284, 0.9999993267889477, 0.00016044002439327584], [-3.1159621385592996e-05, -0.00016040432132915074, 0.9999999866497657]], "center": [-0.00033632388709769215, -0.0012338141217145095, 0.0006740507843650917]}}, {"key": 1, "value": {"rotation": [[0.9999998395910016, 0.0002797047670032664, 0.0004925273741576968], [-0.00028017165293465617, 0.9999995112809684, 0.0009481253445851223], [-0.0004922619382715771, -0.0009482631847058299, 0.9999994292373954]], "center": [-0.0006251537077919729, -0.011486529940518972, 0.0024569698580406644]}}, {"key": 2, "value": {"rotation": [[0.9999997086887885, -0.0005530482858381935, 0.0005260797769155401], [0.000552339787025837, 0.9999989416759364, 0.0013459449343842412], [-0.0005268235926914234, -0.0013456539675034272, 0.9999989558356057]], "center": [-0.0007021925183668771, -0.02259842042449118, 0.0032519970211495014]}}, {"key": 3, "value": {"rotation": [[0.999995203418743, -0.0020977381326647325, 0.0022787352266726577], [0.002095346762976679, 0.9999972521314149, 0.0010513094510945543], [-0.002280934336932476, -0.0010465296679224598, 0.9999968510521443]], "center": [-0.0023744067466129767, -0.03264245833652637, 0.0020113790920826616]}}, {"key": 4, "value": {"rotation": [[0.9999923471211737, -0.0030563652234326943, 0.0024421979253223263], [0.003053837311596182, 0.9999947981408259, 0.0010381565210769578], [-0.0024453582068401326, -0.001030690501044291, 0.9999964789439666]], "center": [-0.001881166925787877, -0.04329702120669768, 0.002957549012724783]}}, {"key": 5, "value": {"rotation": [[0.9999868654394006, -0.004536718546985293, 0.0023847711645172786], [0.004536498730170917, 0.9999897052760642, 9.757643429739683e-05], [-0.0023851892907756577, -8.675664131427913e-05, 0.9999971516686097]], "center": [-0.001799704664710395, -0.05313086576518965, 0.004646363078182759]}}, {"key": 6, "value": {"rotation": [[0.999980178532277, -0.005804422416316541, 0.0024395128546538685], [0.005804020742027598, 0.9999831417889297, 0.00017170080482260694], [-0.002440468352831607, -0.00015753841825184693, 0.9999970096434616]], "center": [-0.0012971023103998092, -0.06418060281494567, 0.005862945971122734]}}, {"key": 7, "value": {"rotation": [[0.9999671144771121, -0.007608208780658928, 0.002808046201151622], [0.007608035895839109, 0.999971055866384, 7.22445545199068e-05], [-0.0028085145763411448, -5.087846242443401e-05, 0.999996054820846]], "center": [-0.0016676394195279094, -0.07541444466272935, 0.006702596277594584]}}, {"key": 8, "value": {"rotation": [[0.9999616284029458, -0.008061413217956469, 0.0034286059350817], [0.008060472233536724, 0.9999674723405488, 0.00028818088961286376], [-0.003430817555788065, -0.00026053364871243384, 0.9999940807890397]], "center": [-0.0028601065133384436, -0.08588129303165115, 0.006560138566027771]}}, {"key": 9, "value": {"rotation": [[0.9999474569001879, -0.009418140362843068, 0.004047477109570469], [0.009417909408139025, 0.9999556476106857, 7.611749782890378e-05], [-0.0040480144795685185, -3.799472563019608e-05, 0.9999918060340163]], "center": [-0.0028389026910021647, -0.09667039171529815, 0.006968316569720765]}}], "structure": [], "control_points": []}