{"sfm_data_version": "0.3", "root_path": "/mnt/ST8000/jialei/SFM_E/ex_sea_12/6-1/images", "views": [{"key": 9, "value": {"polymorphic_id": 1073741824, "ptr_wrapper": {"id": 2147483649, "data": {"local_path": "", "filename": "104926_15025.847656.jpg", "width": 1920, "height": 1080, "id_view": 9, "id_intrinsic": 0, "id_pose": 9}}}}, {"key": 8, "value": {"polymorphic_id": 1073741824, "ptr_wrapper": {"id": 2147483650, "data": {"local_path": "", "filename": "104925_15025.748047.jpg", "width": 1920, "height": 1080, "id_view": 8, "id_intrinsic": 0, "id_pose": 8}}}}, {"key": 7, "value": {"polymorphic_id": 1073741824, "ptr_wrapper": {"id": 2147483651, "data": {"local_path": "", "filename": "104924_15025.647461.jpg", "width": 1920, "height": 1080, "id_view": 7, "id_intrinsic": 0, "id_pose": 7}}}}, {"key": 6, "value": {"polymorphic_id": 1073741824, "ptr_wrapper": {"id": 2147483652, "data": {"local_path": "", "filename": "104923_15025.547852.jpg", "width": 1920, "height": 1080, "id_view": 6, "id_intrinsic": 0, "id_pose": 6}}}}, {"key": 5, "value": {"polymorphic_id": 1073741824, "ptr_wrapper": {"id": 2147483653, "data": {"local_path": "", "filename": "104922_15025.447266.jpg", "width": 1920, "height": 1080, "id_view": 5, "id_intrinsic": 0, "id_pose": 5}}}}, {"key": 4, "value": {"polymorphic_id": 1073741824, "ptr_wrapper": {"id": 2147483654, "data": {"local_path": "", "filename": "104921_15025.347656.jpg", "width": 1920, "height": 1080, "id_view": 4, "id_intrinsic": 0, "id_pose": 4}}}}, {"key": 3, "value": {"polymorphic_id": 1073741824, "ptr_wrapper": {"id": 2147483655, "data": {"local_path": "", "filename": "104920_15025.280047.jpg", "width": 1920, "height": 1080, "id_view": 3, "id_intrinsic": 0, "id_pose": 3}}}}, {"key": 2, "value": {"polymorphic_id": 1073741824, "ptr_wrapper": {"id": 2147483656, "data": {"local_path": "", "filename": "104919_15025.248047.jpg", "width": 1920, "height": 1080, "id_view": 2, "id_intrinsic": 0, "id_pose": 2}}}}, {"key": 1, "value": {"polymorphic_id": 1073741824, "ptr_wrapper": {"id": 2147483657, "data": {"local_path": "", "filename": "104918_15025.147461.jpg", "width": 1920, "height": 1080, "id_view": 1, "id_intrinsic": 0, "id_pose": 1}}}}, {"key": 0, "value": {"polymorphic_id": 1073741824, "ptr_wrapper": {"id": 2147483658, "data": {"local_path": "", "filename": "104917_15025.047852.jpg", "width": 1920, "height": 1080, "id_view": 0, "id_intrinsic": 0, "id_pose": 0}}}}], "intrinsics": [{"key": 0, "value": {"polymorphic_id": 2147483649, "polymorphic_name": "pinhole_radial_k3", "ptr_wrapper": {"id": 2147483659, "data": {"width": 1920, "height": 1080, "focal_length": 1739.13, "principal_point": [960.0, 540.0], "disto_k3": [0.0, 0.0, 0.0]}}}}], "extrinsics": [{"key": 0, "value": {"rotation": [[0.9999989279874552, -0.0008074112483158154, 0.0012215199615552203], [0.0008082283875142098, 0.9999994498655402, -0.000668607127067904], [-0.001220979448639882, 0.0006695936774215484, 0.9999990304262765]], "center": [0.00037795616706147076, -0.0016609142065349672, 0.0016142493411240686]}}, {"key": 1, "value": {"rotation": [[0.999999859909436, 0.0001906716069997339, 0.0004937868433668542], [-0.00019079784639827933, 0.9999999491269989, 0.00025562116795829455], [-0.0004937380785475653, -0.0002557153456144606, 0.9999998454161739]], "center": [0.0008574657377991181, -0.010492671971288661, 0.0017683325176071965]}}, {"key": 2, "value": {"rotation": [[0.9999986875544873, 0.00021427854375260404, 0.0016059184314719428], [-0.00021771209130775392, 0.9999976903724903, 0.0021381887499573975], [-0.0016054565544269836, -0.0021385355715613117, 0.9999964245810388]], "center": [0.0014787168470026986, -0.021416459253367708, 0.001177972836549605]}}, {"key": 3, "value": {"rotation": [[0.9999971735783235, -9.673589745199923e-05, 0.0023756004568412817], [9.124292833612823e-05, 0.9999973225975215, 0.002312244043446023], [-0.0023758177734054414, -0.0023120207513270294, 0.9999945050098792]], "center": [0.0016528807851937865, -0.030818827931058595, 0.0010187639880107288]}}, {"key": 4, "value": {"rotation": [[0.9999920614678737, -0.0012911692859464904, 0.0037695998603977654], [0.0012851211623622467, 0.9999978839230005, 0.0016064286848786493], [-0.0037716660550122295, -0.0016015715396386406, 0.9999916047166463]], "center": [0.0024614653927507247, -0.03966568364110518, 0.000721655600846801]}}, {"key": 5, "value": {"rotation": [[0.9999890134265556, -0.00131231343135819, 0.0045000955148044265], [0.0013028206184795455, 0.9999969215758252, 0.0021117521893495293], [-0.004502852942363418, -0.0021058661712071228, 0.9999876447451983]], "center": [0.0025263021762014348, -0.04920966230827795, 0.0003508997549511089]}}, {"key": 6, "value": {"rotation": [[0.999983227099363, -0.0018722175341202515, 0.0054809051669610235], [0.0018593717972601614, 0.9999955150795815, 0.002347883566647708], [-0.005485276334319084, -0.002337653145338936, 0.9999822234026506]], "center": [0.002598129783580928, -0.05838153283289764, 0.00011867425343329956]}}, {"key": 7, "value": {"rotation": [[0.9999791732983578, -0.0017789310784522905, 0.0062038998824562675], [0.0017602808852296497, 0.9999939195217825, 0.003010370520097116], [-0.006209217401454027, -0.0029993872176314242, 0.99997622436515]], "center": [0.0026595844754313783, -0.0680981777041128, -0.00034050554869436344]}}, {"key": 8, "value": {"rotation": [[0.999972239229975, -0.002445021620782291, 0.007038653185411642], [0.0024165688790030748, 0.9999888867758849, 0.004048026627863992], [-0.007048472475907989, -0.004030904861289695, 0.9999670348775285]], "center": [0.003988733758593195, -0.07817162153835844, -0.0004641634598923668]}}, {"key": 9, "value": {"rotation": [[0.9999660462565457, -0.002849311594086104, 0.007732254360336947], [0.002816787347931212, 0.9999871541111797, 0.0042139437182793], [-0.007744161871350417, -0.004192020522862076, 0.9999612267087393]], "center": [0.004682668758491836, -0.08780370744172931, -0.0005824273090121934]}}], "structure": [], "control_points": []}