{"sfm_data_version": "0.3", "root_path": "/mnt/ST8000/jialei/SFM_E/ex_sea_12/6-1/images", "views": [{"key": 9, "value": {"polymorphic_id": 1073741824, "ptr_wrapper": {"id": 2147483649, "data": {"local_path": "", "filename": "104926_15025.847656.jpg", "width": 1920, "height": 1080, "id_view": 9, "id_intrinsic": 0, "id_pose": 9}}}}, {"key": 8, "value": {"polymorphic_id": 1073741824, "ptr_wrapper": {"id": 2147483650, "data": {"local_path": "", "filename": "104925_15025.748047.jpg", "width": 1920, "height": 1080, "id_view": 8, "id_intrinsic": 0, "id_pose": 8}}}}, {"key": 7, "value": {"polymorphic_id": 1073741824, "ptr_wrapper": {"id": 2147483651, "data": {"local_path": "", "filename": "104924_15025.647461.jpg", "width": 1920, "height": 1080, "id_view": 7, "id_intrinsic": 0, "id_pose": 7}}}}, {"key": 6, "value": {"polymorphic_id": 1073741824, "ptr_wrapper": {"id": 2147483652, "data": {"local_path": "", "filename": "104923_15025.547852.jpg", "width": 1920, "height": 1080, "id_view": 6, "id_intrinsic": 0, "id_pose": 6}}}}, {"key": 5, "value": {"polymorphic_id": 1073741824, "ptr_wrapper": {"id": 2147483653, "data": {"local_path": "", "filename": "104922_15025.447266.jpg", "width": 1920, "height": 1080, "id_view": 5, "id_intrinsic": 0, "id_pose": 5}}}}, {"key": 4, "value": {"polymorphic_id": 1073741824, "ptr_wrapper": {"id": 2147483654, "data": {"local_path": "", "filename": "104921_15025.347656.jpg", "width": 1920, "height": 1080, "id_view": 4, "id_intrinsic": 0, "id_pose": 4}}}}, {"key": 3, "value": {"polymorphic_id": 1073741824, "ptr_wrapper": {"id": 2147483655, "data": {"local_path": "", "filename": "104920_15025.280047.jpg", "width": 1920, "height": 1080, "id_view": 3, "id_intrinsic": 0, "id_pose": 3}}}}, {"key": 2, "value": {"polymorphic_id": 1073741824, "ptr_wrapper": {"id": 2147483656, "data": {"local_path": "", "filename": "104919_15025.248047.jpg", "width": 1920, "height": 1080, "id_view": 2, "id_intrinsic": 0, "id_pose": 2}}}}, {"key": 1, "value": {"polymorphic_id": 1073741824, "ptr_wrapper": {"id": 2147483657, "data": {"local_path": "", "filename": "104918_15025.147461.jpg", "width": 1920, "height": 1080, "id_view": 1, "id_intrinsic": 0, "id_pose": 1}}}}, {"key": 0, "value": {"polymorphic_id": 1073741824, "ptr_wrapper": {"id": 2147483658, "data": {"local_path": "", "filename": "104917_15025.047852.jpg", "width": 1920, "height": 1080, "id_view": 0, "id_intrinsic": 0, "id_pose": 0}}}}], "intrinsics": [{"key": 0, "value": {"polymorphic_id": 2147483649, "polymorphic_name": "pinhole_radial_k3", "ptr_wrapper": {"id": 2147483659, "data": {"width": 1920, "height": 1080, "focal_length": 1739.13, "principal_point": [960.0, 540.0], "disto_k3": [0.0, 0.0, 0.0]}}}}], "extrinsics": [{"key": 0, "value": {"rotation": [[0.9999999467778251, 0.0001026422159098232, 0.0003096916573420292], [-0.00010264638025561139, 0.9999999946416658, 1.3430883969868565e-05], [-0.0003096902771069056, -1.346267198266948e-05, 0.9999999519553432]], "center": [102655.28827499873, -59731.1747879991, 609.3316322856048]}}, {"key": 1, "value": {"rotation": [[0.9999993065604709, 0.0011012215474870085, -0.00041736037279761735], [-0.0011008294369237344, 0.9999989536305525, 0.0009385693105369172], [0.0004183935088330251, -0.0009381092171116889, 0.9999994724488451]], "center": [102655.61840706469, -59737.15305595641, 609.4315582361612]}}, {"key": 2, "value": {"rotation": [[0.999999126869112, 0.0011240689891625854, 0.0006947876808625159], [-0.0011260248927796041, 0.9999953865552468, 0.002821158656178421], [-0.0006916132985390702, -0.0028219385411614928, 0.9999957791580499]], "center": [102656.04531792697, -59744.54705293676, 609.0264932255276]}}, {"key": 3, "value": {"rotation": [[0.9999985978716556, 0.0008125284898927604, 0.0014642582341747807], [-0.0008169110740479366, 0.9999951815075712, 0.002994932042050848], [-0.001461817711048162, -0.0029961240115384635, 0.9999944431495045]], "center": [102656.16891025133, -59750.91162888527, 608.9142666534167]}}, {"key": 4, "value": {"rotation": [[0.9999958442022675, -0.0003828594119927819, 0.002857445863918204], [0.0003763220260177945, 0.9999973116475954, 0.002288029570299469], [-0.002858314175752715, -0.0022869447418946004, 0.999993299939465]], "center": [102656.72153422624, -59756.89970591919, 608.7085569762891]}}, {"key": 5, "value": {"rotation": [[0.9999934815481807, -0.00040450447756000025, 0.003587929385669613], [0.0003944831472050503, 0.9999960208207108, 0.0027933359609901482], [-0.0035890450255589065, -0.0027919023750882233, 0.999989661965029]], "center": [102656.77107627243, -59763.3601118453, 608.4531296287107]}}, {"key": 6, "value": {"rotation": [[0.9999890992857405, -0.0009650823461927323, 0.00456836138668284], [0.0009512504721533971, 0.9999949602520994, 0.0030289590524786394], [-0.004571261558202042, -0.0030245803787353853, 0.999984977627814]], "center": [102656.82520685025, -59769.5686857942, 608.2916454679468]}}, {"key": 7, "value": {"rotation": [[0.9999856198705469, -0.0008722926856706209, 0.005291423021204982], [0.0008527652156477387, 0.9999928226554471, 0.0036915347863189104], [-0.005294605141631806, -0.003686969360076997, 0.9999791864900652]], "center": [102656.87251126468, -59776.145936129564, 607.9762834659056]}}, {"key": 8, "value": {"rotation": [[0.9999800533370845, -0.0015389583682807243, 0.006125727312225911], [0.0015100034828873761, 0.9999876800931865, 0.004728588724847449], [-0.006132928945024573, -0.004719244535705371, 0.9999700575085078]], "center": [102657.77838453012, -59782.964088035835, 607.8870997890126]}}, {"key": 9, "value": {"rotation": [[0.9999748608736716, -0.001943726718392189, 0.006819057642128914], [0.0019103744963437968, 0.999986198837143, 0.004894139814709331], [-0.006828476401525272, -0.004880989826501565, 0.9999647733037139]], "center": [102658.25399286942, -59789.48386515092, 607.8021633592041]}}], "structure": [], "control_points": []}