{"sfm_data_version": "0.3", "root_path": "/mnt/ST8000/jialei/SFM_E/ex_sea_12/1-2/images", "views": [{"key": 9, "value": {"polymorphic_id": 1073741824, "ptr_wrapper": {"id": 2147483649, "data": {"local_path": "", "filename": "038735_11734.566406.jpg", "width": 1920, "height": 1080, "id_view": 9, "id_intrinsic": 0, "id_pose": 9}}}}, {"key": 8, "value": {"polymorphic_id": 1073741824, "ptr_wrapper": {"id": 2147483650, "data": {"local_path": "", "filename": "038734_11734.465820.jpg", "width": 1920, "height": 1080, "id_view": 8, "id_intrinsic": 0, "id_pose": 8}}}}, {"key": 7, "value": {"polymorphic_id": 1073741824, "ptr_wrapper": {"id": 2147483651, "data": {"local_path": "", "filename": "038733_11734.399211.jpg", "width": 1920, "height": 1080, "id_view": 7, "id_intrinsic": 0, "id_pose": 7}}}}, {"key": 6, "value": {"polymorphic_id": 1073741824, "ptr_wrapper": {"id": 2147483652, "data": {"local_path": "", "filename": "038732_11734.299602.jpg", "width": 1920, "height": 1080, "id_view": 6, "id_intrinsic": 0, "id_pose": 6}}}}, {"key": 5, "value": {"polymorphic_id": 1073741824, "ptr_wrapper": {"id": 2147483653, "data": {"local_path": "", "filename": "038731_11734.198016.jpg", "width": 1920, "height": 1080, "id_view": 5, "id_intrinsic": 0, "id_pose": 5}}}}, {"key": 4, "value": {"polymorphic_id": 1073741824, "ptr_wrapper": {"id": 2147483654, "data": {"local_path": "", "filename": "038730_11734.100406.jpg", "width": 1920, "height": 1080, "id_view": 4, "id_intrinsic": 0, "id_pose": 4}}}}, {"key": 3, "value": {"polymorphic_id": 1073741824, "ptr_wrapper": {"id": 2147483655, "data": {"local_path": "", "filename": "038729_11733.998820.jpg", "width": 1920, "height": 1080, "id_view": 3, "id_intrinsic": 0, "id_pose": 3}}}}, {"key": 2, "value": {"polymorphic_id": 1073741824, "ptr_wrapper": {"id": 2147483656, "data": {"local_path": "", "filename": "038728_11733.899211.jpg", "width": 1920, "height": 1080, "id_view": 2, "id_intrinsic": 0, "id_pose": 2}}}}, {"key": 1, "value": {"polymorphic_id": 1073741824, "ptr_wrapper": {"id": 2147483657, "data": {"local_path": "", "filename": "038727_11733.798602.jpg", "width": 1920, "height": 1080, "id_view": 1, "id_intrinsic": 0, "id_pose": 1}}}}, {"key": 0, "value": {"polymorphic_id": 1073741824, "ptr_wrapper": {"id": 2147483658, "data": {"local_path": "", "filename": "038726_11733.699016.jpg", "width": 1920, "height": 1080, "id_view": 0, "id_intrinsic": 0, "id_pose": 0}}}}], "intrinsics": [{"key": 0, "value": {"polymorphic_id": 2147483649, "polymorphic_name": "pinhole_radial_k3", "ptr_wrapper": {"id": 2147483659, "data": {"width": 1920, "height": 1080, "focal_length": 1739.13, "principal_point": [960.0, 540.0], "disto_k3": [0.0, 0.0, 0.0]}}}}], "extrinsics": [{"key": 0, "value": {"rotation": [[0.999999990537929, -5.148823240475089e-05, 0.00012756607676964537], [5.1465915005925774e-05, 0.9999999833727772, 0.0001749448619808187], [-0.00012757508225028747, -0.00017493829502061335, 0.9999999765605954]], "center": [102655.28827451057, -59731.17478752427, 609.3316320440595]}}, {"key": 1, "value": {"rotation": [[0.999998943221334, 0.0013035390401809305, 0.0006436941712419609], [-0.0013041778302582898, 0.9999986565736474, 0.0009929607681378304], [-0.0006423989433596067, -0.0009937992104656784, 0.9999992998431182]], "center": [102655.3135173759, -59737.59302646934, 610.3573929933782]}}, {"key": 2, "value": {"rotation": [[0.9999996615213795, 0.00042890272390393554, 0.0007021392883618416], [-0.00042987536498163587, 0.9999989475354554, 0.0013856894138645824], [-0.0007015442234210419, -0.00138599077722119, 0.9999987934319058]], "center": [102655.3479859213, -59744.627908200535, 610.8680491624888]}}, {"key": 3, "value": {"rotation": [[0.9999960394951009, -0.0011259561211872937, 0.0025793830515025372], [0.001123030646983365, 0.9999987248976262, 0.0011353436866350845], [-0.0025806581096986967, -0.001132442463883699, 0.9999960288810082]], "center": [102654.28633174277, -59751.09538180408, 610.3127977728503]}}, {"key": 4, "value": {"rotation": [[0.9999940009420122, -0.0020774570555881816, 0.002771687603124026], [0.002074314186186877, 0.9999972030036043, 0.0011363122917941526], [-0.002774040490711723, -0.001130556124075981, 0.9999955132610373]], "center": [102654.6930062481, -59757.8296510125, 610.9118692428209]}}, {"key": 5, "value": {"rotation": [[0.9999904076162455, -0.0034575160127896195, 0.002688914003326716], [0.003457076039996488, 0.9999940101397443, 0.0001682554201508507], [-0.002689479642916965, -0.00015895802600578732, 0.9999963707092119]], "center": [102654.93371354109, -59763.99866673041, 611.9174096351372]}}, {"key": 6, "value": {"rotation": [[0.9999850320715241, -0.00472346933722656, 0.0027612443452350323], [0.004722772588538053, 0.9999888141589319, 0.0002587973913681307], [-0.0027624358799372786, -0.0002457527886033644, 0.9999961542693929]], "center": [102655.38135010132, -59770.97892816123, 612.6796532973927]}}, {"key": 7, "value": {"rotation": [[0.9999737216996122, -0.006513754551348991, 0.0031822809229642662], [0.006513235043092792, 0.9999787735931986, 0.0001735866231126441], [-0.0031833440752311666, -0.00015285511792685716, 0.9999949214650097]], "center": [102655.26258680267, -59778.05668119093, 613.2440452702022]}}, {"key": 8, "value": {"rotation": [[0.9999681304958945, -0.0069913360943565294, 0.003854764864758399], [0.0069898311740548245, 0.9999754893269464, 0.0004037393865393386], [-0.0038574930596229065, -0.00037678236394501804, 0.9999924888629637]], "center": [102654.50432139523, -59784.72693881402, 613.2286710326638]}}, {"key": 9, "value": {"rotation": [[0.9999551528296188, -0.008324995255915745, 0.004515172586304529], [0.008324246474013227, 0.9999653358200863, 0.00018460460882457148], [-0.004516552904042323, -0.0001470109203491763, 0.9999897895166999]], "center": [102654.59244112023, -59791.56041279795, 613.5648752123833]}}], "structure": [], "control_points": []}