{"sfm_data_version": "0.3", "root_path": "/mnt/ST8000/jialei/SFM_E/ex_sea_12/1-2/images", "views": [{"key": 9, "value": {"polymorphic_id": 1073741824, "ptr_wrapper": {"id": 2147483649, "data": {"local_path": "", "filename": "038735_11734.566406.jpg", "width": 1920, "height": 1080, "id_view": 9, "id_intrinsic": 0, "id_pose": 9}}}}, {"key": 8, "value": {"polymorphic_id": 1073741824, "ptr_wrapper": {"id": 2147483650, "data": {"local_path": "", "filename": "038734_11734.465820.jpg", "width": 1920, "height": 1080, "id_view": 8, "id_intrinsic": 0, "id_pose": 8}}}}, {"key": 7, "value": {"polymorphic_id": 1073741824, "ptr_wrapper": {"id": 2147483651, "data": {"local_path": "", "filename": "038733_11734.399211.jpg", "width": 1920, "height": 1080, "id_view": 7, "id_intrinsic": 0, "id_pose": 7}}}}, {"key": 6, "value": {"polymorphic_id": 1073741824, "ptr_wrapper": {"id": 2147483652, "data": {"local_path": "", "filename": "038732_11734.299602.jpg", "width": 1920, "height": 1080, "id_view": 6, "id_intrinsic": 0, "id_pose": 6}}}}, {"key": 5, "value": {"polymorphic_id": 1073741824, "ptr_wrapper": {"id": 2147483653, "data": {"local_path": "", "filename": "038731_11734.198016.jpg", "width": 1920, "height": 1080, "id_view": 5, "id_intrinsic": 0, "id_pose": 5}}}}, {"key": 4, "value": {"polymorphic_id": 1073741824, "ptr_wrapper": {"id": 2147483654, "data": {"local_path": "", "filename": "038730_11734.100406.jpg", "width": 1920, "height": 1080, "id_view": 4, "id_intrinsic": 0, "id_pose": 4}}}}, {"key": 3, "value": {"polymorphic_id": 1073741824, "ptr_wrapper": {"id": 2147483655, "data": {"local_path": "", "filename": "038729_11733.998820.jpg", "width": 1920, "height": 1080, "id_view": 3, "id_intrinsic": 0, "id_pose": 3}}}}, {"key": 2, "value": {"polymorphic_id": 1073741824, "ptr_wrapper": {"id": 2147483656, "data": {"local_path": "", "filename": "038728_11733.899211.jpg", "width": 1920, "height": 1080, "id_view": 2, "id_intrinsic": 0, "id_pose": 2}}}}, {"key": 1, "value": {"polymorphic_id": 1073741824, "ptr_wrapper": {"id": 2147483657, "data": {"local_path": "", "filename": "038727_11733.798602.jpg", "width": 1920, "height": 1080, "id_view": 1, "id_intrinsic": 0, "id_pose": 1}}}}, {"key": 0, "value": {"polymorphic_id": 1073741824, "ptr_wrapper": {"id": 2147483658, "data": {"local_path": "", "filename": "038726_11733.699016.jpg", "width": 1920, "height": 1080, "id_view": 0, "id_intrinsic": 0, "id_pose": 0}}}}], "intrinsics": [{"key": 0, "value": {"polymorphic_id": 2147483649, "polymorphic_name": "pinhole_radial_k3", "ptr_wrapper": {"id": 2147483659, "data": {"width": 1920, "height": 1080, "focal_length": 1739.13, "principal_point": [960.0, 540.0], "disto_k3": [0.0, 0.0, 0.0]}}}}], "extrinsics": [{"key": 0, "value": {"rotation": [[0.9999992406982977, -0.001232123189022778, -2.1800805906385366e-05], [0.0012321257531733656, 0.999999233971083, 0.00011799735334582897], [2.1655401931037608e-05, -0.00011802412508463477, 0.9999999928006748]], "center": [-0.00031892165636348814, -0.001029529188032418, 0.0005593526562441215]}}, {"key": 1, "value": {"rotation": [[0.9999998703019766, 0.00012293367068881062, 0.0004942502834001295], [-0.0001233963568142737, 0.9999995541365423, 0.000936215816853304], [-0.0004941349705850596, -0.0009362766841122926, 0.9999994396081437]], "center": [-0.00029063319000210134, -0.011218981280168567, 0.002188410247220818]}}, {"key": 2, "value": {"rotation": [[0.9999995647102178, -0.0007516995651042179, 0.0005527450941152478], [0.0007509645210411773, 0.9999988351523461, 0.001328813846598166], [-0.0005537433190420111, -0.0013283981762242125, 0.9999989643627746]], "center": [-0.00024897619069444286, -0.022387469666340348, 0.0029997484231497023]}}, {"key": 3, "value": {"rotation": [[0.9999943874972282, -0.00230644648890931, 0.0024300779076748737], [0.002303831759619723, 0.9999967648777507, 0.0010782361779617668], [-0.002432556940122633, -0.0010726316356961722, 0.999996466057809]], "center": [-0.0019466960697700495, -0.032653191171127395, 0.002119075668378074]}}, {"key": 4, "value": {"rotation": [[0.9999912543088687, -0.003257933435953249, 0.002622436939629465], [0.003255112973152004, 0.9999941199142399, 0.0010790627767193377], [-0.0026259370341751185, -0.001070517011066118, 0.9999959792159272]], "center": [-0.0013135462001715643, -0.04334512143415627, 0.003070665270977513]}}, {"key": 5, "value": {"rotation": [[0.9999860192720301, -0.004637991885168925, 0.0025397424579325974], [0.004637725414753591, 0.9999892395553243, 0.00011079955636456928], [-0.002540229016617645, -9.901937916203705e-05, 0.9999967687106319]], "center": [-0.0009427273968106134, -0.053139316254924296, 0.004667547371666512]}}, {"key": 6, "value": {"rotation": [[0.9999791599127178, -0.005903933872936304, 0.0026121456850151698], [0.005903428462802127, 0.9999825543828, 0.0002011527654249526], [-0.0026132877071468647, -0.00018572795819786896, 0.9999965681103534]], "center": [-0.0002449691665810026, -0.0642218420519295, 0.005878199332478592]}}, {"key": 7, "value": {"rotation": [[0.999965798796083, -0.007694180583437798, 0.003033285885310727], [0.007693865061638522, 0.9999703950916137, 0.0001156751289220352], [-0.0030340861104908943, -9.233348039846436e-05, 0.9999953928873883]], "center": [-0.00044664828621883673, -0.0754581001949883, 0.006774887912988121]}}, {"key": 8, "value": {"rotation": [[0.9999597442413755, -0.008171717019116037, 0.003705797847076809], [0.008170491370924229, 0.9999665612023897, 0.0003457568873381305], [-0.003708499357093332, -0.00031546477930045614, 0.999993073733259]], "center": [-0.0016629648405757634, -0.08604627849445091, 0.006751262777024646]}}, {"key": 9, "value": {"rotation": [[0.9999452907105769, -0.009505322440034302, 0.0043662834369691365], [0.009504860991561994, 0.999954819796706, 0.00012642336919663653], [-0.004367287862283965, -8.491553554584665e-05, 0.9999904597475315]], "center": [-0.001535795933942821, -0.09689513132890062, 0.007285612544406901]}}], "structure": [], "control_points": []}