{"sfm_data_version": "0.3", "root_path": "/mnt/ST8000/jialei/SFM_E/ex_sea_12/1-5/images", "views": [{"key": 9, "value": {"polymorphic_id": 1073741824, "ptr_wrapper": {"id": 2147483649, "data": {"local_path": "", "filename": "075418_15357.965820.jpg", "width": 1920, "height": 1080, "id_view": 9, "id_intrinsic": 0, "id_pose": 9}}}}, {"key": 8, "value": {"polymorphic_id": 1073741824, "ptr_wrapper": {"id": 2147483650, "data": {"local_path": "", "filename": "075417_15357.866211.jpg", "width": 1920, "height": 1080, "id_view": 8, "id_intrinsic": 0, "id_pose": 8}}}}, {"key": 7, "value": {"polymorphic_id": 1073741824, "ptr_wrapper": {"id": 2147483651, "data": {"local_path": "", "filename": "075416_15357.766602.jpg", "width": 1920, "height": 1080, "id_view": 7, "id_intrinsic": 0, "id_pose": 7}}}}, {"key": 6, "value": {"polymorphic_id": 1073741824, "ptr_wrapper": {"id": 2147483652, "data": {"local_path": "", "filename": "075415_15357.666016.jpg", "width": 1920, "height": 1080, "id_view": 6, "id_intrinsic": 0, "id_pose": 6}}}}, {"key": 5, "value": {"polymorphic_id": 1073741824, "ptr_wrapper": {"id": 2147483653, "data": {"local_path": "", "filename": "075414_15357.566406.jpg", "width": 1920, "height": 1080, "id_view": 5, "id_intrinsic": 0, "id_pose": 5}}}}, {"key": 4, "value": {"polymorphic_id": 1073741824, "ptr_wrapper": {"id": 2147483654, "data": {"local_path": "", "filename": "075413_15357.497820.jpg", "width": 1920, "height": 1080, "id_view": 4, "id_intrinsic": 0, "id_pose": 4}}}}, {"key": 3, "value": {"polymorphic_id": 1073741824, "ptr_wrapper": {"id": 2147483655, "data": {"local_path": "", "filename": "075412_15357.398211.jpg", "width": 1920, "height": 1080, "id_view": 3, "id_intrinsic": 0, "id_pose": 3}}}}, {"key": 2, "value": {"polymorphic_id": 1073741824, "ptr_wrapper": {"id": 2147483656, "data": {"local_path": "", "filename": "075411_15357.299602.jpg", "width": 1920, "height": 1080, "id_view": 2, "id_intrinsic": 0, "id_pose": 2}}}}, {"key": 1, "value": {"polymorphic_id": 1073741824, "ptr_wrapper": {"id": 2147483657, "data": {"local_path": "", "filename": "075410_15357.198016.jpg", "width": 1920, "height": 1080, "id_view": 1, "id_intrinsic": 0, "id_pose": 1}}}}, {"key": 0, "value": {"polymorphic_id": 1073741824, "ptr_wrapper": {"id": 2147483658, "data": {"local_path": "", "filename": "075409_15357.099406.jpg", "width": 1920, "height": 1080, "id_view": 0, "id_intrinsic": 0, "id_pose": 0}}}}], "intrinsics": [{"key": 0, "value": {"polymorphic_id": 2147483649, "polymorphic_name": "pinhole_radial_k3", "ptr_wrapper": {"id": 2147483659, "data": {"width": 1920, "height": 1080, "focal_length": 1739.13, "principal_point": [960.0, 540.0], "disto_k3": [0.0, 0.0, 0.0]}}}}], "extrinsics": [{"key": 0, "value": {"rotation": [[0.9999998672517352, -0.00040828404013754045, 0.00031432571413064276], [0.000408330318582069, 0.9999999058020823, -0.00014718076441688112], [-0.0003142655929646727, 0.0001473090935979129, 0.9999999397685821]], "center": [0.0002330926510083317, -0.0005020341385713205, 0.00027467415158405367]}}, {"key": 1, "value": {"rotation": [[0.999999533509977, 9.774685760500242e-05, 0.0009609502486460818], [-9.780356793926829e-05, 0.9999999934786165, 5.896803440885988e-05], [-0.0009609444784392946, -5.90619912637809e-05, 0.999999536548588]], "center": [-0.00012405546734352974, -0.011388255741834477, 0.001018160883787933]}}, {"key": 2, "value": {"rotation": [[0.9999987479653332, -0.0010757856516760052, 0.0011604968751941771], [0.0010761272840495147, 0.9999993778155243, -0.0002938003274824709], [-0.0011601800869742638, 0.0002950488019847429, 0.9999992834639285]], "center": [0.0007936146161678255, -0.02259938473349606, 0.0017383897464058266]}}, {"key": 3, "value": {"rotation": [[0.9999987348005127, -0.0015906940939520494, 9.469577715921048e-06], [0.0015907008427236444, 0.9999984450006171, -0.0007613587700255991], [-8.258474091873511e-06, 0.0007613728700201562, 0.9999997101215332]], "center": [0.0008608114005400618, -0.03297385110478102, 0.002740912578863248]}}, {"key": 4, "value": {"rotation": [[0.9999966543429974, -0.0019423354260986068, 0.0017084015639356866], [0.0019408959977285038, 0.9999977604484024, 0.000843813312066112], [-0.0017100367063712493, -0.0008404946591982198, 0.9999981846699477]], "center": [0.00038652432808553526, -0.04546457433892361, 0.0017148578847288474]}}, {"key": 5, "value": {"rotation": [[0.9999953922009724, -0.0027021686544808363, 0.001383423790986475], [0.002700994585751591, 0.9999959911963566, 0.0008498349627947971], [-0.0013857146425100546, -0.0008460944267568038, 0.9999986819587068]], "center": [0.0007914097698421957, -0.05666732126126699, 0.0023935816390356288]}}, {"key": 6, "value": {"rotation": [[0.9999925676717218, -0.003265122611506272, 0.002050262336456634], [0.0032617464979624133, 0.9999933227544004, 0.001647864192283565], [-0.002055629124986332, -0.0016411645088200862, 0.9999965404779937]], "center": [-0.0003031582075634572, -0.06839678811783034, 0.0022419885448447256]}}, {"key": 7, "value": {"rotation": [[0.9999881456355302, -0.004652276429798346, 0.0014369803177659895], [0.004651994000089309, 0.9999891594523702, 0.00019982383454311548], [-0.0014378943758279188, -0.00019313664194207315, 0.999998947578447]], "center": [0.0005847217040159103, -0.0785256363867525, 0.003922093540788217]}}, {"key": 8, "value": {"rotation": [[0.9999823175177678, -0.005830614716987493, 0.0011698648706021707], [0.005831172939350537, 0.9999828860719954, -0.0004743261256114537], [-0.0011670792367302943, 0.000481139422724327, 0.9999992032151381]], "center": [0.0006226864739416171, -0.08890633554459434, 0.004904701602708728]}}, {"key": 9, "value": {"rotation": [[0.9999765310143183, -0.006850775472366509, 6.554385102172444e-05], [0.006850871081204714, 0.9999752672169623, -0.001590760759083319], [-5.464428514908461e-05, 0.0015911724580153627, 0.9999987325913022]], "center": [0.0012750561063476205, -0.09918281901371337, 0.006592518470916479]}}], "structure": [], "control_points": []}