{"sfm_data_version": "0.3", "root_path": "/mnt/ST8000/jialei/SFM_E/ex_sea_12/1-5/images", "views": [{"key": 9, "value": {"polymorphic_id": 1073741824, "ptr_wrapper": {"id": 2147483649, "data": {"local_path": "", "filename": "075418_15357.965820.jpg", "width": 1920, "height": 1080, "id_view": 9, "id_intrinsic": 0, "id_pose": 9}}}}, {"key": 8, "value": {"polymorphic_id": 1073741824, "ptr_wrapper": {"id": 2147483650, "data": {"local_path": "", "filename": "075417_15357.866211.jpg", "width": 1920, "height": 1080, "id_view": 8, "id_intrinsic": 0, "id_pose": 8}}}}, {"key": 7, "value": {"polymorphic_id": 1073741824, "ptr_wrapper": {"id": 2147483651, "data": {"local_path": "", "filename": "075416_15357.766602.jpg", "width": 1920, "height": 1080, "id_view": 7, "id_intrinsic": 0, "id_pose": 7}}}}, {"key": 6, "value": {"polymorphic_id": 1073741824, "ptr_wrapper": {"id": 2147483652, "data": {"local_path": "", "filename": "075415_15357.666016.jpg", "width": 1920, "height": 1080, "id_view": 6, "id_intrinsic": 0, "id_pose": 6}}}}, {"key": 5, "value": {"polymorphic_id": 1073741824, "ptr_wrapper": {"id": 2147483653, "data": {"local_path": "", "filename": "075414_15357.566406.jpg", "width": 1920, "height": 1080, "id_view": 5, "id_intrinsic": 0, "id_pose": 5}}}}, {"key": 4, "value": {"polymorphic_id": 1073741824, "ptr_wrapper": {"id": 2147483654, "data": {"local_path": "", "filename": "075413_15357.497820.jpg", "width": 1920, "height": 1080, "id_view": 4, "id_intrinsic": 0, "id_pose": 4}}}}, {"key": 3, "value": {"polymorphic_id": 1073741824, "ptr_wrapper": {"id": 2147483655, "data": {"local_path": "", "filename": "075412_15357.398211.jpg", "width": 1920, "height": 1080, "id_view": 3, "id_intrinsic": 0, "id_pose": 3}}}}, {"key": 2, "value": {"polymorphic_id": 1073741824, "ptr_wrapper": {"id": 2147483656, "data": {"local_path": "", "filename": "075411_15357.299602.jpg", "width": 1920, "height": 1080, "id_view": 2, "id_intrinsic": 0, "id_pose": 2}}}}, {"key": 1, "value": {"polymorphic_id": 1073741824, "ptr_wrapper": {"id": 2147483657, "data": {"local_path": "", "filename": "075410_15357.198016.jpg", "width": 1920, "height": 1080, "id_view": 1, "id_intrinsic": 0, "id_pose": 1}}}}, {"key": 0, "value": {"polymorphic_id": 1073741824, "ptr_wrapper": {"id": 2147483658, "data": {"local_path": "", "filename": "075409_15357.099406.jpg", "width": 1920, "height": 1080, "id_view": 0, "id_intrinsic": 0, "id_pose": 0}}}}], "intrinsics": [{"key": 0, "value": {"polymorphic_id": 2147483649, "polymorphic_name": "pinhole_radial_k3", "ptr_wrapper": {"id": 2147483659, "data": {"width": 1920, "height": 1080, "focal_length": 1739.13, "principal_point": [960.0, 540.0], "disto_k3": [0.0, 0.0, 0.0]}}}}], "extrinsics": [{"key": 0, "value": {"rotation": [[0.9999999919667661, 0.00011520161024889963, 5.28682959465685e-05], [-0.00011519905997725028, 0.9999999922011017, -4.823871432368754e-05], [-5.2873852711820364e-05, 4.823262355817911e-05, 0.999999997438985]], "center": [102655.28827447252, -59731.1747874592, 609.3316321713364]}}, {"key": 1, "value": {"rotation": [[0.9999995623946598, 0.0006211683025709005, 0.0006995430141933334], [-0.0006212790042615495, 0.9999997945174789, 0.00015804239713359131], [-0.0006994446995219252, -0.00015847693936071487, 0.9999997428310532]], "center": [102655.0723924223, -59737.86564436775, 609.7879755478408]}}, {"key": 2, "value": {"rotation": [[0.9999994433589309, -0.0005523841889426167, 0.0008989736013142721], [0.0005525597311128779, 0.9999998283199414, -0.00019503289743628385], [-0.000898865713889569, 0.00019552952548436618, 0.9999995769042274]], "center": [102655.64011734129, -59744.75577851078, 610.2297999820079]}}, {"key": 3, "value": {"rotation": [[0.9999993987862376, -0.0010671787146978803, -0.00025210464880873396], [0.001067011438056949, 0.9999992111401538, -0.0006627259323801517], [0.00025281169694219994, 0.0006624565353963305, 0.999999748618761]], "center": [102655.68491561057, -59751.1319886908, 610.845310531942]}}, {"key": 4, "value": {"rotation": [[0.9999979466278438, -0.0014189891307362424, 0.0014467929852413084], [0.0014176265939093674, 0.999998551150395, 0.0009423544722187441], [-0.0014481280798092325, -0.0009403015250025634, 0.9999985093779425]], "center": [102655.39727155845, -59758.80890610323, 610.2140107177141]}}, {"key": 5, "value": {"rotation": [[0.9999969972802426, -0.0021787907678510405, 0.001121740294367834], [0.0021777275524614767, 0.9999971792273317, 0.0009481772447768341], [-0.0011238030100206593, -0.0009457315529205463, 0.9999989213287308]], "center": [102655.6498285016, -59765.6940510749, 610.6304089124723]}}, {"key": 6, "value": {"rotation": [[0.9999946418102206, -0.0027418120819553875, 0.001788523792248541], [0.002738689425332852, 0.9999947254141616, 0.001746059588693886], [-0.0017933017258023294, -0.0017411520217784878, 0.9999968762243999]], "center": [102654.98085399174, -59772.90335130759, 610.5367012619357]}}, {"key": 7, "value": {"rotation": [[0.9999907855830278, -0.004128907357474139, 0.0011751055575986158], [0.0041285602514944284, 0.9999914331590488, 0.00029765544083315565], [-0.0011763244823958165, -0.0002928012040154472, 0.9999992652638138]], "center": [102655.53007584305, -59779.128381170485, 611.5685385034403]}}, {"key": 8, "value": {"rotation": [[0.9999855044732441, -0.005307222107638028, 0.0009078749314501612], [0.005307566003739819, 0.999985843780968, -0.00037680337177138065], [-0.0009058623001888315, 0.00038161651592981204, 0.9999995168910475]], "center": [102655.55690685469, -59785.50843023033, 612.171813705621]}}, {"key": 9, "value": {"rotation": [[0.9999799632701206, -0.0063272765170351375, -0.00019654557798558402], [0.006326976046575285, 0.9999788691847824, -0.0014935052826869897], [0.00020599124572055348, 0.0014922318185610647, 0.9999988654052596]], "center": [102655.96143229108, -59791.824273271646, 613.2084195334816]}}], "structure": [], "control_points": []}