{"sfm_data_version": "0.3", "root_path": "/mnt/ST8000/jialei/SFM_E/ex_sea_12/1-5/images", "views": [{"key": 9, "value": {"polymorphic_id": 1073741824, "ptr_wrapper": {"id": 2147483649, "data": {"local_path": "", "filename": "075418_15357.965820.jpg", "width": 1920, "height": 1080, "id_view": 9, "id_intrinsic": 0, "id_pose": 9}}}}, {"key": 8, "value": {"polymorphic_id": 1073741824, "ptr_wrapper": {"id": 2147483650, "data": {"local_path": "", "filename": "075417_15357.866211.jpg", "width": 1920, "height": 1080, "id_view": 8, "id_intrinsic": 0, "id_pose": 8}}}}, {"key": 7, "value": {"polymorphic_id": 1073741824, "ptr_wrapper": {"id": 2147483651, "data": {"local_path": "", "filename": "075416_15357.766602.jpg", "width": 1920, "height": 1080, "id_view": 7, "id_intrinsic": 0, "id_pose": 7}}}}, {"key": 6, "value": {"polymorphic_id": 1073741824, "ptr_wrapper": {"id": 2147483652, "data": {"local_path": "", "filename": "075415_15357.666016.jpg", "width": 1920, "height": 1080, "id_view": 6, "id_intrinsic": 0, "id_pose": 6}}}}, {"key": 5, "value": {"polymorphic_id": 1073741824, "ptr_wrapper": {"id": 2147483653, "data": {"local_path": "", "filename": "075414_15357.566406.jpg", "width": 1920, "height": 1080, "id_view": 5, "id_intrinsic": 0, "id_pose": 5}}}}, {"key": 4, "value": {"polymorphic_id": 1073741824, "ptr_wrapper": {"id": 2147483654, "data": {"local_path": "", "filename": "075413_15357.497820.jpg", "width": 1920, "height": 1080, "id_view": 4, "id_intrinsic": 0, "id_pose": 4}}}}, {"key": 3, "value": {"polymorphic_id": 1073741824, "ptr_wrapper": {"id": 2147483655, "data": {"local_path": "", "filename": "075412_15357.398211.jpg", "width": 1920, "height": 1080, "id_view": 3, "id_intrinsic": 0, "id_pose": 3}}}}, {"key": 2, "value": {"polymorphic_id": 1073741824, "ptr_wrapper": {"id": 2147483656, "data": {"local_path": "", "filename": "075411_15357.299602.jpg", "width": 1920, "height": 1080, "id_view": 2, "id_intrinsic": 0, "id_pose": 2}}}}, {"key": 1, "value": {"polymorphic_id": 1073741824, "ptr_wrapper": {"id": 2147483657, "data": {"local_path": "", "filename": "075410_15357.198016.jpg", "width": 1920, "height": 1080, "id_view": 1, "id_intrinsic": 0, "id_pose": 1}}}}, {"key": 0, "value": {"polymorphic_id": 1073741824, "ptr_wrapper": {"id": 2147483658, "data": {"local_path": "", "filename": "075409_15357.099406.jpg", "width": 1920, "height": 1080, "id_view": 0, "id_intrinsic": 0, "id_pose": 0}}}}], "intrinsics": [{"key": 0, "value": {"polymorphic_id": 2147483649, "polymorphic_name": "pinhole_radial_k3", "ptr_wrapper": {"id": 2147483659, "data": {"width": 1920, "height": 1080, "focal_length": 1739.13, "principal_point": [960.0, 540.0], "disto_k3": [0.0, 0.0, 0.0]}}}}], "extrinsics": [{"key": 0, "value": {"rotation": [[0.9999999918401462, 0.00010294162806815453, 7.564871900358209e-05], [-0.00010293583285295662, 0.9999999917678049, -7.660681873033195e-05], [-7.565660441146833e-05, 7.659903114133672e-05, 0.9999999942043332]], "center": [102655.28827447198, -59731.17478745097, 609.3316321773987]}}, {"key": 1, "value": {"rotation": [[0.9999995384049609, 0.000611304124648044, 0.000741280737426786], [-0.0006114117754783661, 0.9999998025745995, 0.0001450048372051835], [-0.0007411919490240384, -0.00014545799804343025, 0.9999997147381919]], "center": [102655.10644998924, -59737.6074793105, 609.7905516760873]}}, {"key": 2, "value": {"rotation": [[0.999999395367472, -0.000563657827458242, 0.0009442216602600078], [0.0005638706617501111, 0.9999998156772903, -0.0002251560848536239], [-0.0009440945752288462, 0.00022568836760938603, 0.9999995288749857]], "center": [102655.64736627864, -59744.23935038447, 610.2343882530524]}}, {"key": 3, "value": {"rotation": [[0.9999993841349798, -0.0010844617963130295, -0.00023594972582631244], [0.0010842904421861906, 0.9999991492344599, -0.0007251514282912905], [0.000236735924108998, 0.000724895143663345, 0.999999709241524]], "center": [102655.73450234975, -59750.354062153914, 610.8544034334775]}}, {"key": 4, "value": {"rotation": [[0.9999978345857561, -0.0014346939266137615, 0.0015074737595230008], [0.0014333054291205565, 0.9999985480026912, 0.0009217527089360799], [-0.001508794003688426, -0.0009195900426358613, 0.9999984389461855]], "center": [102655.39001402291, -59757.81220790395, 610.2237238503394]}}, {"key": 5, "value": {"rotation": [[0.9999968987515243, -0.002188671637632521, 0.001188361812056085], [0.0021875485789592326, 0.999997160301353, 0.0009455265439521567], [-0.0011904278845959707, -0.0009429240124461905, 0.9999988468872144]], "center": [102655.63903271819, -59764.458322058235, 610.6317008508411]}}, {"key": 6, "value": {"rotation": [[0.9999944564930628, -0.002751765807586388, 0.0018747714752714818], [0.002748442209316409, 0.9999946511162282, 0.001773077650690654], [-0.00187964054179006, -0.0017679151205669875, 0.9999966707082378]], "center": [102654.96707280577, -59771.43989706922, 610.5373570188377]}}, {"key": 7, "value": {"rotation": [[0.9999906753213206, -0.004127168584880881, 0.0012711215052811867], [0.004126791835731971, 0.99999144009585, 0.0002988714986411791], [-0.0012723441176629472, -0.00029362305791035367, 0.9999991474626095]], "center": [102655.51006269093, -59777.403368278116, 611.5578916657253]}}, {"key": 8, "value": {"rotation": [[0.9999854301914747, -0.005303371534661474, 0.001006804418438097], [0.005303771951242257, 0.9999858567080491, -0.0003954579098294527], [-0.0010046929186870177, 0.00040079200911827983, 0.9999994149787809]], "center": [102655.54117480254, -59783.53068917758, 612.1581105965245]}}, {"key": 9, "value": {"rotation": [[0.999979678677926, -0.006372185300956055, -0.00019361219710002363], [0.006371833865834108, 0.999978142785781, -0.001764563369907809], [0.0002048520900451813, 0.0017632938468928716, 0.9999984244139738]], "center": [102656.00670526149, -59789.46233391899, 613.2816624444139]}}], "structure": [], "control_points": []}