{"sfm_data_version": "0.3", "root_path": "/mnt/ST8000/jialei/SFM_E/ex_sea_12/1-5/images", "views": [{"key": 9, "value": {"polymorphic_id": 1073741824, "ptr_wrapper": {"id": 2147483649, "data": {"local_path": "", "filename": "075418_15357.965820.jpg", "width": 1920, "height": 1080, "id_view": 9, "id_intrinsic": 0, "id_pose": 9}}}}, {"key": 8, "value": {"polymorphic_id": 1073741824, "ptr_wrapper": {"id": 2147483650, "data": {"local_path": "", "filename": "075417_15357.866211.jpg", "width": 1920, "height": 1080, "id_view": 8, "id_intrinsic": 0, "id_pose": 8}}}}, {"key": 7, "value": {"polymorphic_id": 1073741824, "ptr_wrapper": {"id": 2147483651, "data": {"local_path": "", "filename": "075416_15357.766602.jpg", "width": 1920, "height": 1080, "id_view": 7, "id_intrinsic": 0, "id_pose": 7}}}}, {"key": 6, "value": {"polymorphic_id": 1073741824, "ptr_wrapper": {"id": 2147483652, "data": {"local_path": "", "filename": "075415_15357.666016.jpg", "width": 1920, "height": 1080, "id_view": 6, "id_intrinsic": 0, "id_pose": 6}}}}, {"key": 5, "value": {"polymorphic_id": 1073741824, "ptr_wrapper": {"id": 2147483653, "data": {"local_path": "", "filename": "075414_15357.566406.jpg", "width": 1920, "height": 1080, "id_view": 5, "id_intrinsic": 0, "id_pose": 5}}}}, {"key": 4, "value": {"polymorphic_id": 1073741824, "ptr_wrapper": {"id": 2147483654, "data": {"local_path": "", "filename": "075413_15357.497820.jpg", "width": 1920, "height": 1080, "id_view": 4, "id_intrinsic": 0, "id_pose": 4}}}}, {"key": 3, "value": {"polymorphic_id": 1073741824, "ptr_wrapper": {"id": 2147483655, "data": {"local_path": "", "filename": "075412_15357.398211.jpg", "width": 1920, "height": 1080, "id_view": 3, "id_intrinsic": 0, "id_pose": 3}}}}, {"key": 2, "value": {"polymorphic_id": 1073741824, "ptr_wrapper": {"id": 2147483656, "data": {"local_path": "", "filename": "075411_15357.299602.jpg", "width": 1920, "height": 1080, "id_view": 2, "id_intrinsic": 0, "id_pose": 2}}}}, {"key": 1, "value": {"polymorphic_id": 1073741824, "ptr_wrapper": {"id": 2147483657, "data": {"local_path": "", "filename": "075410_15357.198016.jpg", "width": 1920, "height": 1080, "id_view": 1, "id_intrinsic": 0, "id_pose": 1}}}}, {"key": 0, "value": {"polymorphic_id": 1073741824, "ptr_wrapper": {"id": 2147483658, "data": {"local_path": "", "filename": "075409_15357.099406.jpg", "width": 1920, "height": 1080, "id_view": 0, "id_intrinsic": 0, "id_pose": 0}}}}], "intrinsics": [{"key": 0, "value": {"polymorphic_id": 2147483649, "polymorphic_name": "pinhole_radial_k3", "ptr_wrapper": {"id": 2147483659, "data": {"width": 1920, "height": 1080, "focal_length": 1739.13, "principal_point": [960.0, 540.0], "disto_k3": [0.0, 0.0, 0.0]}}}}], "extrinsics": [{"key": 0, "value": {"rotation": [[0.9999998610855346, -0.00041441437381108565, 0.0003257140438515056], [0.0004144669491159051, 0.9999999010893006, -0.00016136460920411784], [-0.0003256471398214461, 0.00016149958449423243, 0.9999999339359101]], "center": [0.00024529743542068226, -0.0005098562650589, 0.00028114910372361424]}}, {"key": 1, "value": {"rotation": [[0.999999504240757, 9.400477397344556e-05, 0.0009913028510819227], [-9.406441704767569e-05, 0.9999999937687416, 6.011989839781865e-05], [-0.0009912971933473977, -6.0213114917636606e-05, 0.999999506852006]], "center": [-5.59974673161821e-05, -0.010970937291765837, 0.0010282889083179608]}}, {"key": 2, "value": {"rotation": [[0.9999987025558734, -0.001080939720797066, 0.0011943432880085398], [0.0010813103843223778, 0.999999367412092, -0.0003097471042267351], [-0.0011940077145330412, 0.00031103815814694224, 0.9999992388001311]], "center": [0.0008179181745155122, -0.021756547784502107, 0.0017512211753931473]}}, {"key": 3, "value": {"rotation": [[0.9999987169464075, -0.0016018437632877068, 1.4216069041111894e-05], [0.001601854747956246, 0.9999983892934045, -0.0008096122302831324], [-1.2919173841400367e-05, 0.0008096339635848994, 0.9999996721629162]], "center": [0.000954227934212749, -0.031700711217773486, 0.0027604117364453374]}}, {"key": 4, "value": {"rotation": [[0.9999965502845852, -0.0019519270943796111, 0.0017576687820028021], [0.0019504575904620227, 0.999997747253111, 0.0008373791800715846], [-0.0017592993255297123, -0.0008339480329343976, 0.9999981046964848]], "center": [0.0003879778455964006, -0.04382947122163913, 0.0017356436100003745]}}, {"key": 5, "value": {"rotation": [[0.9999953041424119, -0.0027059312979055387, 0.001438620497710534], [0.0027046939536246126, 0.9999959713523899, 0.0008613417484823877], [-0.0014409454336108771, -0.0008574466755825699, 0.99999859422974]], "center": [0.0007871916358259199, -0.05463800417107625, 0.0024001417492467278]}}, {"key": 6, "value": {"rotation": [[0.9999923989255243, -0.0032689658772387113, 0.00212507723837804], [0.003265379280414184, 0.9999932422094928, 0.0016890333039251584], [-0.0021305842697872572, -0.0016820812822738388, 0.9999963155998272]], "center": [-0.0003114329281173005, -0.06599138167228709, 0.0022474019015271537]}}, {"key": 7, "value": {"rotation": [[0.999988057074256, -0.004644417735866932, 0.001521542884557009], [0.004644095613964448, 0.9999891929800381, 0.0002151721648164399], [-0.0015225257906311446, -0.0002081034043947532, 0.999998819303398]], "center": [0.0005661828417836247, -0.07568991530321488, 0.003908110093109751]}}, {"key": 8, "value": {"rotation": [[0.9999822694843905, -0.005820640240689762, 0.001257324157346494], [0.005821246249708688, 0.9999829417459521, -0.0004788624141725719], [-0.0012545154237538281, 0.00048617311723059183, 0.9999990949129661]], "center": [0.0006113799285880387, -0.08565454018840708, 0.004885085546272006]}}, {"key": 9, "value": {"rotation": [[0.999976265125444, -0.006889552753539064, 5.6996708132432406e-05], [0.00688964631459125, 0.9999745590654195, -0.0018477000783390582], [-4.426543092040404e-05, 0.0018480489105695062, 0.999998291376438]], "center": [0.0013630106085776696, -0.09530123598317963, 0.006713291707977962]}}], "structure": [], "control_points": []}