{"sfm_data_version": "0.3", "root_path": "/mnt/ST8000/jialei/SFM_E/ex_sea_12/1-5/images", "views": [{"key": 9, "value": {"polymorphic_id": 1073741824, "ptr_wrapper": {"id": 2147483649, "data": {"local_path": "", "filename": "075418_15357.965820.jpg", "width": 1920, "height": 1080, "id_view": 9, "id_intrinsic": 0, "id_pose": 9}}}}, {"key": 8, "value": {"polymorphic_id": 1073741824, "ptr_wrapper": {"id": 2147483650, "data": {"local_path": "", "filename": "075417_15357.866211.jpg", "width": 1920, "height": 1080, "id_view": 8, "id_intrinsic": 0, "id_pose": 8}}}}, {"key": 7, "value": {"polymorphic_id": 1073741824, "ptr_wrapper": {"id": 2147483651, "data": {"local_path": "", "filename": "075416_15357.766602.jpg", "width": 1920, "height": 1080, "id_view": 7, "id_intrinsic": 0, "id_pose": 7}}}}, {"key": 6, "value": {"polymorphic_id": 1073741824, "ptr_wrapper": {"id": 2147483652, "data": {"local_path": "", "filename": "075415_15357.666016.jpg", "width": 1920, "height": 1080, "id_view": 6, "id_intrinsic": 0, "id_pose": 6}}}}, {"key": 5, "value": {"polymorphic_id": 1073741824, "ptr_wrapper": {"id": 2147483653, "data": {"local_path": "", "filename": "075414_15357.566406.jpg", "width": 1920, "height": 1080, "id_view": 5, "id_intrinsic": 0, "id_pose": 5}}}}, {"key": 4, "value": {"polymorphic_id": 1073741824, "ptr_wrapper": {"id": 2147483654, "data": {"local_path": "", "filename": "075413_15357.497820.jpg", "width": 1920, "height": 1080, "id_view": 4, "id_intrinsic": 0, "id_pose": 4}}}}, {"key": 3, "value": {"polymorphic_id": 1073741824, "ptr_wrapper": {"id": 2147483655, "data": {"local_path": "", "filename": "075412_15357.398211.jpg", "width": 1920, "height": 1080, "id_view": 3, "id_intrinsic": 0, "id_pose": 3}}}}, {"key": 2, "value": {"polymorphic_id": 1073741824, "ptr_wrapper": {"id": 2147483656, "data": {"local_path": "", "filename": "075411_15357.299602.jpg", "width": 1920, "height": 1080, "id_view": 2, "id_intrinsic": 0, "id_pose": 2}}}}, {"key": 1, "value": {"polymorphic_id": 1073741824, "ptr_wrapper": {"id": 2147483657, "data": {"local_path": "", "filename": "075410_15357.198016.jpg", "width": 1920, "height": 1080, "id_view": 1, "id_intrinsic": 0, "id_pose": 1}}}}, {"key": 0, "value": {"polymorphic_id": 1073741824, "ptr_wrapper": {"id": 2147483658, "data": {"local_path": "", "filename": "075409_15357.099406.jpg", "width": 1920, "height": 1080, "id_view": 0, "id_intrinsic": 0, "id_pose": 0}}}}], "intrinsics": [{"key": 0, "value": {"polymorphic_id": 2147483649, "polymorphic_name": "pinhole_radial_k3", "ptr_wrapper": {"id": 2147483659, "data": {"width": 1920, "height": 1080, "focal_length": 1739.13, "principal_point": [960.0, 540.0], "disto_k3": [0.0, 0.0, 0.0]}}}}], "extrinsics": [{"key": 0, "value": {"rotation": [[0.9999999914336725, 0.00012711145385020176, 3.1230335277379215e-05], [-0.00012711081837329493, 0.999999991714375, -2.0349207788795886e-05], [-3.123292163600327e-05, 2.0345237901002798e-05, 0.9999999993052879]], "center": [102655.28827447325, -59731.17478746722, 609.3316321658008]}}, {"key": 1, "value": {"rotation": [[0.9999995845832421, 0.0006306468617968722, 0.000658116919269221], [-0.0006307596212151577, 0.9999997864261705, 0.00017114296342397414], [-0.0006580088479398486, -0.00017155800590699802, 0.9999997687960765]], "center": [102655.03607217927, -59738.14356045243, 609.7853314018204]}}, {"key": 2, "value": {"rotation": [[0.9999994859675956, -0.0005400797698058684, 0.0008581249251468528], [0.0005402174291368017, 0.9999998412513228, -0.00016019506552783809], [-0.0008580382708065129, 0.00016065855722339096, 0.9999996189795044]], "center": [102655.6305757846, -59745.314986294514, 610.2217906111547]}}, {"key": 3, "value": {"rotation": [[0.9999994162270235, -0.0010484850115306662, -0.00026119876060137596], [0.0010483293272200518, 0.9999992732142828, -0.0005954632887549223], [0.00026182290509903363, 0.0005951891188186735, 0.9999997885993174]], "center": [102655.62964051202, -59751.972302297356, 610.8322216961458]}}, {"key": 4, "value": {"rotation": [[0.999998048375422, -0.001401902516891449, 0.0013920900401724078], [0.0014005586631006329, 0.9999985527779193, 0.0009658558372197784], [-0.001393442061238109, -0.0009639042484661097, 0.9999985646028811]], "center": [102655.40181117473, -59759.88644924619, 610.2001082506196]}}, {"key": 5, "value": {"rotation": [[0.9999970866292482, -0.0021677757552291343, 0.0010618292189866407], [0.002166762509837453, 0.9999971970617638, 0.000954467832046769], [-0.001063895314970407, -0.0009521643195845052, 0.9999989807544146]], "center": [102655.65738088154, -59767.031202797705, 610.62511698847]}}, {"key": 6, "value": {"rotation": [[0.9999948118307029, -0.002731138138843114, 0.0017079801354541915], [0.0027281978789122177, 0.9999947967584623, 0.0017214506485730319], [-0.0017126727679415215, -0.0017167820096127813, 0.9999970597014384]], "center": [102654.99116462599, -59774.487276858956, 610.5323525057219]}}, {"key": 7, "value": {"rotation": [[0.9999908795618799, -0.004130637805208786, 0.001085644683770712], [0.004130315061830124, 0.9999914254047378, 0.0002993567960606044], [-0.00108687190930608, -0.0002948700112061891, 0.9999993658803642]], "center": [102655.54603048527, -59780.994682803095, 611.5765131062727]}}, {"key": 8, "value": {"rotation": [[0.9999855630108524, -0.005311061530467937, 0.0008163303790396533], [0.005311352481762862, 0.9999858317752075, -0.00035465992436166746], [-0.0008144351924067293, 0.0003589906225249504, 0.9999996039104472]], "center": [102655.56758896228, -59787.64753109417, 612.1827845984833]}}, {"key": 9, "value": {"rotation": [[0.9999802209749178, -0.006286479155257497, -0.00019452193919607973], [0.006286229728625686, 0.9999794509884983, -0.0012573450366498164], [0.00020242221532629925, 0.0012560973579938423, 0.99999919062201]], "center": [102655.91255417423, -59794.348159888716, 613.1434578644564]}}], "structure": [], "control_points": []}