{"sfm_data_version": "0.3", "root_path": "/mnt/ST8000/jialei/SFM_E/ex_sea_12/1-5/images", "views": [{"key": 9, "value": {"polymorphic_id": 1073741824, "ptr_wrapper": {"id": 2147483649, "data": {"local_path": "", "filename": "075418_15357.965820.jpg", "width": 1920, "height": 1080, "id_view": 9, "id_intrinsic": 0, "id_pose": 9}}}}, {"key": 8, "value": {"polymorphic_id": 1073741824, "ptr_wrapper": {"id": 2147483650, "data": {"local_path": "", "filename": "075417_15357.866211.jpg", "width": 1920, "height": 1080, "id_view": 8, "id_intrinsic": 0, "id_pose": 8}}}}, {"key": 7, "value": {"polymorphic_id": 1073741824, "ptr_wrapper": {"id": 2147483651, "data": {"local_path": "", "filename": "075416_15357.766602.jpg", "width": 1920, "height": 1080, "id_view": 7, "id_intrinsic": 0, "id_pose": 7}}}}, {"key": 6, "value": {"polymorphic_id": 1073741824, "ptr_wrapper": {"id": 2147483652, "data": {"local_path": "", "filename": "075415_15357.666016.jpg", "width": 1920, "height": 1080, "id_view": 6, "id_intrinsic": 0, "id_pose": 6}}}}, {"key": 5, "value": {"polymorphic_id": 1073741824, "ptr_wrapper": {"id": 2147483653, "data": {"local_path": "", "filename": "075414_15357.566406.jpg", "width": 1920, "height": 1080, "id_view": 5, "id_intrinsic": 0, "id_pose": 5}}}}, {"key": 4, "value": {"polymorphic_id": 1073741824, "ptr_wrapper": {"id": 2147483654, "data": {"local_path": "", "filename": "075413_15357.497820.jpg", "width": 1920, "height": 1080, "id_view": 4, "id_intrinsic": 0, "id_pose": 4}}}}, {"key": 3, "value": {"polymorphic_id": 1073741824, "ptr_wrapper": {"id": 2147483655, "data": {"local_path": "", "filename": "075412_15357.398211.jpg", "width": 1920, "height": 1080, "id_view": 3, "id_intrinsic": 0, "id_pose": 3}}}}, {"key": 2, "value": {"polymorphic_id": 1073741824, "ptr_wrapper": {"id": 2147483656, "data": {"local_path": "", "filename": "075411_15357.299602.jpg", "width": 1920, "height": 1080, "id_view": 2, "id_intrinsic": 0, "id_pose": 2}}}}, {"key": 1, "value": {"polymorphic_id": 1073741824, "ptr_wrapper": {"id": 2147483657, "data": {"local_path": "", "filename": "075410_15357.198016.jpg", "width": 1920, "height": 1080, "id_view": 1, "id_intrinsic": 0, "id_pose": 1}}}}, {"key": 0, "value": {"polymorphic_id": 1073741824, "ptr_wrapper": {"id": 2147483658, "data": {"local_path": "", "filename": "075409_15357.099406.jpg", "width": 1920, "height": 1080, "id_view": 0, "id_intrinsic": 0, "id_pose": 0}}}}], "intrinsics": [{"key": 0, "value": {"polymorphic_id": 2147483649, "polymorphic_name": "pinhole_radial_k3", "ptr_wrapper": {"id": 2147483659, "data": {"width": 1920, "height": 1080, "focal_length": 1739.13, "principal_point": [960.0, 540.0], "disto_k3": [0.0, 0.0, 0.0]}}}}], "extrinsics": [{"key": 0, "value": {"rotation": [[0.9999998730070234, -0.0004023288708290918, 0.00030350851192770636], [0.00040236932414725626, 0.9999999101734999, -0.00013323632882182143], [-0.0003034548798428902, 0.00013335843441651627, 0.9999999450653304]], "center": [0.00022126684681323332, -0.0004952263782482238, 0.00026867156945863346]}}, {"key": 1, "value": {"rotation": [[0.9999995621068161, 0.00010127751482657617, 0.0009303381326701762], [-0.00010133162856705288, 0.9999999931770578, 5.8118717435589576e-05], [-0.0009303322402032656, -5.821296466391071e-05, 0.9999995655464924]], "center": [-0.0001954783190765846, -0.0118387757254489, 0.001008376963190778]}}, {"key": 2, "value": {"rotation": [[0.9999987891724633, -0.0010694262927696582, 0.001130478222447953], [0.0010697354443428985, 0.9999993905955247, -0.0002729004550122597], [-0.0011301856866075565, 0.0002741094372005064, 0.9999993237719366]], "center": [0.0007658872130797398, -0.023512938654699084, 0.001720431359648858]}}, {"key": 3, "value": {"rotation": [[0.9999987549607992, -0.0015779579029111409, 1.1211941141100563e-05], [0.0015779654458732153, 0.9999985043579968, -0.0007080302401553165], [-1.0094682459106842e-05, 0.000708047050685669, 0.9999997492837044]], "center": [0.0007583564157030026, -0.03434968240578425, 0.0027153208725920193]}}, {"key": 4, "value": {"rotation": [[0.9999967499045193, -0.001931187816163402, 0.00166454018169425], [0.0019297692956987249, 0.9999977738599388, 0.0008533848087148965], [-0.0016661845225397697, -0.000850169856598642, 0.9999982505186459]], "center": [0.0003809521998336399, -0.04723234327283529, 0.0016877119746989816]}}, {"key": 5, "value": {"rotation": [[0.9999954725559081, -0.002697097751450679, 0.0013343655436969962], [0.0026959753890140846, 0.9999960111952689, 0.0008422055886127843], [-0.0013366317319727563, -0.0008386043589083085, 0.9999987550783966]], "center": [0.0007906252482015317, -0.05886279873667338, 0.0023809720286770376]}}, {"key": 6, "value": {"rotation": [[0.9999927235682698, -0.0032603858352340505, 0.001980579389545353], [0.0032572005898569654, 0.9999934003103209, 0.0016093415173563618], [-0.001985813392623322, -0.00160287866273676, 0.9999967436572795]], "center": [-0.00030023450061405913, -0.07099932617715678, 0.002231043309630086]}}, {"key": 7, "value": {"rotation": [[0.999988219720722, -0.004659953536431821, 0.0013584008312206087], [0.0046597028797363445, 0.9999891259229252, 0.00018762989311299543], [-0.0013592604064493192, -0.00018129793851531608, 0.9999990597706611]], "center": [0.0005969112568059611, -0.08159244381152438, 0.003932181687687688]}}, {"key": 8, "value": {"rotation": [[0.9999823514824452, -0.0058404047055149195, 0.001089218304313373], [0.005840915173434005, 0.9999828330995211, -0.0004660645799825923], [-0.0010864776000452255, 0.00047241838635458374, 0.9999992981934006]], "center": [0.0006260017408424224, -0.09242193512014746, 0.004920309315585692]}}, {"key": 9, "value": {"rotation": [[0.9999767681757081, -0.0068159335819984795, 7.847465372080433e-05], [0.006816034609495913, 0.9999758341705884, -0.001368483481183491], [-6.914526480000036e-05, 0.0013689865747714817, 0.9999990605469046]], "center": [0.0011813392414634018, -0.1033294176265901, 0.0064854884791041316]}}], "structure": [], "control_points": []}