{"sfm_data_version": "0.3", "root_path": "/mnt/ST8000/jialei/SFM_E/ex_sea_12/6-5/images", "views": [{"key": 9, "value": {"polymorphic_id": 1073741824, "ptr_wrapper": {"id": 2147483649, "data": {"local_path": "", "filename": "128880_17395.546875.jpg", "width": 1920, "height": 1080, "id_view": 9, "id_intrinsic": 0, "id_pose": 9}}}}, {"key": 8, "value": {"polymorphic_id": 1073741824, "ptr_wrapper": {"id": 2147483650, "data": {"local_path": "", "filename": "128879_17395.479266.jpg", "width": 1920, "height": 1080, "id_view": 8, "id_intrinsic": 0, "id_pose": 8}}}}, {"key": 7, "value": {"polymorphic_id": 1073741824, "ptr_wrapper": {"id": 2147483651, "data": {"local_path": "", "filename": "128878_17395.379656.jpg", "width": 1920, "height": 1080, "id_view": 7, "id_intrinsic": 0, "id_pose": 7}}}}, {"key": 6, "value": {"polymorphic_id": 1073741824, "ptr_wrapper": {"id": 2147483652, "data": {"local_path": "", "filename": "128877_17395.280047.jpg", "width": 1920, "height": 1080, "id_view": 6, "id_intrinsic": 0, "id_pose": 6}}}}, {"key": 5, "value": {"polymorphic_id": 1073741824, "ptr_wrapper": {"id": 2147483653, "data": {"local_path": "", "filename": "128876_17395.180437.jpg", "width": 1920, "height": 1080, "id_view": 5, "id_intrinsic": 0, "id_pose": 5}}}}, {"key": 4, "value": {"polymorphic_id": 1073741824, "ptr_wrapper": {"id": 2147483654, "data": {"local_path": "", "filename": "128875_17395.078875.jpg", "width": 1920, "height": 1080, "id_view": 4, "id_intrinsic": 0, "id_pose": 4}}}}, {"key": 3, "value": {"polymorphic_id": 1073741824, "ptr_wrapper": {"id": 2147483655, "data": {"local_path": "", "filename": "128874_17394.979266.jpg", "width": 1920, "height": 1080, "id_view": 3, "id_intrinsic": 0, "id_pose": 3}}}}, {"key": 2, "value": {"polymorphic_id": 1073741824, "ptr_wrapper": {"id": 2147483656, "data": {"local_path": "", "filename": "128873_17394.879656.jpg", "width": 1920, "height": 1080, "id_view": 2, "id_intrinsic": 0, "id_pose": 2}}}}, {"key": 1, "value": {"polymorphic_id": 1073741824, "ptr_wrapper": {"id": 2147483657, "data": {"local_path": "", "filename": "128872_17394.780047.jpg", "width": 1920, "height": 1080, "id_view": 1, "id_intrinsic": 0, "id_pose": 1}}}}, {"key": 0, "value": {"polymorphic_id": 1073741824, "ptr_wrapper": {"id": 2147483658, "data": {"local_path": "", "filename": "128871_17394.680437.jpg", "width": 1920, "height": 1080, "id_view": 0, "id_intrinsic": 0, "id_pose": 0}}}}], "intrinsics": [{"key": 0, "value": {"polymorphic_id": 2147483649, "polymorphic_name": "pinhole_radial_k3", "ptr_wrapper": {"id": 2147483659, "data": {"width": 1920, "height": 1080, "focal_length": 1739.13, "principal_point": [960.0, 540.0], "disto_k3": [0.0, 0.0, 0.0]}}}}], "extrinsics": [{"key": 0, "value": {"rotation": [[0.9999999240277458, -0.00031052761145105006, 0.00023562068028301842], [0.00031056346540085444, 0.9999999402008457, -0.0001521467676073772], [-0.00023557342042076603, 0.00015221993122343288, 0.9999999606671273]], "center": [9.685630006068086e-05, -0.0003694201795716256, 0.0003006483061900993]}}, {"key": 1, "value": {"rotation": [[0.9999989324961038, 0.00039309924623624965, -0.001407295148640956], [-0.0003944480491956316, 0.9999994630480231, -0.0009582872230485794], [0.0014069176910059943, 0.0009588413048992465, 0.999998550601931]], "center": [-5.498255891461001e-05, -0.012215117860880984, 0.00036463158449400156]}}, {"key": 2, "value": {"rotation": [[0.9999996108084619, -0.00021890411647018754, -0.0008546718156693878], [0.00021840313233716392, 0.9999998043226697, -0.0005862206872252597], [0.0008547999745510966, 0.0005860337960714599, 0.9999994629405525]], "center": [0.0006264748379657105, -0.0233161612679161, 0.0008742624346416421]}}, {"key": 3, "value": {"rotation": [[0.999999831875187, -0.0004925260938250774, -0.0003060517035038272], [0.0004925518409776081, 0.9999998751635337, 8.405712908614119e-05], [0.00030601026496802984, -8.420786128400569e-05, 0.9999999496333758]], "center": [0.000991368009586052, -0.031103917782421022, 0.0010705030085553862]}}, {"key": 4, "value": {"rotation": [[0.9999992309666932, -0.00120775746634151, -0.00028175862979538415], [0.0012080299182886073, 0.9999988010333056, 0.0009688114717357314], [0.0002805882026877177, -0.0009691510995419138, 0.9999994910080742]], "center": [0.0032584062595959994, -0.0428918810306229, 0.0023680219791217378]}}, {"key": 5, "value": {"rotation": [[0.9999974449873033, -0.0018295777276665518, 0.0013276536463685935], [0.0018260938274403673, 0.9999948989370926, 0.002620587935385771], [-0.001332441443243789, -0.002618156819621655, 0.9999956849180244]], "center": [0.003211010107822364, -0.055261381714411854, 0.00247731383741778]}}, {"key": 6, "value": {"rotation": [[0.9999964111910158, -0.0021776629681285005, -0.0015605733198624805], [0.002177510137198417, 0.9999976242594137, -9.96249479546425e-05], [0.001560786561904998, 9.622642619592193e-05, 0.9999987773421444]], "center": [0.00605950332130253, -0.06370896754223222, 0.00593867360629708]}}, {"key": 7, "value": {"rotation": [[0.9999954596536215, -0.0026348961301085197, -0.0014621882665292157], [0.002637045835454079, 0.9999954422076825, 0.0014702221338779352], [0.001458307719567838, -0.0014740713160390575, 0.9999978502238646]], "center": [0.007914047433679836, -0.07607568503555216, 0.007064035410740219]}}, {"key": 8, "value": {"rotation": [[0.9999949664723884, -0.003044611661776756, -0.0008929556074059248], [0.003046617083390267, 0.9999928207405901, 0.002253129296117282], [0.0008860892929155412, -0.002255838448736967, 0.9999970630150163]], "center": [0.007769117901011178, -0.08743637673901437, 0.007378076374003559]}}, {"key": 9, "value": {"rotation": [[0.999992455587762, -0.0036115672556229824, -0.0014301571653239267], [0.0036149340342946207, 0.9999906846176578, 0.002358586406212788], [0.001421625649428944, -0.002363738535875931, 0.999996195853088]], "center": [0.009427664848086737, -0.09832448899815012, 0.00875153568468092]}}], "structure": [], "control_points": []}