{"sfm_data_version": "0.3", "root_path": "/mnt/ST8000/jialei/SFM_E/ex_sea_12/1-2/images", "views": [{"key": 9, "value": {"polymorphic_id": 1073741824, "ptr_wrapper": {"id": 2147483649, "data": {"local_path": "", "filename": "038735_11734.566406.jpg", "width": 1920, "height": 1080, "id_view": 9, "id_intrinsic": 0, "id_pose": 9}}}}, {"key": 8, "value": {"polymorphic_id": 1073741824, "ptr_wrapper": {"id": 2147483650, "data": {"local_path": "", "filename": "038734_11734.465820.jpg", "width": 1920, "height": 1080, "id_view": 8, "id_intrinsic": 0, "id_pose": 8}}}}, {"key": 7, "value": {"polymorphic_id": 1073741824, "ptr_wrapper": {"id": 2147483651, "data": {"local_path": "", "filename": "038733_11734.399211.jpg", "width": 1920, "height": 1080, "id_view": 7, "id_intrinsic": 0, "id_pose": 7}}}}, {"key": 6, "value": {"polymorphic_id": 1073741824, "ptr_wrapper": {"id": 2147483652, "data": {"local_path": "", "filename": "038732_11734.299602.jpg", "width": 1920, "height": 1080, "id_view": 6, "id_intrinsic": 0, "id_pose": 6}}}}, {"key": 5, "value": {"polymorphic_id": 1073741824, "ptr_wrapper": {"id": 2147483653, "data": {"local_path": "", "filename": "038731_11734.198016.jpg", "width": 1920, "height": 1080, "id_view": 5, "id_intrinsic": 0, "id_pose": 5}}}}, {"key": 4, "value": {"polymorphic_id": 1073741824, "ptr_wrapper": {"id": 2147483654, "data": {"local_path": "", "filename": "038730_11734.100406.jpg", "width": 1920, "height": 1080, "id_view": 4, "id_intrinsic": 0, "id_pose": 4}}}}, {"key": 3, "value": {"polymorphic_id": 1073741824, "ptr_wrapper": {"id": 2147483655, "data": {"local_path": "", "filename": "038729_11733.998820.jpg", "width": 1920, "height": 1080, "id_view": 3, "id_intrinsic": 0, "id_pose": 3}}}}, {"key": 2, "value": {"polymorphic_id": 1073741824, "ptr_wrapper": {"id": 2147483656, "data": {"local_path": "", "filename": "038728_11733.899211.jpg", "width": 1920, "height": 1080, "id_view": 2, "id_intrinsic": 0, "id_pose": 2}}}}, {"key": 1, "value": {"polymorphic_id": 1073741824, "ptr_wrapper": {"id": 2147483657, "data": {"local_path": "", "filename": "038727_11733.798602.jpg", "width": 1920, "height": 1080, "id_view": 1, "id_intrinsic": 0, "id_pose": 1}}}}, {"key": 0, "value": {"polymorphic_id": 1073741824, "ptr_wrapper": {"id": 2147483658, "data": {"local_path": "", "filename": "038726_11733.699016.jpg", "width": 1920, "height": 1080, "id_view": 0, "id_intrinsic": 0, "id_pose": 0}}}}], "intrinsics": [{"key": 0, "value": {"polymorphic_id": 2147483649, "polymorphic_name": "pinhole_radial_k3", "ptr_wrapper": {"id": 2147483659, "data": {"width": 1920, "height": 1080, "focal_length": 1739.13, "principal_point": [960.0, 540.0], "disto_k3": [0.0, 0.0, 0.0]}}}}], "extrinsics": [{"key": 0, "value": {"rotation": [[0.999999967764817, -0.00020968582839106932, 0.00014318595755331829], [0.00020965632598296375, 0.9999999567986437, 0.00020602654203779474], [-0.00014322915221362843, -0.0002059965155546985, 0.9999999685254223]], "center": [102655.288274531, -59731.1747875437, 609.331632013464]}}, {"key": 1, "value": {"rotation": [[0.9999990880310233, 0.0011725865240734745, 0.0006700581805908912], [-0.001173307272449394, 0.999998732493898, 0.0010762716395734226], [-0.0006687953096672493, -0.0010770568421833305, 0.9999991963303733]], "center": [102655.28865580857, -59737.376587008876, 610.4112214200162]}}, {"key": 2, "value": {"rotation": [[0.9999996965151973, 0.0003079005015756188, 0.0007156582946773463], [-0.00030896066042535036, 0.9999988544978796, 0.0014817375742460124], [-0.0007152012471469322, -0.0014819582348205497, 0.9999986461425667]], "center": [102655.3053249981, -59744.21334141083, 610.9257146620449]}}, {"key": 3, "value": {"rotation": [[0.9999959007524202, -0.0012288393680431533, 0.0025862003332905803], [0.001225677876563223, 0.9999985001635605, 0.0012236765799668171], [-0.002587700156368306, -0.0012205017152807306, 0.9999959070833558]], "center": [102654.2297803818, -59750.461432441545, 610.3033728263347]}}, {"key": 4, "value": {"rotation": [[0.9999937891400436, -0.0021836432296699357, 0.0027664749382935727], [0.0021802901472524564, 0.9999968856840101, 0.001214478140664097], [-0.0027691183095858943, -0.0012084388796599203, 0.9999954358192149]], "center": [102654.60053879744, -59756.99287277305, 610.9093309343302]}}, {"key": 5, "value": {"rotation": [[0.9999899537367354, -0.003596507938669912, 0.0026753609567989516], [0.00359602457498705, 0.9999935170847696, 0.00018546074507132696], [-0.0026760106237026793, -0.00017583821813629453, 0.9999964040175658]], "center": [102654.79920178032, -59762.94429722802, 611.9578665809152]}}, {"key": 6, "value": {"rotation": [[0.9999843924686349, -0.0048632870063986845, 0.002750137929016584], [0.004862545091940107, 0.9999881395600114, 0.00027639561344666274], [-0.0027514495023662844, -0.00026301862990458504, 0.9999961801661226]], "center": [102655.19834124213, -59769.7294971995, 612.7196505551168]}}, {"key": 7, "value": {"rotation": [[0.9999728343720754, -0.006659335212186672, 0.0031597108111045573], [0.0066588124541666896, 0.9999778143854821, 0.0001759361634143759], [-0.003160812328866721, -0.00015489146229754445, 0.9999949926244913]], "center": [102655.04412150457, -59776.61060460245, 613.2800815654631]}}, {"key": 8, "value": {"rotation": [[0.9999672728652879, -0.007130656226877798, 0.003821902684926884], [0.00712915776575261, 0.9999745049933925, 0.0004055524255772564], [-0.003824697100421572, -0.0003782922058022389, 0.9999926142662742]], "center": [102654.29393468202, -59783.0688501906, 613.2498133467824]}}, {"key": 9, "value": {"rotation": [[0.9999540668581153, -0.008468442331343593, 0.0044888370873326896], [0.008467682274986626, 0.9999641308067257, 0.0001882998641344418], [-0.004490270682908171, -0.0001502811686903937, 0.9999899073914522]], "center": [102654.3372813296, -59789.69641040175, 613.5586719650751]}}], "structure": [], "control_points": []}