{"sfm_data_version": "0.3", "root_path": "/mnt/ST8000/jialei/SFM_E/ex_sea_12/1-2/images", "views": [{"key": 9, "value": {"polymorphic_id": 1073741824, "ptr_wrapper": {"id": 2147483649, "data": {"local_path": "", "filename": "038735_11734.566406.jpg", "width": 1920, "height": 1080, "id_view": 9, "id_intrinsic": 0, "id_pose": 9}}}}, {"key": 8, "value": {"polymorphic_id": 1073741824, "ptr_wrapper": {"id": 2147483650, "data": {"local_path": "", "filename": "038734_11734.465820.jpg", "width": 1920, "height": 1080, "id_view": 8, "id_intrinsic": 0, "id_pose": 8}}}}, {"key": 7, "value": {"polymorphic_id": 1073741824, "ptr_wrapper": {"id": 2147483651, "data": {"local_path": "", "filename": "038733_11734.399211.jpg", "width": 1920, "height": 1080, "id_view": 7, "id_intrinsic": 0, "id_pose": 7}}}}, {"key": 6, "value": {"polymorphic_id": 1073741824, "ptr_wrapper": {"id": 2147483652, "data": {"local_path": "", "filename": "038732_11734.299602.jpg", "width": 1920, "height": 1080, "id_view": 6, "id_intrinsic": 0, "id_pose": 6}}}}, {"key": 5, "value": {"polymorphic_id": 1073741824, "ptr_wrapper": {"id": 2147483653, "data": {"local_path": "", "filename": "038731_11734.198016.jpg", "width": 1920, "height": 1080, "id_view": 5, "id_intrinsic": 0, "id_pose": 5}}}}, {"key": 4, "value": {"polymorphic_id": 1073741824, "ptr_wrapper": {"id": 2147483654, "data": {"local_path": "", "filename": "038730_11734.100406.jpg", "width": 1920, "height": 1080, "id_view": 4, "id_intrinsic": 0, "id_pose": 4}}}}, {"key": 3, "value": {"polymorphic_id": 1073741824, "ptr_wrapper": {"id": 2147483655, "data": {"local_path": "", "filename": "038729_11733.998820.jpg", "width": 1920, "height": 1080, "id_view": 3, "id_intrinsic": 0, "id_pose": 3}}}}, {"key": 2, "value": {"polymorphic_id": 1073741824, "ptr_wrapper": {"id": 2147483656, "data": {"local_path": "", "filename": "038728_11733.899211.jpg", "width": 1920, "height": 1080, "id_view": 2, "id_intrinsic": 0, "id_pose": 2}}}}, {"key": 1, "value": {"polymorphic_id": 1073741824, "ptr_wrapper": {"id": 2147483657, "data": {"local_path": "", "filename": "038727_11733.798602.jpg", "width": 1920, "height": 1080, "id_view": 1, "id_intrinsic": 0, "id_pose": 1}}}}, {"key": 0, "value": {"polymorphic_id": 1073741824, "ptr_wrapper": {"id": 2147483658, "data": {"local_path": "", "filename": "038726_11733.699016.jpg", "width": 1920, "height": 1080, "id_view": 0, "id_intrinsic": 0, "id_pose": 0}}}}], "intrinsics": [{"key": 0, "value": {"polymorphic_id": 2147483649, "polymorphic_name": "pinhole_radial_k3", "ptr_wrapper": {"id": 2147483659, "data": {"width": 1920, "height": 1080, "focal_length": 1739.13, "principal_point": [960.0, 540.0], "disto_k3": [0.0, 0.0, 0.0]}}}}], "extrinsics": [{"key": 0, "value": {"rotation": [[0.9999991402502669, -0.0013112220494310167, -1.39808451434162e-05], [0.0013112239045974348, 0.9999991314317114, 0.00013352039082331504], [1.3805758119602087e-05, -0.0001335386080475531, 0.9999999909884205]], "center": [-0.00034550642753038423, -0.0011390894554834598, 0.0006511848745070255]}}, {"key": 1, "value": {"rotation": [[0.9999998659957277, 7.108852272749262e-05, 0.0005127913305837246], [-7.160333006067882e-05, 0.9999994934454803, 0.0010039829410399834], [-0.0005127196991628326, -0.0010040195240688778, 0.9999993645314508]], "center": [-0.00035541951289528114, -0.010927910338597448, 0.0023559231775668603]}}, {"key": 2, "value": {"rotation": [[0.9999995291684527, -0.0007935943462879774, 0.0005584540149048643], [0.0007928066455542204, 0.9999986926463892, 0.0014093130010658787], [-0.0005595717076377804, -0.0014088695914626147, 0.999998850982329]], "center": [-0.0003408679433498397, -0.021719039271257172, 0.0031687796482413396]}}, {"key": 3, "value": {"rotation": [[0.9999943347994201, -0.0023301938581264526, 0.0024291079945757293], [0.002327403259083245, 0.9999966291784009, 0.001151010818774061], [-0.0024317818848265888, -0.0011453507842037092, 0.999996387297697]], "center": [-0.0020495294021022894, -0.031579250458451634, 0.0021874539593306217]}}, {"key": 4, "value": {"rotation": [[0.999991199788437, -0.003284981778079961, 0.002609452126474216], [0.0032820117138452633, 0.9999939624847555, 0.0011416624487475698], [-0.0026131867122080907, -0.0011330881494307375, 0.9999959436749994]], "center": [-0.001475528538376583, -0.04188907573516805, 0.003144556227700691]}}, {"key": 5, "value": {"rotation": [[0.99998579373833, -0.004697847988864081, 0.0025184411440232596], [0.004697579729464803, 0.99998895999196, 0.00011242278472992425], [-0.0025189414855659874, -0.00010059060955446038, 0.9999968224026121]], "center": [-0.0011720454321831803, -0.05128305206129757, 0.0048002012970357845]}}, {"key": 6, "value": {"rotation": [[0.9999788488312977, -0.005964614752350928, 0.0025933107967810467], [0.005964107839412769, 0.999982193913528, 0.00020315896723882454], [-0.0025944763850378823, -0.00018768788493614551, 0.9999966167270494]], "center": [-0.0005536503440993038, -0.06199344406388847, 0.006003281827197357]}}, {"key": 7, "value": {"rotation": [[0.9999653767414374, -0.007760619519869932, 0.0030030156548142193], [0.007760346917676846, 0.9999698828096196, 0.00010241792610923645], [-0.0030037200389766597, -7.910993678639675e-05, 0.9999954856935831]], "center": [-0.000808896204605941, -0.07285427757420489, 0.006888694156550346]}}, {"key": 8, "value": {"rotation": [[0.9999594001987767, -0.008231886244638225, 0.0036652425510269406], [0.008230724402533043, 0.9999660719134617, 0.0003319604948570469], [-0.003667850857391987, -0.00030177941602104597, 0.9999932278767053]], "center": [-0.0020042301354676415, -0.0830466956277453, 0.006841843549635309]}}, {"key": 9, "value": {"rotation": [[0.9999448254643507, -0.009569608767570447, 0.004332275972825173], [0.009569202490096547, 0.9999542075784484, 0.00011449829655660902], [-0.004333173291320268, -7.303555313935716e-05, 0.9999906090934234]], "center": [-0.0019472580907570446, -0.09350770151938195, 0.007330094821109431]}}], "structure": [], "control_points": []}