{"sfm_data_version": "0.3", "root_path": "/mnt/ST8000/jialei/SFM_E/ex_sea_12/1-3/images", "views": [{"key": 9, "value": {"polymorphic_id": 1073741824, "ptr_wrapper": {"id": 2147483649, "data": {"local_path": "", "filename": "051561_13000.366211.jpg", "width": 1920, "height": 1080, "id_view": 9, "id_intrinsic": 0, "id_pose": 9}}}}, {"key": 8, "value": {"polymorphic_id": 1073741824, "ptr_wrapper": {"id": 2147483650, "data": {"local_path": "", "filename": "051560_13000.298602.jpg", "width": 1920, "height": 1080, "id_view": 8, "id_intrinsic": 0, "id_pose": 8}}}}, {"key": 7, "value": {"polymorphic_id": 1073741824, "ptr_wrapper": {"id": 2147483651, "data": {"local_path": "", "filename": "051559_13000.166016.jpg", "width": 1920, "height": 1080, "id_view": 7, "id_intrinsic": 0, "id_pose": 7}}}}, {"key": 6, "value": {"polymorphic_id": 1073741824, "ptr_wrapper": {"id": 2147483652, "data": {"local_path": "", "filename": "051558_13000.098406.jpg", "width": 1920, "height": 1080, "id_view": 6, "id_intrinsic": 0, "id_pose": 6}}}}, {"key": 5, "value": {"polymorphic_id": 1073741824, "ptr_wrapper": {"id": 2147483653, "data": {"local_path": "", "filename": "051557_12999.965820.jpg", "width": 1920, "height": 1080, "id_view": 5, "id_intrinsic": 0, "id_pose": 5}}}}, {"key": 4, "value": {"polymorphic_id": 1073741824, "ptr_wrapper": {"id": 2147483654, "data": {"local_path": "", "filename": "051556_12999.898211.jpg", "width": 1920, "height": 1080, "id_view": 4, "id_intrinsic": 0, "id_pose": 4}}}}, {"key": 3, "value": {"polymorphic_id": 1073741824, "ptr_wrapper": {"id": 2147483655, "data": {"local_path": "", "filename": "051555_12999.766602.jpg", "width": 1920, "height": 1080, "id_view": 3, "id_intrinsic": 0, "id_pose": 3}}}}, {"key": 2, "value": {"polymorphic_id": 1073741824, "ptr_wrapper": {"id": 2147483656, "data": {"local_path": "", "filename": "051554_12999.698016.jpg", "width": 1920, "height": 1080, "id_view": 2, "id_intrinsic": 0, "id_pose": 2}}}}, {"key": 1, "value": {"polymorphic_id": 1073741824, "ptr_wrapper": {"id": 2147483657, "data": {"local_path": "", "filename": "051553_12999.598406.jpg", "width": 1920, "height": 1080, "id_view": 1, "id_intrinsic": 0, "id_pose": 1}}}}, {"key": 0, "value": {"polymorphic_id": 1073741824, "ptr_wrapper": {"id": 2147483658, "data": {"local_path": "", "filename": "051552_12999.465820.jpg", "width": 1920, "height": 1080, "id_view": 0, "id_intrinsic": 0, "id_pose": 0}}}}], "intrinsics": [{"key": 0, "value": {"polymorphic_id": 2147483649, "polymorphic_name": "pinhole_radial_k3", "ptr_wrapper": {"id": 2147483659, "data": {"width": 1920, "height": 1080, "focal_length": 1739.13, "principal_point": [960.0, 540.0], "disto_k3": [0.0, 0.0, 0.0]}}}}], "extrinsics": [{"key": 0, "value": {"rotation": [[0.9999999798723662, -0.0001740618088043439, 9.97885407571377e-05], [0.00017405762237231116, 0.9999999839716434, 4.196018343313557e-05], [-9.979584282311673e-05, -4.1942813632432e-05, 0.999999994140795]], "center": [102655.28827453782, -59731.1747876233, 609.3316321063686]}}, {"key": 1, "value": {"rotation": [[0.9999991102776651, 0.0011611087101618008, 0.0006567118396011375], [-0.001162690944438946, 0.999996410129096, 0.002414099974843532], [-0.0006539064495824132, -0.0024148613798738636, 0.9999968704205385]], "center": [102655.57213762205, -59736.88857869954, 610.3811057775446]}}, {"key": 2, "value": {"rotation": [[0.9999998887530458, -0.0003832152637778219, 0.0002750271923729828], [0.0003831466766326012, 0.9999998955009929, 0.00024939251625599284], [-0.00027512273465179137, -0.0002492871127570917, 0.9999999310817058]], "center": [102655.51639697814, -59742.8800897752, 611.0633856026817]}}, {"key": 3, "value": {"rotation": [[0.9999979703150635, -0.0020147483454337903, 1.2444134600092377e-05], [0.002014770789228197, 0.9999955661451726, -0.0021928038357547966], [-8.026131524638366e-06, 0.0021928244571328037, 0.9999975957253505]], "center": [102655.70922218979, -59748.71715307938, 612.0031956458096]}}, {"key": 4, "value": {"rotation": [[0.9999937301246705, -0.0035230305051690597, 0.00035772532250115884], [0.003524619013015443, 0.9999834755874728, -0.004541542998870645], [-0.0003417194167747945, 0.004542775369435389, 0.9999896231560522]], "center": [102655.24943705108, -59754.41095533416, 612.3985874448446]}}, {"key": 5, "value": {"rotation": [[0.9999878628139197, -0.004857488507371512, 0.0008240329174723279], [0.0048621514793287446, 0.9999716228794897, -0.0057543825690832264], [-0.0007960576865945758, 0.0057583192999399405, 0.9999831038827607]], "center": [102655.23901060673, -59760.818724425735, 612.8394676743316]}}, {"key": 6, "value": {"rotation": [[0.9999788975084789, -0.006435399197572007, 0.0008889178216555999], [0.006441787537973666, 0.9999520098242702, -0.007381153142834493], [-0.0008413744953205159, 0.007386723601858734, 0.9999723638198151]], "center": [102655.18211564064, -59767.056948644524, 613.4925242534703]}}, {"key": 7, "value": {"rotation": [[0.9999699353542495, -0.0076590818153825626, 0.001211137218283872], [0.007669743045711967, 0.9999295640823136, -0.009057699253509147], [-0.0011416782510806423, 0.009066716048247154, 0.9999582447436853]], "center": [102654.59468922381, -59773.176365992564, 614.0090835677927]}}, {"key": 8, "value": {"rotation": [[0.9999619805414024, -0.00859241386165423, 0.0014858989686490592], [0.008607911377092617, 0.9999050759984999, -0.01075838529513622], [-0.0013933174222340904, 0.010770766753789388, 0.9999410228858985]], "center": [102654.4411725216, -59776.72017276673, 614.3850360584391]}}, {"key": 9, "value": {"rotation": [[0.9999513190332121, -0.009849998762587022, 0.0005805928995149344], [0.009856657172347046, 0.999868576893602, -0.012871489818603005], [-0.00045373243740653773, 0.012876585927201869, 0.9999169903855696]], "center": [102654.28503222569, -59782.63781120549, 615.454019755447]}}], "structure": [], "control_points": []}