{"sfm_data_version": "0.3", "root_path": "/mnt/ST8000/jialei/SFM_E/ex_sea_12/1-3/images", "views": [{"key": 9, "value": {"polymorphic_id": 1073741824, "ptr_wrapper": {"id": 2147483649, "data": {"local_path": "", "filename": "051561_13000.366211.jpg", "width": 1920, "height": 1080, "id_view": 9, "id_intrinsic": 0, "id_pose": 9}}}}, {"key": 8, "value": {"polymorphic_id": 1073741824, "ptr_wrapper": {"id": 2147483650, "data": {"local_path": "", "filename": "051560_13000.298602.jpg", "width": 1920, "height": 1080, "id_view": 8, "id_intrinsic": 0, "id_pose": 8}}}}, {"key": 7, "value": {"polymorphic_id": 1073741824, "ptr_wrapper": {"id": 2147483651, "data": {"local_path": "", "filename": "051559_13000.166016.jpg", "width": 1920, "height": 1080, "id_view": 7, "id_intrinsic": 0, "id_pose": 7}}}}, {"key": 6, "value": {"polymorphic_id": 1073741824, "ptr_wrapper": {"id": 2147483652, "data": {"local_path": "", "filename": "051558_13000.098406.jpg", "width": 1920, "height": 1080, "id_view": 6, "id_intrinsic": 0, "id_pose": 6}}}}, {"key": 5, "value": {"polymorphic_id": 1073741824, "ptr_wrapper": {"id": 2147483653, "data": {"local_path": "", "filename": "051557_12999.965820.jpg", "width": 1920, "height": 1080, "id_view": 5, "id_intrinsic": 0, "id_pose": 5}}}}, {"key": 4, "value": {"polymorphic_id": 1073741824, "ptr_wrapper": {"id": 2147483654, "data": {"local_path": "", "filename": "051556_12999.898211.jpg", "width": 1920, "height": 1080, "id_view": 4, "id_intrinsic": 0, "id_pose": 4}}}}, {"key": 3, "value": {"polymorphic_id": 1073741824, "ptr_wrapper": {"id": 2147483655, "data": {"local_path": "", "filename": "051555_12999.766602.jpg", "width": 1920, "height": 1080, "id_view": 3, "id_intrinsic": 0, "id_pose": 3}}}}, {"key": 2, "value": {"polymorphic_id": 1073741824, "ptr_wrapper": {"id": 2147483656, "data": {"local_path": "", "filename": "051554_12999.698016.jpg", "width": 1920, "height": 1080, "id_view": 2, "id_intrinsic": 0, "id_pose": 2}}}}, {"key": 1, "value": {"polymorphic_id": 1073741824, "ptr_wrapper": {"id": 2147483657, "data": {"local_path": "", "filename": "051553_12999.598406.jpg", "width": 1920, "height": 1080, "id_view": 1, "id_intrinsic": 0, "id_pose": 1}}}}, {"key": 0, "value": {"polymorphic_id": 1073741824, "ptr_wrapper": {"id": 2147483658, "data": {"local_path": "", "filename": "051552_12999.465820.jpg", "width": 1920, "height": 1080, "id_view": 0, "id_intrinsic": 0, "id_pose": 0}}}}], "intrinsics": [{"key": 0, "value": {"polymorphic_id": 2147483649, "polymorphic_name": "pinhole_radial_k3", "ptr_wrapper": {"id": 2147483659, "data": {"width": 1920, "height": 1080, "focal_length": 1739.13, "principal_point": [960.0, 540.0], "disto_k3": [0.0, 0.0, 0.0]}}}}], "extrinsics": [{"key": 0, "value": {"rotation": [[0.9999986285318886, -0.0013594351734883116, 0.0009459758723116055], [0.0013597838308800642, 0.9999990077728227, -0.0003680235091706284], [-0.0009454746295856041, 0.00036930932713367964, 0.9999994848440401]], "center": [-8.430855516422532e-05, -0.001489292748610252, 0.001710024657762929]}}, {"key": 1, "value": {"rotation": [[0.999998871181851, -2.4035704632768074e-05, 0.0015023505944260088], [2.1026493458077116e-05, 0.9999979938011638, 0.002002985654998783], [-0.0015023957235835814, -0.002002951804827279, 0.9999968654906661]], "center": [0.0003399086586115043, -0.010264981602223769, 0.0033258841930070096]}}, {"key": 2, "value": {"rotation": [[0.9999981412195533, -0.0015685163092842042, 0.0011213001496698772], [0.001568697147653568, 0.9999987567274797, -0.000160414318165556], [-0.0011210471431139111, 0.00016217300033699703, 0.9999993584764048]], "center": [0.0002424984059523985, -0.019466835279680027, 0.004377502634914588]}}, {"key": 3, "value": {"rotation": [[0.9999945102217388, -0.0032001537893573038, 0.0008593847269719163], [0.003202379588685783, 0.999991489154608, -0.0026012272717012364], [-0.0008510530855708451, 0.0026039650676488077, 0.9999962475302456]], "center": [0.0005268081489514155, -0.028431761942028573, 0.00582488864723412]}}, {"key": 4, "value": {"rotation": [[0.9999881895924889, -0.004708287778740109, 0.001205280767745469], [0.004714198036998448, 0.9999766431642867, -0.0049486829310750186], [-0.0011819527928353488, 0.004954306417342307, 0.9999870288336339]], "center": [-0.00019026069665031094, -0.03717580896373057, 0.006435161851025751]}}, {"key": 5, "value": {"rotation": [[0.99998034561521, -0.006042546060550421, 0.0016721304946881392], [0.006052740642799176, 0.9999627062958294, -0.006160385396351012], [-0.0016348437222399414, 0.0061703852899712515, 0.9999796266081513]], "center": [-0.00021851727196495234, -0.04701722994239291, 0.0071163346520130445]}}, {"key": 6, "value": {"rotation": [[0.9999694544243403, -0.007620418204764966, 0.001737654934515993], [0.007633727414370177, 0.9999405519120919, -0.007785810651700528], [-0.0016782205010235668, 0.007798837613742538, 0.9999681803476673]], "center": [-0.0003181118152863063, -0.056598027681987004, 0.00812322288718019]}}, {"key": 7, "value": {"rotation": [[0.9999587688052775, -0.008843956760234431, 0.002060368475800756], [0.008863072740766725, 0.9999159612666833, -0.009461307822739762], [-0.001976519927764253, 0.009479178917388422, 0.999953118169061]], "center": [-0.0012321578715414486, -0.06599546973276844, 0.008919700057734332]}}, {"key": 8, "value": {"rotation": [[0.999949474944742, -0.009777165678265734, 0.0023355061623724495], [0.009802649189840931, 0.9998896618742192, -0.01116118927000034], [-0.0022261236703403813, 0.011183519497886187, 0.9999349845190163]], "center": [-0.001474887062229883, -0.0714378999279423, 0.009499160021477241]}}, {"key": 9, "value": {"rotation": [[0.9999380878048176, -0.01103510915295586, 0.001430707247059775], [0.011053137284287346, 0.999850813747898, -0.013273221306132569], [-0.0012840223592831262, 0.013288213335479738, 0.9999108833655789]], "center": [-0.0017268692179617509, -0.08052586533969185, 0.011144541694173254]}}], "structure": [], "control_points": []}