{"sfm_data_version": "0.3", "root_path": "/mnt/ST8000/jialei/SFM_E/ex_sea_12/1-2/images", "views": [{"key": 9, "value": {"polymorphic_id": 1073741824, "ptr_wrapper": {"id": 2147483649, "data": {"local_path": "", "filename": "038735_11734.566406.jpg", "width": 1920, "height": 1080, "id_view": 9, "id_intrinsic": 0, "id_pose": 9}}}}, {"key": 8, "value": {"polymorphic_id": 1073741824, "ptr_wrapper": {"id": 2147483650, "data": {"local_path": "", "filename": "038734_11734.465820.jpg", "width": 1920, "height": 1080, "id_view": 8, "id_intrinsic": 0, "id_pose": 8}}}}, {"key": 7, "value": {"polymorphic_id": 1073741824, "ptr_wrapper": {"id": 2147483651, "data": {"local_path": "", "filename": "038733_11734.399211.jpg", "width": 1920, "height": 1080, "id_view": 7, "id_intrinsic": 0, "id_pose": 7}}}}, {"key": 6, "value": {"polymorphic_id": 1073741824, "ptr_wrapper": {"id": 2147483652, "data": {"local_path": "", "filename": "038732_11734.299602.jpg", "width": 1920, "height": 1080, "id_view": 6, "id_intrinsic": 0, "id_pose": 6}}}}, {"key": 5, "value": {"polymorphic_id": 1073741824, "ptr_wrapper": {"id": 2147483653, "data": {"local_path": "", "filename": "038731_11734.198016.jpg", "width": 1920, "height": 1080, "id_view": 5, "id_intrinsic": 0, "id_pose": 5}}}}, {"key": 4, "value": {"polymorphic_id": 1073741824, "ptr_wrapper": {"id": 2147483654, "data": {"local_path": "", "filename": "038730_11734.100406.jpg", "width": 1920, "height": 1080, "id_view": 4, "id_intrinsic": 0, "id_pose": 4}}}}, {"key": 3, "value": {"polymorphic_id": 1073741824, "ptr_wrapper": {"id": 2147483655, "data": {"local_path": "", "filename": "038729_11733.998820.jpg", "width": 1920, "height": 1080, "id_view": 3, "id_intrinsic": 0, "id_pose": 3}}}}, {"key": 2, "value": {"polymorphic_id": 1073741824, "ptr_wrapper": {"id": 2147483656, "data": {"local_path": "", "filename": "038728_11733.899211.jpg", "width": 1920, "height": 1080, "id_view": 2, "id_intrinsic": 0, "id_pose": 2}}}}, {"key": 1, "value": {"polymorphic_id": 1073741824, "ptr_wrapper": {"id": 2147483657, "data": {"local_path": "", "filename": "038727_11733.798602.jpg", "width": 1920, "height": 1080, "id_view": 1, "id_intrinsic": 0, "id_pose": 1}}}}, {"key": 0, "value": {"polymorphic_id": 1073741824, "ptr_wrapper": {"id": 2147483658, "data": {"local_path": "", "filename": "038726_11733.699016.jpg", "width": 1920, "height": 1080, "id_view": 0, "id_intrinsic": 0, "id_pose": 0}}}}], "intrinsics": [{"key": 0, "value": {"polymorphic_id": 2147483649, "polymorphic_name": "pinhole_radial_k3", "ptr_wrapper": {"id": 2147483659, "data": {"width": 1920, "height": 1080, "focal_length": 1739.13, "principal_point": [960.0, 540.0], "disto_k3": [0.0, 0.0, 0.0]}}}}], "extrinsics": [{"key": 0, "value": {"rotation": [[0.9999992488845071, -0.0012256461661998706, 4.679429543873991e-06], [0.0012256454621046582, 0.9999992380011667, 0.00014761533488687564], [-4.860350147423086e-06, -0.00014760948868912515, 0.9999999890939079]], "center": [-0.000335305172792578, -0.0011497210023047942, 0.0006449905272060062]}}, {"key": 1, "value": {"rotation": [[0.9999998609101961, 0.000170149302527069, 0.0004992282076501878], [-0.00017063214832527607, 0.9999995176062199, 0.0009673013995700483], [-0.00049906338116713, -0.000967386449409865, 0.9999994075494241]], "center": [-0.000452894950001311, -0.011250256899134581, 0.0023633877640614758]}}, {"key": 2, "value": {"rotation": [[0.9999996189212388, -0.0006834016823992685, 0.0005432490384623075], [0.000682658796622419, 0.9999988333296763, 0.001366497805910934], [-0.0005441822715693301, -0.001366126431432753, 0.9999989187815298]], "center": [-0.00047010125062093167, -0.022286515614280068, 0.0031673065793353487]}}, {"key": 3, "value": {"rotation": [[0.9999947214665499, -0.002227940619719087, 0.0023650200066784957], [0.0022253544716645114, 0.9999969237590413, 0.001095568313606196], [-0.002367453592454631, -0.0010902995227647695, 0.99999660319945]], "center": [-0.0022033968103770535, -0.03233568423705121, 0.00210344653473091]}}, {"key": 4, "value": {"rotation": [[0.9999917012867893, -0.003183364180388011, 0.002542351283225657], [0.0031806081382679515, 0.999994350673187, 0.0010873608334245612], [-0.002545798386180662, -0.001079265586547105, 0.9999961770408777]], "center": [-0.001647720435891965, -0.042901127909704496, 0.003052016670160526]}}, {"key": 5, "value": {"rotation": [[0.9999862922979463, -0.004617055649093886, 0.0024694155864054246], [0.0046167868961525214, 0.9999893360248778, 0.00011452196038794668], [-0.0024699180068832333, -0.00010311962503457584, 0.9999969444310226]], "center": [-0.0014198334371179715, -0.05259695459354575, 0.004705348369434765]}}, {"key": 6, "value": {"rotation": [[0.9999794779513687, -0.0058836372485374456, 0.0025350520379161406], [0.005883153908095476, 0.9999826744825351, 0.0001980778876045241], [-0.0025361735352654293, -0.00018315972133643252, 0.9999967671329318]], "center": [-0.0008280734452815641, -0.06355784933630393, 0.005914987038059168]}}, {"key": 7, "value": {"rotation": [[0.9999662071017875, -0.007681104981416091, 0.0029300649700079347], [0.007680836614824077, 0.9999704966519593, 0.00010283253490008811], [-0.0029307683907774415, -8.03237095852989e-05, 0.9999957020631344]], "center": [-0.0011173212894448866, -0.07468522081082841, 0.006781963813551367]}}, {"key": 8, "value": {"rotation": [[0.999960422514614, -0.008145522751232329, 0.003578248664185586], [0.008144400853240436, 0.9999667800260365, 0.0003279925332289896], [-0.0035808014654998195, -0.0002988368606356461, 0.9999935442578592]], "center": [-0.002319420754116247, -0.08510891082512821, 0.006697453175637411]}}, {"key": 9, "value": {"rotation": [[0.9999460504098053, -0.009490290969539406, 0.004222635094769276], [0.009489897856196952, 0.9999549635067131, 0.00011312367905127727], [-0.004223518498721952, -7.304520034182123e-05, 0.9999910782381457]], "center": [-0.0022587185006080223, -0.0958215052086855, 0.007163257752656224]}}], "structure": [], "control_points": []}