{"sfm_data_version": "0.3", "root_path": "/mnt/ST8000/jialei/SFM_E/ex_sea_12/1-2/images", "views": [{"key": 9, "value": {"polymorphic_id": 1073741824, "ptr_wrapper": {"id": 2147483649, "data": {"local_path": "", "filename": "038735_11734.566406.jpg", "width": 1920, "height": 1080, "id_view": 9, "id_intrinsic": 0, "id_pose": 9}}}}, {"key": 8, "value": {"polymorphic_id": 1073741824, "ptr_wrapper": {"id": 2147483650, "data": {"local_path": "", "filename": "038734_11734.465820.jpg", "width": 1920, "height": 1080, "id_view": 8, "id_intrinsic": 0, "id_pose": 8}}}}, {"key": 7, "value": {"polymorphic_id": 1073741824, "ptr_wrapper": {"id": 2147483651, "data": {"local_path": "", "filename": "038733_11734.399211.jpg", "width": 1920, "height": 1080, "id_view": 7, "id_intrinsic": 0, "id_pose": 7}}}}, {"key": 6, "value": {"polymorphic_id": 1073741824, "ptr_wrapper": {"id": 2147483652, "data": {"local_path": "", "filename": "038732_11734.299602.jpg", "width": 1920, "height": 1080, "id_view": 6, "id_intrinsic": 0, "id_pose": 6}}}}, {"key": 5, "value": {"polymorphic_id": 1073741824, "ptr_wrapper": {"id": 2147483653, "data": {"local_path": "", "filename": "038731_11734.198016.jpg", "width": 1920, "height": 1080, "id_view": 5, "id_intrinsic": 0, "id_pose": 5}}}}, {"key": 4, "value": {"polymorphic_id": 1073741824, "ptr_wrapper": {"id": 2147483654, "data": {"local_path": "", "filename": "038730_11734.100406.jpg", "width": 1920, "height": 1080, "id_view": 4, "id_intrinsic": 0, "id_pose": 4}}}}, {"key": 3, "value": {"polymorphic_id": 1073741824, "ptr_wrapper": {"id": 2147483655, "data": {"local_path": "", "filename": "038729_11733.998820.jpg", "width": 1920, "height": 1080, "id_view": 3, "id_intrinsic": 0, "id_pose": 3}}}}, {"key": 2, "value": {"polymorphic_id": 1073741824, "ptr_wrapper": {"id": 2147483656, "data": {"local_path": "", "filename": "038728_11733.899211.jpg", "width": 1920, "height": 1080, "id_view": 2, "id_intrinsic": 0, "id_pose": 2}}}}, {"key": 1, "value": {"polymorphic_id": 1073741824, "ptr_wrapper": {"id": 2147483657, "data": {"local_path": "", "filename": "038727_11733.798602.jpg", "width": 1920, "height": 1080, "id_view": 1, "id_intrinsic": 0, "id_pose": 1}}}}, {"key": 0, "value": {"polymorphic_id": 1073741824, "ptr_wrapper": {"id": 2147483658, "data": {"local_path": "", "filename": "038726_11733.699016.jpg", "width": 1920, "height": 1080, "id_view": 0, "id_intrinsic": 0, "id_pose": 0}}}}], "intrinsics": [{"key": 0, "value": {"polymorphic_id": 2147483649, "polymorphic_name": "pinhole_radial_k3", "ptr_wrapper": {"id": 2147483659, "data": {"width": 1920, "height": 1080, "focal_length": 1739.13, "principal_point": [960.0, 540.0], "disto_k3": [0.0, 0.0, 0.0]}}}}], "extrinsics": [{"key": 0, "value": {"rotation": [[0.9999999829692017, -3.853420397713855e-05, 0.0001804901994720284], [3.8491930725014706e-05, 0.9999999718317472, 0.00023421117797739683], [-0.00018049921952924071, -0.00023420422657233884, 0.9999999562842049]], "center": [102655.2882746301, -59731.1747875697, 609.3316319918533]}}, {"key": 1, "value": {"rotation": [[0.9999988510584729, 0.0013572181800370826, 0.0006751596449780847], [-0.0013579291185568585, 0.9999985229222927, 0.0010536516224189712], [-0.000673728612577454, -0.0010545672307764598, 0.9999992169885495]], "center": [102655.22119150603, -59737.57315187366, 610.4195852079954]}}, {"key": 2, "value": {"rotation": [[0.9999996146041394, 0.0005036637007470456, 0.0007191067023846332], [-0.0005047081600925114, 0.9999988170324406, 0.0014529980701758008], [-0.0007183740293195368, -0.0014533604492170025, 0.9999986858402157]], "center": [102655.21850176186, -59744.564123888886, 610.9282219114231]}}, {"key": 3, "value": {"rotation": [[0.9999962304247456, -0.0010410377017619683, 0.002540743356333857], [0.0010380363041980042, 0.9999987622758432, 0.0011823398041709077], [-0.002541971071906861, -0.0011796979634085165, 0.999996073340183]], "center": [102654.12822150694, -59750.931011973946, 610.2535765852232]}}, {"key": 4, "value": {"rotation": [[0.999994313279499, -0.001996479525884146, 0.0027179915684013025], [0.0019932937805033986, 0.9999973238959537, 0.0011743001470261856], [-0.002720328760973855, -0.00116887571342073, 0.9999956167608929]], "center": [102654.48805397192, -59757.62332347258, 610.8539322906773]}}, {"key": 5, "value": {"rotation": [[0.9999906190923884, -0.0034301700846535547, 0.002644931078750479], [0.003429648496032065, 0.9999940983940127, 0.0002017135074390113], [-0.0026456073810483187, -0.00019264043128690094, 0.9999964818194357]], "center": [102654.63951592252, -59763.765061480044, 611.9007303746773]}}, {"key": 6, "value": {"rotation": [[0.9999852968048787, -0.0046967645596872965, 0.0027104569225441114], [0.004696007813864986, 0.9999889329413296, 0.00028549163282417524], [-0.002711767812741495, -0.00027275910829762295, 0.999996285952002]], "center": [102655.02247384317, -59770.70785853345, 612.6664423659073]}}, {"key": 7, "value": {"rotation": [[0.999974090339565, -0.0064942809770929455, 0.0031053122466827014], [0.006493720428212835, 0.9999788974180029, 0.00019056147256633107], [-0.0031064842763226783, -0.00017039150561106776, 0.9999951603493765]], "center": [102654.8475209545, -59777.75675392808, 613.2149878437535]}}, {"key": 8, "value": {"rotation": [[0.9999687431198729, -0.006958761410511677, 0.00375345479426028], [0.006957249158625892, 0.9999757116011687, 0.00041580269425325477], [-0.0037562571005964485, -0.00038967597734902276, 0.9999928693171899]], "center": [102654.09389927807, -59784.36053675353, 613.1607502521952]}}, {"key": 9, "value": {"rotation": [[0.9999558541446574, -0.008303601534357097, 0.004397722522692445], [0.008302796997393171, 0.9999655109516747, 0.0002011695189793923], [-0.004399241280954343, -0.0001646472408221519, 0.9999903097367682]], "center": [102654.14035494954, -59791.14640655794, 613.4552348306567]}}], "structure": [], "control_points": []}