{"sfm_data_version": "0.3", "root_path": "/mnt/ST8000/jialei/SFM_E/ex_sea_12/1-2/images", "views": [{"key": 9, "value": {"polymorphic_id": 1073741824, "ptr_wrapper": {"id": 2147483649, "data": {"local_path": "", "filename": "038735_11734.566406.jpg", "width": 1920, "height": 1080, "id_view": 9, "id_intrinsic": 0, "id_pose": 9}}}}, {"key": 8, "value": {"polymorphic_id": 1073741824, "ptr_wrapper": {"id": 2147483650, "data": {"local_path": "", "filename": "038734_11734.465820.jpg", "width": 1920, "height": 1080, "id_view": 8, "id_intrinsic": 0, "id_pose": 8}}}}, {"key": 7, "value": {"polymorphic_id": 1073741824, "ptr_wrapper": {"id": 2147483651, "data": {"local_path": "", "filename": "038733_11734.399211.jpg", "width": 1920, "height": 1080, "id_view": 7, "id_intrinsic": 0, "id_pose": 7}}}}, {"key": 6, "value": {"polymorphic_id": 1073741824, "ptr_wrapper": {"id": 2147483652, "data": {"local_path": "", "filename": "038732_11734.299602.jpg", "width": 1920, "height": 1080, "id_view": 6, "id_intrinsic": 0, "id_pose": 6}}}}, {"key": 5, "value": {"polymorphic_id": 1073741824, "ptr_wrapper": {"id": 2147483653, "data": {"local_path": "", "filename": "038731_11734.198016.jpg", "width": 1920, "height": 1080, "id_view": 5, "id_intrinsic": 0, "id_pose": 5}}}}, {"key": 4, "value": {"polymorphic_id": 1073741824, "ptr_wrapper": {"id": 2147483654, "data": {"local_path": "", "filename": "038730_11734.100406.jpg", "width": 1920, "height": 1080, "id_view": 4, "id_intrinsic": 0, "id_pose": 4}}}}, {"key": 3, "value": {"polymorphic_id": 1073741824, "ptr_wrapper": {"id": 2147483655, "data": {"local_path": "", "filename": "038729_11733.998820.jpg", "width": 1920, "height": 1080, "id_view": 3, "id_intrinsic": 0, "id_pose": 3}}}}, {"key": 2, "value": {"polymorphic_id": 1073741824, "ptr_wrapper": {"id": 2147483656, "data": {"local_path": "", "filename": "038728_11733.899211.jpg", "width": 1920, "height": 1080, "id_view": 2, "id_intrinsic": 0, "id_pose": 2}}}}, {"key": 1, "value": {"polymorphic_id": 1073741824, "ptr_wrapper": {"id": 2147483657, "data": {"local_path": "", "filename": "038727_11733.798602.jpg", "width": 1920, "height": 1080, "id_view": 1, "id_intrinsic": 0, "id_pose": 1}}}}, {"key": 0, "value": {"polymorphic_id": 1073741824, "ptr_wrapper": {"id": 2147483658, "data": {"local_path": "", "filename": "038726_11733.699016.jpg", "width": 1920, "height": 1080, "id_view": 0, "id_intrinsic": 0, "id_pose": 0}}}}], "intrinsics": [{"key": 0, "value": {"polymorphic_id": 2147483649, "polymorphic_name": "pinhole_radial_k3", "ptr_wrapper": {"id": 2147483659, "data": {"width": 1920, "height": 1080, "focal_length": 1739.13, "principal_point": [960.0, 540.0], "disto_k3": [0.0, 0.0, 0.0]}}}}], "extrinsics": [{"key": 0, "value": {"rotation": [[0.9999991186155566, -0.001324107989929203, -9.74994402543013e-05], [0.0013241099301411498, 0.9999991231692915, 1.9837863629183907e-05], [9.747308729006205e-05, -1.9966946121430538e-05, 0.9999999950501591]], "center": [-0.00031616920462155146, -0.0009465156629021087, 0.0004038881161516995]}}, {"key": 1, "value": {"rotation": [[0.9999998673277449, -2.421684161167561e-05, 0.0005145464382194628], [2.37203911464774e-05, 0.999999534284173, 0.0009648154125305275], [-0.0005145695633690732, -0.000964803079283513, 0.9999994021864126]], "center": [8.595531846567739e-06, -0.010425561632052893, 0.001958204947354036]}}, {"key": 2, "value": {"rotation": [[0.9999993974736376, -0.000931856758093239, 0.0005802545511815485], [0.0009310622626743861, 0.9999986308666386, 0.0013679868095675207], [-0.0005815285244891644, -0.0013674457322040447, 0.9999988959577628]], "center": [0.000143244401013691, -0.021056682652516773, 0.0027972321161517546]}}, {"key": 3, "value": {"rotation": [[0.9999935665880971, -0.002475332638770045, 0.002596056768386101], [0.0024723438314543456, 0.9999962780484836, 0.0011538653123080067], [-0.002598903306457009, -0.001147439544079765, 0.9999959645339056]], "center": [-0.0016837179780359317, -0.030902648490414242, 0.0022010631321336543]}}, {"key": 4, "value": {"rotation": [[0.9999902108732961, -0.003425412569774369, 0.002800840286003152], [0.003422198921491199, 0.9999934814228754, 0.0011513758289163265], [-0.002804765965746679, -0.0011417795253464739, 0.9999954148031843]], "center": [-0.000987081680242785, -0.04103040208271886, 0.0031775394838846087]}}, {"key": 5, "value": {"rotation": [[0.9999852925774435, -0.004727820442525461, 0.0026575068519309976], [0.004727738696344078, 0.9999888234949094, 3.704168166952459e-05], [-0.0026576522767120274, -2.4477138902232767e-05, 0.9999964681363857]], "center": [-0.0003902255175133769, -0.05013179152583884, 0.004755783866986288]}}, {"key": 6, "value": {"rotation": [[0.9999782110825695, -0.005996975635223975, 0.002759283119753608], [0.005996596173874647, 0.9999820096302473, 0.0001457744137345642], [-0.0027601076848375013, -0.00012922493086939025, 0.9999961825459561]], "center": [0.00039039189243277744, -0.06066533758821153, 0.0059551949986799795]}}, {"key": 7, "value": {"rotation": [[0.9999645243496484, -0.007781459645146956, 0.003224736884273685], [0.007781346572914255, 0.9999697237311143, 4.760915507688284e-05], [-0.003225009719991724, -2.2514670808157683e-05, 0.9999947993891745]], "center": [0.00029282889268847123, -0.07130741131493998, 0.006913253461238215]}}, {"key": 8, "value": {"rotation": [[0.9999579602265986, -0.008279972127619549, 0.003939522944053044], [0.008278892066628999, 0.9999656872214497, 0.00029038919261200875], [-0.003941792182495755, -0.0002577620994683149, 0.9999921978861085]], "center": [-0.0009030441696151255, -0.08139903322068638, 0.007004337548023978]}}, {"key": 9, "value": {"rotation": [[0.9999431270143208, -0.009591547041626155, 0.004663149383291217], [0.00959133425518427, 0.9999539997840761, 6.79928941945007e-05], [-0.004663587034455963, -2.3263202818626572e-05, 0.9999891251482664]], "center": [-0.0007672444595981122, -0.09169975166597696, 0.007615520745416537]}}], "structure": [], "control_points": []}