{"sfm_data_version": "0.3", "root_path": "/mnt/ST8000/jialei/SFM_E/ex_sea_12/1-2/images", "views": [{"key": 9, "value": {"polymorphic_id": 1073741824, "ptr_wrapper": {"id": 2147483649, "data": {"local_path": "", "filename": "038735_11734.566406.jpg", "width": 1920, "height": 1080, "id_view": 9, "id_intrinsic": 0, "id_pose": 9}}}}, {"key": 8, "value": {"polymorphic_id": 1073741824, "ptr_wrapper": {"id": 2147483650, "data": {"local_path": "", "filename": "038734_11734.465820.jpg", "width": 1920, "height": 1080, "id_view": 8, "id_intrinsic": 0, "id_pose": 8}}}}, {"key": 7, "value": {"polymorphic_id": 1073741824, "ptr_wrapper": {"id": 2147483651, "data": {"local_path": "", "filename": "038733_11734.399211.jpg", "width": 1920, "height": 1080, "id_view": 7, "id_intrinsic": 0, "id_pose": 7}}}}, {"key": 6, "value": {"polymorphic_id": 1073741824, "ptr_wrapper": {"id": 2147483652, "data": {"local_path": "", "filename": "038732_11734.299602.jpg", "width": 1920, "height": 1080, "id_view": 6, "id_intrinsic": 0, "id_pose": 6}}}}, {"key": 5, "value": {"polymorphic_id": 1073741824, "ptr_wrapper": {"id": 2147483653, "data": {"local_path": "", "filename": "038731_11734.198016.jpg", "width": 1920, "height": 1080, "id_view": 5, "id_intrinsic": 0, "id_pose": 5}}}}, {"key": 4, "value": {"polymorphic_id": 1073741824, "ptr_wrapper": {"id": 2147483654, "data": {"local_path": "", "filename": "038730_11734.100406.jpg", "width": 1920, "height": 1080, "id_view": 4, "id_intrinsic": 0, "id_pose": 4}}}}, {"key": 3, "value": {"polymorphic_id": 1073741824, "ptr_wrapper": {"id": 2147483655, "data": {"local_path": "", "filename": "038729_11733.998820.jpg", "width": 1920, "height": 1080, "id_view": 3, "id_intrinsic": 0, "id_pose": 3}}}}, {"key": 2, "value": {"polymorphic_id": 1073741824, "ptr_wrapper": {"id": 2147483656, "data": {"local_path": "", "filename": "038728_11733.899211.jpg", "width": 1920, "height": 1080, "id_view": 2, "id_intrinsic": 0, "id_pose": 2}}}}, {"key": 1, "value": {"polymorphic_id": 1073741824, "ptr_wrapper": {"id": 2147483657, "data": {"local_path": "", "filename": "038727_11733.798602.jpg", "width": 1920, "height": 1080, "id_view": 1, "id_intrinsic": 0, "id_pose": 1}}}}, {"key": 0, "value": {"polymorphic_id": 1073741824, "ptr_wrapper": {"id": 2147483658, "data": {"local_path": "", "filename": "038726_11733.699016.jpg", "width": 1920, "height": 1080, "id_view": 0, "id_intrinsic": 0, "id_pose": 0}}}}], "intrinsics": [{"key": 0, "value": {"polymorphic_id": 2147483649, "polymorphic_name": "pinhole_radial_k3", "ptr_wrapper": {"id": 2147483659, "data": {"width": 1920, "height": 1080, "focal_length": 1739.13, "principal_point": [960.0, 540.0], "disto_k3": [0.0, 0.0, 0.0]}}}}], "extrinsics": [{"key": 0, "value": {"rotation": [[0.9999999719965735, -0.00023546788696040855, -2.370077950211197e-05], [0.00023546737871480035, 0.9999999720476174, -2.1444763629811105e-05], [2.3705828392797065e-05, 2.1439182268861384e-05, 0.9999999994891975]], "center": [102655.2882743792, -59731.17478744357, 609.3316321660151]}}, {"key": 1, "value": {"rotation": [[0.999999260430971, 0.0010644485825456274, 0.0005882913620996238], [-0.0010649915626142327, 0.9999990065281668, 0.0009234368690413801], [-0.0005873078265824037, -0.0009240627114330587, 0.9999994005886313]], "center": [102655.4989726089, -59737.1369159177, 610.309571515154]}}, {"key": 2, "value": {"rotation": [[0.9999997738228684, 0.00015681140692267855, 0.0006540369985976894], [-0.00015767899731176186, 0.9999991075347082, 0.0013266752129791795], [-0.0006538283770856929, -0.0013267780408137116, 0.9999989060836434]], "center": [102655.59090862653, -59743.8238570346, 610.83760918724]}}, {"key": 3, "value": {"rotation": [[0.9999954744884121, -0.00138658665293731, 0.002669902648110988], [0.001383620015127694, 0.9999984237821308, 0.001112667474010908], [-0.002671441249631379, -0.0011089683078790021, 0.9999958167867212]], "center": [102654.44850537812, -59750.01831016173, 610.4627857207372]}}, {"key": 4, "value": {"rotation": [[0.9999931379610578, -0.0023366612157591457, 0.0028747252321329668], [0.002333477767941309, 0.9999966611096993, 0.0011102481524038611], [-0.002877309907538403, -0.001103532426419724, 0.9999952516406663]], "center": [102654.89358464899, -59756.38824097825, 611.0772929802961]}}, {"key": 5, "value": {"rotation": [[0.9999896480994946, -0.003639079589573295, 0.0027314453299184106], [0.0036391040619621223, 0.9999933784309324, -3.989522474210448e-06], [-0.0027314127252747616, 1.39294949701649e-05, 0.9999962695882885]], "center": [102655.2751707167, -59762.1126337153, 612.070285739754]}}, {"key": 6, "value": {"rotation": [[0.9999839407535738, -0.004908237534990691, 0.002833273593193326], [0.004907960178732725, 0.9999879503954409, 0.00010483706170322585], [-0.002833754018568294, -9.092978412820427e-05, 0.9999959807768911]], "center": [102655.77334226375, -59768.73774775009, 612.8250351937844]}}, {"key": 7, "value": {"rotation": [[0.9999721623463718, -0.006692716162695904, 0.003298800189234695], [0.006692730133770689, 0.9999776034077281, 6.803926305374691e-06], [-0.0032987718440994863, 1.527424253174849e-05, 0.9999945589207062]], "center": [102655.71921724416, -59775.431734120204, 613.4279340032796]}}, {"key": 8, "value": {"rotation": [[0.9999660881851791, -0.007191205974666705, 0.004013606390994602], [0.007190261811130133, 0.9999741185773428, 0.0002496208209662705], [-0.004015297587890445, -0.00022075347511311648, 0.9999919142939026]], "center": [102654.97391024226, -59781.78025676056, 613.4854338120313]}}, {"key": 9, "value": {"rotation": [[0.9999526294206639, -0.008502766372668127, 0.004737286007160834], [0.008502732352211622, 0.999963850744649, 2.7321791622997525e-05], [-0.004737347068610444, 1.2959377620846828e-05, 0.9999887786244432]], "center": [102655.06635447481, -59788.259377302435, 613.8701472806338]}}], "structure": [], "control_points": []}