{"sfm_data_version": "0.3", "root_path": "/mnt/ST8000/jialei/SFM_E/ex_sea_12/6-1/images", "views": [{"key": 9, "value": {"polymorphic_id": 1073741824, "ptr_wrapper": {"id": 2147483649, "data": {"local_path": "", "filename": "104926_15025.847656.jpg", "width": 1920, "height": 1080, "id_view": 9, "id_intrinsic": 0, "id_pose": 9}}}}, {"key": 8, "value": {"polymorphic_id": 1073741824, "ptr_wrapper": {"id": 2147483650, "data": {"local_path": "", "filename": "104925_15025.748047.jpg", "width": 1920, "height": 1080, "id_view": 8, "id_intrinsic": 0, "id_pose": 8}}}}, {"key": 7, "value": {"polymorphic_id": 1073741824, "ptr_wrapper": {"id": 2147483651, "data": {"local_path": "", "filename": "104924_15025.647461.jpg", "width": 1920, "height": 1080, "id_view": 7, "id_intrinsic": 0, "id_pose": 7}}}}, {"key": 6, "value": {"polymorphic_id": 1073741824, "ptr_wrapper": {"id": 2147483652, "data": {"local_path": "", "filename": "104923_15025.547852.jpg", "width": 1920, "height": 1080, "id_view": 6, "id_intrinsic": 0, "id_pose": 6}}}}, {"key": 5, "value": {"polymorphic_id": 1073741824, "ptr_wrapper": {"id": 2147483653, "data": {"local_path": "", "filename": "104922_15025.447266.jpg", "width": 1920, "height": 1080, "id_view": 5, "id_intrinsic": 0, "id_pose": 5}}}}, {"key": 4, "value": {"polymorphic_id": 1073741824, "ptr_wrapper": {"id": 2147483654, "data": {"local_path": "", "filename": "104921_15025.347656.jpg", "width": 1920, "height": 1080, "id_view": 4, "id_intrinsic": 0, "id_pose": 4}}}}, {"key": 3, "value": {"polymorphic_id": 1073741824, "ptr_wrapper": {"id": 2147483655, "data": {"local_path": "", "filename": "104920_15025.280047.jpg", "width": 1920, "height": 1080, "id_view": 3, "id_intrinsic": 0, "id_pose": 3}}}}, {"key": 2, "value": {"polymorphic_id": 1073741824, "ptr_wrapper": {"id": 2147483656, "data": {"local_path": "", "filename": "104919_15025.248047.jpg", "width": 1920, "height": 1080, "id_view": 2, "id_intrinsic": 0, "id_pose": 2}}}}, {"key": 1, "value": {"polymorphic_id": 1073741824, "ptr_wrapper": {"id": 2147483657, "data": {"local_path": "", "filename": "104918_15025.147461.jpg", "width": 1920, "height": 1080, "id_view": 1, "id_intrinsic": 0, "id_pose": 1}}}}, {"key": 0, "value": {"polymorphic_id": 1073741824, "ptr_wrapper": {"id": 2147483658, "data": {"local_path": "", "filename": "104917_15025.047852.jpg", "width": 1920, "height": 1080, "id_view": 0, "id_intrinsic": 0, "id_pose": 0}}}}], "intrinsics": [{"key": 0, "value": {"polymorphic_id": 2147483649, "polymorphic_name": "pinhole_radial_k3", "ptr_wrapper": {"id": 2147483659, "data": {"width": 1920, "height": 1080, "focal_length": 1739.13, "principal_point": [960.0, 540.0], "disto_k3": [0.0, 0.0, 0.0]}}}}], "extrinsics": [{"key": 0, "value": {"rotation": [[0.999999972222876, 0.00012541991983496255, 0.0001995597436501991], [-0.00012543359783514246, 0.9999999897850367, 6.852983926400413e-05], [-0.0001995511466047561, -6.855486885707202e-05, 0.9999999777397848]], "center": [102655.28827486081, -59731.17478788966, 609.3316322513207]}}, {"key": 1, "value": {"rotation": [[0.9999992719051196, 0.001079131035313913, -0.0005400605889507383], [-0.0010786201910523432, 0.9999989714919156, 0.000945300795589861], [0.0005410801369202932, -0.0009447175870655423, 0.9999994073703076]], "center": [102655.67609877035, -59737.45939843539, 609.45105220026]}}, {"key": 2, "value": {"rotation": [[0.9999993136726798, 0.0010128049627524038, 0.0005889654294577472], [-0.0010144238073786385, 0.9999956908575101, 0.002754852219209426], [-0.0005861727635224828, -0.002755447789032449, 0.9999960319466139]], "center": [102656.14044368755, -59745.122308001366, 609.135450491394]}}, {"key": 3, "value": {"rotation": [[0.9999988043155551, 0.0006977599615526241, 0.0013800356867519014], [-0.000701821745501659, 0.9999954173339294, 0.0029449545628600525], [-0.0013779744911265937, -0.0029459195806781995, 0.9999947113580782]], "center": [102656.28955143085, -59751.7969029243, 609.0569847507638]}}, {"key": 4, "value": {"rotation": [[0.9999959723287641, -0.00045102158041681353, 0.0028021252263504322], [0.00044456623926787317, 0.9999972471383513, 0.0023039263395224015], [-0.0028031566329861294, -0.0023026713297906636, 0.9999934199871706]], "center": [102656.9132014227, -59758.0927493172, 608.9180677443997]}}, {"key": 5, "value": {"rotation": [[0.9999936116511369, -0.0005001134746508143, 0.0035392857228523375], [0.0004902242358373071, 0.9999959753559912, 0.002794450217577146], [-0.0035406690206952534, -0.002792697322015305, 0.9999898322005847]], "center": [102656.97601289891, -59764.85158190906, 608.7080534478786]}}, {"key": 6, "value": {"rotation": [[0.9999891055786739, -0.001070734269097683, 0.004543374526644263], [0.00105690834755468, 0.9999948072554602, 0.003044405830338542], [-0.004546610683712528, -0.0030395707328353975, 0.9999850445586929]], "center": [102657.06042261605, -59771.355784014726, 608.5983452017874]}}, {"key": 7, "value": {"rotation": [[0.9999856337360888, -0.0010130170981229425, 0.00526366011362838], [0.0009936345006779101, 0.9999927216677686, 0.0036836533451865177], [-0.005267353406783461, -0.003678370270561648, 0.9999793620771585]], "center": [102657.11838320625, -59778.2281200283, 608.33840482293]}}, {"key": 8, "value": {"rotation": [[0.9999797418986407, -0.0017294855016210418, 0.006125738504680795], [0.0017008587962660375, 0.9999876241774627, 0.0046753150983174195], [-0.006133748583306076, -0.0046648013690909415, 0.9999703079374427]], "center": [102658.08954181318, -59785.29314890386, 608.3194782344284]}}, {"key": 9, "value": {"rotation": [[0.9999744355677532, -0.0021397240178753253, 0.006822740804157643], [0.0021066740009164754, 0.9999860312055605, 0.0048476095557557376], [-0.00683301804528945, -0.004833112338702556, 0.999964974831376]], "center": [102658.61469597727, -59792.10092776531, 608.2785727627282]}}], "structure": [], "control_points": []}