{"sfm_data_version": "0.3", "root_path": "/mnt/ST8000/jialei/SFM_E/ex_sea_12/6-1/images", "views": [{"key": 9, "value": {"polymorphic_id": 1073741824, "ptr_wrapper": {"id": 2147483649, "data": {"local_path": "", "filename": "104926_15025.847656.jpg", "width": 1920, "height": 1080, "id_view": 9, "id_intrinsic": 0, "id_pose": 9}}}}, {"key": 8, "value": {"polymorphic_id": 1073741824, "ptr_wrapper": {"id": 2147483650, "data": {"local_path": "", "filename": "104925_15025.748047.jpg", "width": 1920, "height": 1080, "id_view": 8, "id_intrinsic": 0, "id_pose": 8}}}}, {"key": 7, "value": {"polymorphic_id": 1073741824, "ptr_wrapper": {"id": 2147483651, "data": {"local_path": "", "filename": "104924_15025.647461.jpg", "width": 1920, "height": 1080, "id_view": 7, "id_intrinsic": 0, "id_pose": 7}}}}, {"key": 6, "value": {"polymorphic_id": 1073741824, "ptr_wrapper": {"id": 2147483652, "data": {"local_path": "", "filename": "104923_15025.547852.jpg", "width": 1920, "height": 1080, "id_view": 6, "id_intrinsic": 0, "id_pose": 6}}}}, {"key": 5, "value": {"polymorphic_id": 1073741824, "ptr_wrapper": {"id": 2147483653, "data": {"local_path": "", "filename": "104922_15025.447266.jpg", "width": 1920, "height": 1080, "id_view": 5, "id_intrinsic": 0, "id_pose": 5}}}}, {"key": 4, "value": {"polymorphic_id": 1073741824, "ptr_wrapper": {"id": 2147483654, "data": {"local_path": "", "filename": "104921_15025.347656.jpg", "width": 1920, "height": 1080, "id_view": 4, "id_intrinsic": 0, "id_pose": 4}}}}, {"key": 3, "value": {"polymorphic_id": 1073741824, "ptr_wrapper": {"id": 2147483655, "data": {"local_path": "", "filename": "104920_15025.280047.jpg", "width": 1920, "height": 1080, "id_view": 3, "id_intrinsic": 0, "id_pose": 3}}}}, {"key": 2, "value": {"polymorphic_id": 1073741824, "ptr_wrapper": {"id": 2147483656, "data": {"local_path": "", "filename": "104919_15025.248047.jpg", "width": 1920, "height": 1080, "id_view": 2, "id_intrinsic": 0, "id_pose": 2}}}}, {"key": 1, "value": {"polymorphic_id": 1073741824, "ptr_wrapper": {"id": 2147483657, "data": {"local_path": "", "filename": "104918_15025.147461.jpg", "width": 1920, "height": 1080, "id_view": 1, "id_intrinsic": 0, "id_pose": 1}}}}, {"key": 0, "value": {"polymorphic_id": 1073741824, "ptr_wrapper": {"id": 2147483658, "data": {"local_path": "", "filename": "104917_15025.047852.jpg", "width": 1920, "height": 1080, "id_view": 0, "id_intrinsic": 0, "id_pose": 0}}}}], "intrinsics": [{"key": 0, "value": {"polymorphic_id": 2147483649, "polymorphic_name": "pinhole_radial_k3", "ptr_wrapper": {"id": 2147483659, "data": {"width": 1920, "height": 1080, "focal_length": 1739.13, "principal_point": [960.0, 540.0], "disto_k3": [0.0, 0.0, 0.0]}}}}], "extrinsics": [{"key": 0, "value": {"rotation": [[0.9999990028350307, -0.0007960623654756138, 0.001166453451444625], [0.0007968105023206313, 0.9999994770718498, -0.0006410530793181822], [-0.00116594252324257, 0.0006419818824430724, 0.9999991142182553]], "center": [0.00043517427352057016, -0.001537544817180888, 0.0014778044648765427]}}, {"key": 1, "value": {"rotation": [[0.9999998968515016, 0.00015712335839292014, 0.00042615635218139425], [-0.00015722342825226566, 0.9999999600757556, 0.00023479625378044296], [-0.00042611944319149205, -0.00023486323132422296, 0.9999998816307344]], "center": [0.0010115381061984578, -0.01102239667387257, 0.0016653222743433567]}}, {"key": 2, "value": {"rotation": [[0.9999987864359635, 9.159929904418667e-05, 0.001555228654787865], [-9.47787484553437e-05, 0.999997905698582, 0.0020444107802644585], [-0.0015550381310758237, -0.0020445557018665367, 0.9999967008187541]], "center": [0.0017020997847126585, -0.022587885772177338, 0.0011979131563449462]}}, {"key": 3, "value": {"rotation": [[0.9999972220764546, -0.00022288308045574818, 0.0023465213629335134], [0.00021763908095350694, 0.9999974791133629, 0.0022348154620841607], [-0.0023470135501735797, -0.0022342985591847953, 0.999994749704889]], "center": [0.0019179501773114714, -0.03266116393728526, 0.001086860332186569]}}, {"key": 4, "value": {"rotation": [[0.9999919563537991, -0.0013706510493776073, 0.0037694221576610766], [0.001364647174279475, 0.9999977970216849, 0.0015948949391263309], [-0.003771599898127724, -0.001589738179059555, 0.9999916238482852]], "center": [0.002850572736734871, -0.04216357735884698, 0.0008848642782640205]}}, {"key": 5, "value": {"rotation": [[0.9999888380612381, -0.0014192170906896639, 0.004506614670078326], [0.001409829950005484, 0.9999968316056961, 0.002085463517179016], [-0.004509560116811618, -0.002079086679027876, 0.9999876705570594]], "center": [0.0029362634561218965, -0.052364004073398536, 0.0005752487888598307]}}, {"key": 6, "value": {"rotation": [[0.9999828354239306, -0.0019891200886211456, 0.005511103227971637], [0.0019762709395686135, 0.9999953187929591, 0.0023359677527181556], [-0.0055157239497396595, -0.002325036223667517, 0.9999820853374669]], "center": [0.003054757366261444, -0.06218007686984296, 0.00041676938495911265]}}, {"key": 7, "value": {"rotation": [[0.999978720785199, -0.001930888100096901, 0.006231343991601367], [0.0019123775025928652, 0.9999937456126425, 0.00297515510274085], [-0.006237049709946028, -0.0029631751117159006, 0.9999761591178927]], "center": [0.0031330421795816056, -0.07255184441817743, 3.192223665051189e-05]}}, {"key": 8, "value": {"rotation": [[0.9999713350960899, -0.0026467382086827734, 0.007093924372153308], [0.0026186381948482846, 0.9999887007606272, 0.003967503632917237], [-0.007104345159661947, -0.003948813483494549, 0.999966967030374]], "center": [0.004588862765685068, -0.08321542679425126, 1.2340786978739317e-05]}}, {"key": 9, "value": {"rotation": [[0.9999649768696806, -0.0030564764392236243, 0.007791212087685568], [0.0030242850751881997, 0.9999868561706299, 0.004140191512941165], [-0.007803764079136367, -0.004116483664039839, 0.9999610771567267]], "center": [0.0053719845608567384, -0.09349018270068213, -4.1336464688661647e-05]}}], "structure": [], "control_points": []}