{"sfm_data_version": "0.3", "root_path": "/mnt/ST8000/jialei/SFM_E/ex_sea_12/1-2/images", "views": [{"key": 9, "value": {"polymorphic_id": 1073741824, "ptr_wrapper": {"id": 2147483649, "data": {"local_path": "", "filename": "038735_11734.566406.jpg", "width": 1920, "height": 1080, "id_view": 9, "id_intrinsic": 0, "id_pose": 9}}}}, {"key": 8, "value": {"polymorphic_id": 1073741824, "ptr_wrapper": {"id": 2147483650, "data": {"local_path": "", "filename": "038734_11734.465820.jpg", "width": 1920, "height": 1080, "id_view": 8, "id_intrinsic": 0, "id_pose": 8}}}}, {"key": 7, "value": {"polymorphic_id": 1073741824, "ptr_wrapper": {"id": 2147483651, "data": {"local_path": "", "filename": "038733_11734.399211.jpg", "width": 1920, "height": 1080, "id_view": 7, "id_intrinsic": 0, "id_pose": 7}}}}, {"key": 6, "value": {"polymorphic_id": 1073741824, "ptr_wrapper": {"id": 2147483652, "data": {"local_path": "", "filename": "038732_11734.299602.jpg", "width": 1920, "height": 1080, "id_view": 6, "id_intrinsic": 0, "id_pose": 6}}}}, {"key": 5, "value": {"polymorphic_id": 1073741824, "ptr_wrapper": {"id": 2147483653, "data": {"local_path": "", "filename": "038731_11734.198016.jpg", "width": 1920, "height": 1080, "id_view": 5, "id_intrinsic": 0, "id_pose": 5}}}}, {"key": 4, "value": {"polymorphic_id": 1073741824, "ptr_wrapper": {"id": 2147483654, "data": {"local_path": "", "filename": "038730_11734.100406.jpg", "width": 1920, "height": 1080, "id_view": 4, "id_intrinsic": 0, "id_pose": 4}}}}, {"key": 3, "value": {"polymorphic_id": 1073741824, "ptr_wrapper": {"id": 2147483655, "data": {"local_path": "", "filename": "038729_11733.998820.jpg", "width": 1920, "height": 1080, "id_view": 3, "id_intrinsic": 0, "id_pose": 3}}}}, {"key": 2, "value": {"polymorphic_id": 1073741824, "ptr_wrapper": {"id": 2147483656, "data": {"local_path": "", "filename": "038728_11733.899211.jpg", "width": 1920, "height": 1080, "id_view": 2, "id_intrinsic": 0, "id_pose": 2}}}}, {"key": 1, "value": {"polymorphic_id": 1073741824, "ptr_wrapper": {"id": 2147483657, "data": {"local_path": "", "filename": "038727_11733.798602.jpg", "width": 1920, "height": 1080, "id_view": 1, "id_intrinsic": 0, "id_pose": 1}}}}, {"key": 0, "value": {"polymorphic_id": 1073741824, "ptr_wrapper": {"id": 2147483658, "data": {"local_path": "", "filename": "038726_11733.699016.jpg", "width": 1920, "height": 1080, "id_view": 0, "id_intrinsic": 0, "id_pose": 0}}}}], "intrinsics": [{"key": 0, "value": {"polymorphic_id": 2147483649, "polymorphic_name": "pinhole_radial_k3", "ptr_wrapper": {"id": 2147483659, "data": {"width": 1920, "height": 1080, "focal_length": 1739.13, "principal_point": [960.0, 540.0], "disto_k3": [0.0, 0.0, 0.0]}}}}], "extrinsics": [{"key": 0, "value": {"rotation": [[0.9999992068418264, -0.0012594503218753136, -1.0030186361606227e-05], [0.0012594516599802711, 0.9999991978402025, 0.00013453797823356647], [9.860734415796365e-06, -0.00013455050405853291, 0.9999999908994639]], "center": [-0.00033387451564047206, -0.0011070160753234028, 0.00062127888222478]}}, {"key": 1, "value": {"rotation": [[0.9999998666423163, 0.00011859309762402591, 0.0005026440358741031], [-0.00011908115805021415, 0.9999995214236519, 0.0009710675285939813], [-0.0005025286334143441, -0.0009711272545285407, 0.9999994021882354]], "center": [-0.0003664716799290629, -0.011130572369551362, 0.0023060216817289403]}}, {"key": 2, "value": {"rotation": [[0.9999995697575269, -0.0007454874326164598, 0.0005520264927502904], [0.0007447301651485862, 0.9999987832335996, 0.001370732760746215], [-0.0005530476851096169, -0.0013703210602176456, 0.9999989081786289]], "center": [-0.00035372141400990257, -0.022127770161081865, 0.0031151100452889557]}}, {"key": 3, "value": {"rotation": [[0.9999944740161425, -0.0022900132824516745, 0.002409932850625834], [0.0022873372444718212, 0.9999967651094616, 0.0011125910938164481], [-0.0024124729031396457, -0.0011070726164900775, 0.9999964771761515]], "center": [-0.0021151981069202483, -0.0321781777513121, 0.0021423503047007103]}}, {"key": 4, "value": {"rotation": [[0.999991376303268, -0.0032438380468482043, 0.0025932284552966428], [0.0032409760257316026, 0.9999941351922248, 0.0011070932908242733], [-0.002596804477848439, -0.0010986791523345991, 0.9999960247474106]], "center": [-0.0015278928241632692, -0.04269857251744902, 0.003094465950935027]}}, {"key": 5, "value": {"rotation": [[0.9999860225789305, -0.004652993599960945, 0.0025108359820904874], [0.00465271538748229, 0.9999891692593068, 0.00011663448977511007], [-0.0025113514874115284, -0.00010495065431639224, 0.9999968410445438]], "center": [-0.0012269905219459416, -0.052323866207582406, 0.004730164912285638]}}, {"key": 6, "value": {"rotation": [[0.9999791480279495, -0.005919328879176697, 0.0025816767644224995], [0.005918819533712861, 0.9999824626442936, 0.00020488821628789771], [-0.0025828442893744623, -0.0001896034651015182, 0.9999966464773282]], "center": [-0.0005912568205701445, -0.06323979133618995, 0.005937950242171567]}}, {"key": 7, "value": {"rotation": [[0.9999657766814343, -0.007713842485529863, 0.00299033443014936], [0.007713544407996808, 0.9999702439908187, 0.00011120075717301533], [-0.0029911032348557114, -8.813087409228777e-05, 0.9999955227571709]], "center": [-0.0008403923318211534, -0.07431266452496726, 0.006820333911939082]}}, {"key": 8, "value": {"rotation": [[0.9999598373311875, -0.008184819573680776, 0.0036513631880334737], [0.00818363400632824, 0.9999664558695238, 0.0003395146457176152], [-0.0036540195723481256, -0.0003096195899482021, 0.9999932761157319]], "center": [-0.0020453093977659833, -0.0847121550976159, 0.006768033281753305]}}, {"key": 9, "value": {"rotation": [[0.9999453657245757, -0.009523766215590326, 0.004308531422098289], [0.009523329376770868, 0.9999546446411333, 0.00012189424509769435], [-0.004309496899402812, -8.085602163103046e-05, 0.9999907108062444]], "center": [-0.0019642221210195926, -0.09538399074295437, 0.007264211981334491]}}], "structure": [], "control_points": []}