{"sfm_data_version": "0.3", "root_path": "/mnt/ST8000/jialei/SFM_E/ex_sea_12/1-2/images", "views": [{"key": 9, "value": {"polymorphic_id": 1073741824, "ptr_wrapper": {"id": 2147483649, "data": {"local_path": "", "filename": "038735_11734.566406.jpg", "width": 1920, "height": 1080, "id_view": 9, "id_intrinsic": 0, "id_pose": 9}}}}, {"key": 8, "value": {"polymorphic_id": 1073741824, "ptr_wrapper": {"id": 2147483650, "data": {"local_path": "", "filename": "038734_11734.465820.jpg", "width": 1920, "height": 1080, "id_view": 8, "id_intrinsic": 0, "id_pose": 8}}}}, {"key": 7, "value": {"polymorphic_id": 1073741824, "ptr_wrapper": {"id": 2147483651, "data": {"local_path": "", "filename": "038733_11734.399211.jpg", "width": 1920, "height": 1080, "id_view": 7, "id_intrinsic": 0, "id_pose": 7}}}}, {"key": 6, "value": {"polymorphic_id": 1073741824, "ptr_wrapper": {"id": 2147483652, "data": {"local_path": "", "filename": "038732_11734.299602.jpg", "width": 1920, "height": 1080, "id_view": 6, "id_intrinsic": 0, "id_pose": 6}}}}, {"key": 5, "value": {"polymorphic_id": 1073741824, "ptr_wrapper": {"id": 2147483653, "data": {"local_path": "", "filename": "038731_11734.198016.jpg", "width": 1920, "height": 1080, "id_view": 5, "id_intrinsic": 0, "id_pose": 5}}}}, {"key": 4, "value": {"polymorphic_id": 1073741824, "ptr_wrapper": {"id": 2147483654, "data": {"local_path": "", "filename": "038730_11734.100406.jpg", "width": 1920, "height": 1080, "id_view": 4, "id_intrinsic": 0, "id_pose": 4}}}}, {"key": 3, "value": {"polymorphic_id": 1073741824, "ptr_wrapper": {"id": 2147483655, "data": {"local_path": "", "filename": "038729_11733.998820.jpg", "width": 1920, "height": 1080, "id_view": 3, "id_intrinsic": 0, "id_pose": 3}}}}, {"key": 2, "value": {"polymorphic_id": 1073741824, "ptr_wrapper": {"id": 2147483656, "data": {"local_path": "", "filename": "038728_11733.899211.jpg", "width": 1920, "height": 1080, "id_view": 2, "id_intrinsic": 0, "id_pose": 2}}}}, {"key": 1, "value": {"polymorphic_id": 1073741824, "ptr_wrapper": {"id": 2147483657, "data": {"local_path": "", "filename": "038727_11733.798602.jpg", "width": 1920, "height": 1080, "id_view": 1, "id_intrinsic": 0, "id_pose": 1}}}}, {"key": 0, "value": {"polymorphic_id": 1073741824, "ptr_wrapper": {"id": 2147483658, "data": {"local_path": "", "filename": "038726_11733.699016.jpg", "width": 1920, "height": 1080, "id_view": 0, "id_intrinsic": 0, "id_pose": 0}}}}], "intrinsics": [{"key": 0, "value": {"polymorphic_id": 2147483649, "polymorphic_name": "pinhole_radial_k3", "ptr_wrapper": {"id": 2147483659, "data": {"width": 1920, "height": 1080, "focal_length": 1739.13, "principal_point": [960.0, 540.0], "disto_k3": [0.0, 0.0, 0.0]}}}}], "extrinsics": [{"key": 0, "value": {"rotation": [[0.9999999829533254, -0.00010614232400454471, 0.00015108658529341682], [0.00010611088940217033, 0.9999999727279035, 0.00020804968507247203], [-0.0001511086640500509, -0.00020803364959397452, 0.9999999669440854]], "center": [102655.28827455526, -59731.174787546595, 609.3316320151774]}}, {"key": 1, "value": {"rotation": [[0.9999989708250677, 0.0012718632574542086, 0.0006638619284721057], [-0.001272556152571063, 0.999998644958715, 0.001044357013825052], [-0.0006625327495982359, -0.0010452007405805242, 0.9999992343025904]], "center": [102655.27480215425, -59737.51240525931, 610.3963639641188]}}, {"key": 2, "value": {"rotation": [[0.9999996625443874, 0.00040777933246827235, 0.0007131809920648738], [-0.00040880895960352395, 0.9999988736358506, 0.0014441614399508512], [-0.0007125912895754092, -0.0014444525073898382, 0.9999987028844625]], "center": [102655.29080040402, -59744.46554592077, 610.9074118539363]}}, {"key": 3, "value": {"rotation": [[0.9999960487833522, -0.0011368879090509155, 0.0025709732720931066], [0.0011338409942569085, 0.9999986535851397, 0.001186268311619428], [-0.0025723184645968632, -0.0011833485495252546, 0.9999959914239289]], "center": [102654.18451316468, -59750.8212778912, 610.291726867324]}}, {"key": 4, "value": {"rotation": [[0.9999940216035323, -0.0020907290803752433, 0.002754198450825174], [0.0020874830478638372, 0.9999971239123189, 0.00118092405128935], [-0.0027566595217646947, -0.0011751676486806038, 0.9999955098945584]], "center": [102654.5634185684, -59757.47254171212, 610.8932862215358]}}, {"key": 5, "value": {"rotation": [[0.9999903063643821, -0.0034998838115974577, 0.0026717018124337434], [0.003499386766936852, 0.9999938589454589, 0.00019069248713835587], [-0.002672352806915946, -0.0001813413206672118, 0.9999964128164661]], "center": [102654.76051985128, -59763.558107574005, 611.9270620378034]}}, {"key": 6, "value": {"rotation": [[0.9999848808926177, -0.004766231380090979, 0.0027424486519795534], [0.004765483569704905, 0.9999886060559491, 0.00027914982828583355], [-0.002743747897344391, -0.00026607651379781204, 0.999996200518164]], "center": [102655.17030708784, -59770.45942685498, 612.6902583747525]}}, {"key": 7, "value": {"rotation": [[0.99997351335731, -0.0065607892435471625, 0.0031509726021957045], [0.006560236414428709, 0.9999784641655173, 0.00018575080111767167], [-0.0031521234152292374, -0.00016507475599671, 0.9999950184217418]], "center": [102655.02077257998, -59777.460608580026, 613.2476179449249]}}, {"key": 8, "value": {"rotation": [[0.9999680106900158, -0.007031821449144458, 0.0038119658655025837], [0.007030293275949422, 0.9999752014246938, 0.000414140191160914], [-0.003814783494059182, -0.00038732770510947577, 0.9999926486750499]], "center": [102654.26653772731, -59784.03668945385, 613.2139453790652]}}, {"key": 9, "value": {"rotation": [[0.9999549774400877, -0.008370832185491325, 0.0044690335998243845], [0.008370036424117294, 0.9999649512786131, 0.00019673489934389615], [-0.004470523800738333, -0.0001593200678238734, 0.999989994466976]], "center": [102654.32553750757, -59790.78405156101, 613.5271742363917]}}], "structure": [], "control_points": []}