{"sfm_data_version": "0.3", "root_path": "/mnt/ST8000/jialei/SFM_E/ex_sea_12/1-5/images", "views": [{"key": 9, "value": {"polymorphic_id": 1073741824, "ptr_wrapper": {"id": 2147483649, "data": {"local_path": "", "filename": "075418_15357.965820.jpg", "width": 1920, "height": 1080, "id_view": 9, "id_intrinsic": 0, "id_pose": 9}}}}, {"key": 8, "value": {"polymorphic_id": 1073741824, "ptr_wrapper": {"id": 2147483650, "data": {"local_path": "", "filename": "075417_15357.866211.jpg", "width": 1920, "height": 1080, "id_view": 8, "id_intrinsic": 0, "id_pose": 8}}}}, {"key": 7, "value": {"polymorphic_id": 1073741824, "ptr_wrapper": {"id": 2147483651, "data": {"local_path": "", "filename": "075416_15357.766602.jpg", "width": 1920, "height": 1080, "id_view": 7, "id_intrinsic": 0, "id_pose": 7}}}}, {"key": 6, "value": {"polymorphic_id": 1073741824, "ptr_wrapper": {"id": 2147483652, "data": {"local_path": "", "filename": "075415_15357.666016.jpg", "width": 1920, "height": 1080, "id_view": 6, "id_intrinsic": 0, "id_pose": 6}}}}, {"key": 5, "value": {"polymorphic_id": 1073741824, "ptr_wrapper": {"id": 2147483653, "data": {"local_path": "", "filename": "075414_15357.566406.jpg", "width": 1920, "height": 1080, "id_view": 5, "id_intrinsic": 0, "id_pose": 5}}}}, {"key": 4, "value": {"polymorphic_id": 1073741824, "ptr_wrapper": {"id": 2147483654, "data": {"local_path": "", "filename": "075413_15357.497820.jpg", "width": 1920, "height": 1080, "id_view": 4, "id_intrinsic": 0, "id_pose": 4}}}}, {"key": 3, "value": {"polymorphic_id": 1073741824, "ptr_wrapper": {"id": 2147483655, "data": {"local_path": "", "filename": "075412_15357.398211.jpg", "width": 1920, "height": 1080, "id_view": 3, "id_intrinsic": 0, "id_pose": 3}}}}, {"key": 2, "value": {"polymorphic_id": 1073741824, "ptr_wrapper": {"id": 2147483656, "data": {"local_path": "", "filename": "075411_15357.299602.jpg", "width": 1920, "height": 1080, "id_view": 2, "id_intrinsic": 0, "id_pose": 2}}}}, {"key": 1, "value": {"polymorphic_id": 1073741824, "ptr_wrapper": {"id": 2147483657, "data": {"local_path": "", "filename": "075410_15357.198016.jpg", "width": 1920, "height": 1080, "id_view": 1, "id_intrinsic": 0, "id_pose": 1}}}}, {"key": 0, "value": {"polymorphic_id": 1073741824, "ptr_wrapper": {"id": 2147483658, "data": {"local_path": "", "filename": "075409_15357.099406.jpg", "width": 1920, "height": 1080, "id_view": 0, "id_intrinsic": 0, "id_pose": 0}}}}], "intrinsics": [{"key": 0, "value": {"polymorphic_id": 2147483649, "polymorphic_name": "pinhole_radial_k3", "ptr_wrapper": {"id": 2147483659, "data": {"width": 1920, "height": 1080, "focal_length": 1739.13, "principal_point": [960.0, 540.0], "disto_k3": [0.0, 0.0, 0.0]}}}}], "extrinsics": [{"key": 0, "value": {"rotation": [[0.9999999998300075, 1.4218799428599343e-05, 1.1739304007482083e-05], [-1.4218809382236499e-05, 0.9999999998985535, 8.478068645902785e-07], [-1.1739291951495618e-05, -8.479737833721565e-07, 0.9999999999307351]], "center": [102655.28827442144, -59731.17478746483, 609.331632154734]}}, {"key": 1, "value": {"rotation": [[0.9999996630517567, 0.0005000286681939533, 0.0006510512304939579], [-0.0005001505945094868, 0.9999998574164752, 0.00018712672799613584], [-0.0006509575689361994, -0.00018745228860410893, 0.9999997705579152]], "center": [102655.09409279369, -59738.083285081666, 609.7134976687672]}}, {"key": 2, "value": {"rotation": [[0.9999994271637843, -0.0006347148630194535, 0.0008618637633425155], [0.0006348269419406968, 0.9999997900765585, -0.00012977516361851476], [-0.0008617812121919201, 0.00013032222361585057, 0.9999996201745581]], "center": [102655.7394743525, -59745.1725255415, 610.152327771954]}}, {"key": 3, "value": {"rotation": [[0.9999993459582087, -0.0011070821139638732, -0.0002871451688981772], [0.0011069229201081273, 0.9999992339193319, -0.0005539696732463418], [0.00028775823883872277, 0.0005536514633581848, 0.9999998053326077]], "center": [102655.81518069775, -59751.75437574447, 610.6296294221269]}}, {"key": 4, "value": {"rotation": [[0.9999977473518653, -0.0015906123821029907, 0.001405433543441059], [0.0015891582443224262, 0.9999982015021976, 0.0010351659022075188], [-0.0014070775634735108, -0.0010329301140405637, 0.9999984765928944]], "center": [102655.53482353456, -59759.64882834599, 610.2104237266831]}}, {"key": 5, "value": {"rotation": [[0.9999966598623429, -0.002354543973611474, 0.0010660144625733057], [0.002353447008150336, 0.9999967010921624, 0.0010291219425289909], [-0.001068434058757739, -0.0010266096965724433, 0.9999989022599939]], "center": [102655.8450582048, -59766.73629389753, 610.5978849355766]}}, {"key": 6, "value": {"rotation": [[0.9999940470406203, -0.00298211129050091, 0.0017357694469639017], [0.002978991812938471, 0.9999939481950252, 0.0017969922383377637], [-0.0017411177732685782, -0.0017918106979443419, 0.9999968789567906]], "center": [102655.18096934527, -59774.16576395661, 610.5869411098347]}}, {"key": 7, "value": {"rotation": [[0.9999904077947918, -0.004249608166852493, 0.0010607303305736103], [0.004249177451833141, 0.9999908889805394, 0.00040797903689221746], [-0.001062454417285956, -0.0004034678920704389, 0.9999993542019269]], "center": [102655.87645702384, -59780.571349613536, 611.4932707139942]}}, {"key": 8, "value": {"rotation": [[0.9999852619105987, -0.0053728477759175395, 0.0007800438245817101], [0.005373038683893964, 0.9999855356347188, -0.00024285107942369235], [-0.000778727739860878, 0.00024703870590743, 0.9999996662774366]], "center": [102655.98457516318, -59787.15313414569, 612.0460928589183]}}, {"key": 9, "value": {"rotation": [[0.9999802015703351, -0.006285790173857947, -0.00029207745920148], [0.006285441655947604, 0.9999795511271374, -0.001179216163132969], [0.00029948379191778836, 0.0011773569806759303, 0.9999992620697271]], "center": [102656.46003263784, -59793.74419003257, 612.874262398271]}}], "structure": [], "control_points": []}