{"sfm_data_version": "0.3", "root_path": "/mnt/ST8000/jialei/SFM_E/ex_sea_12/1-5/images", "views": [{"key": 9, "value": {"polymorphic_id": 1073741824, "ptr_wrapper": {"id": 2147483649, "data": {"local_path": "", "filename": "075418_15357.965820.jpg", "width": 1920, "height": 1080, "id_view": 9, "id_intrinsic": 0, "id_pose": 9}}}}, {"key": 8, "value": {"polymorphic_id": 1073741824, "ptr_wrapper": {"id": 2147483650, "data": {"local_path": "", "filename": "075417_15357.866211.jpg", "width": 1920, "height": 1080, "id_view": 8, "id_intrinsic": 0, "id_pose": 8}}}}, {"key": 7, "value": {"polymorphic_id": 1073741824, "ptr_wrapper": {"id": 2147483651, "data": {"local_path": "", "filename": "075416_15357.766602.jpg", "width": 1920, "height": 1080, "id_view": 7, "id_intrinsic": 0, "id_pose": 7}}}}, {"key": 6, "value": {"polymorphic_id": 1073741824, "ptr_wrapper": {"id": 2147483652, "data": {"local_path": "", "filename": "075415_15357.666016.jpg", "width": 1920, "height": 1080, "id_view": 6, "id_intrinsic": 0, "id_pose": 6}}}}, {"key": 5, "value": {"polymorphic_id": 1073741824, "ptr_wrapper": {"id": 2147483653, "data": {"local_path": "", "filename": "075414_15357.566406.jpg", "width": 1920, "height": 1080, "id_view": 5, "id_intrinsic": 0, "id_pose": 5}}}}, {"key": 4, "value": {"polymorphic_id": 1073741824, "ptr_wrapper": {"id": 2147483654, "data": {"local_path": "", "filename": "075413_15357.497820.jpg", "width": 1920, "height": 1080, "id_view": 4, "id_intrinsic": 0, "id_pose": 4}}}}, {"key": 3, "value": {"polymorphic_id": 1073741824, "ptr_wrapper": {"id": 2147483655, "data": {"local_path": "", "filename": "075412_15357.398211.jpg", "width": 1920, "height": 1080, "id_view": 3, "id_intrinsic": 0, "id_pose": 3}}}}, {"key": 2, "value": {"polymorphic_id": 1073741824, "ptr_wrapper": {"id": 2147483656, "data": {"local_path": "", "filename": "075411_15357.299602.jpg", "width": 1920, "height": 1080, "id_view": 2, "id_intrinsic": 0, "id_pose": 2}}}}, {"key": 1, "value": {"polymorphic_id": 1073741824, "ptr_wrapper": {"id": 2147483657, "data": {"local_path": "", "filename": "075410_15357.198016.jpg", "width": 1920, "height": 1080, "id_view": 1, "id_intrinsic": 0, "id_pose": 1}}}}, {"key": 0, "value": {"polymorphic_id": 1073741824, "ptr_wrapper": {"id": 2147483658, "data": {"local_path": "", "filename": "075409_15357.099406.jpg", "width": 1920, "height": 1080, "id_view": 0, "id_intrinsic": 0, "id_pose": 0}}}}], "intrinsics": [{"key": 0, "value": {"polymorphic_id": 2147483649, "polymorphic_name": "pinhole_radial_k3", "ptr_wrapper": {"id": 2147483659, "data": {"width": 1920, "height": 1080, "focal_length": 1739.13, "principal_point": [960.0, 540.0], "disto_k3": [0.0, 0.0, 0.0]}}}}], "extrinsics": [{"key": 0, "value": {"rotation": [[0.9999998516105214, -0.0004587753861902644, 0.0002937755607976937], [0.0004588114228433791, 0.9999998872292242, -0.00012261165184372175], [-0.0002937192764604659, 0.000122746421232498, 0.9999999493311501]], "center": [0.00024183352234042745, -0.00047796851886368943, 0.0002037871466134086]}}, {"key": 1, "value": {"rotation": [[0.99999956436228, 2.7113595636530657e-05, 0.000933027386125567], [-2.7172882850798435e-05, 0.9999999976127724, 6.353022681460616e-05], [-0.0009330256613653377, -6.35555521823013e-05, 0.9999995627118079]], "center": [-8.031261419763386e-05, -0.011743063823801424, 0.0008277765687649002]}}, {"key": 2, "value": {"rotation": [[0.9999987322612479, -0.001107603634324686, 0.0011439799327251441], [0.001107893809506988, 0.9999993542679054, -0.0002530515346585905], [-0.001143698913221134, 0.00025431862214102654, 0.9999993136371816]], "center": [0.000966406924646125, -0.023303522998596872, 0.0015450776479292551]}}, {"key": 3, "value": {"rotation": [[0.9999987516086444, -0.0015801127950952679, -4.970651652438816e-06], [0.001580109067200617, 0.9999985223857, -0.0006771128065102557], [6.040558917005619e-06, 0.0006771041070367567, 0.9999997707467436]], "center": [0.0010845609069284967, -0.034036160553580656, 0.0023247481104100177]}}, {"key": 4, "value": {"rotation": [[0.9999964470053505, -0.002063433065475375, 0.001687667224048159], [0.0020618957261359415, 0.9999974582729118, 0.0009121588297792089], [-0.0016895451131489962, -0.0009086757950473439, 0.9999981598711118]], "center": [0.0006215007102664918, -0.04690909552963699, 0.001642631796443987]}}, {"key": 5, "value": {"rotation": [[0.9999950938623254, -0.0028274059997278407, 0.0013483421640704317], [0.0028261853686043768, 0.999995595610841, 0.0009063306141050604], [-0.0013508987900628807, -0.0009025155026263066, 0.9999986802682422]], "center": [0.0011217389329255568, -0.058466412312466964, 0.0022760138349891654]}}, {"key": 6, "value": {"rotation": [[0.999991995325304, -0.003454889231526861, 0.0020181738564085823], [0.003451512252586203, 0.9999926417342714, 0.0016743776407956907], [-0.002023943795429712, -0.0016673984861541387, 0.9999965617109895]], "center": [3.3118694550375496e-05, -0.07058074658032029, 0.002259358541544008]}}, {"key": 7, "value": {"rotation": [[0.9999879468626353, -0.00472246766236865, 0.0013432902250002526], [0.004722087925140767, 0.9999888100613551, 0.0002857231234902822], [-0.0013446245118760702, -0.0002793765450787971, 0.9999990569663891]], "center": [0.0011618560064970774, -0.08102635042218244, 0.003738871826073827]}}, {"key": 8, "value": {"rotation": [[0.9999823488005277, -0.005845739392946636, 0.001062740951025711], [0.005846129975295248, 0.9999828446993767, -0.00036478932949236814], [-0.00106059025603161, 0.0003709958122529695, 0.9999993687550086]], "center": [0.0013328275127352475, -0.0917588906704686, 0.0046417044709820415]}}, {"key": 9, "value": {"rotation": [[0.9999771589277755, -0.006758811790500244, -9.269001441242856e-06], [0.006758794013979972, 0.9999763129056107, -0.0013008962976830086], [1.8061295120594777e-05, 0.0013008039365453245, 0.9999991537910962]], "center": [0.0021026660856735507, -0.10250677706113054, 0.005993702403013708]}}], "structure": [], "control_points": []}