{"sfm_data_version": "0.3", "root_path": "/mnt/ST8000/jialei/SFM_E/ex_sea_12/1-5/images", "views": [{"key": 9, "value": {"polymorphic_id": 1073741824, "ptr_wrapper": {"id": 2147483649, "data": {"local_path": "", "filename": "075418_15357.965820.jpg", "width": 1920, "height": 1080, "id_view": 9, "id_intrinsic": 0, "id_pose": 9}}}}, {"key": 8, "value": {"polymorphic_id": 1073741824, "ptr_wrapper": {"id": 2147483650, "data": {"local_path": "", "filename": "075417_15357.866211.jpg", "width": 1920, "height": 1080, "id_view": 8, "id_intrinsic": 0, "id_pose": 8}}}}, {"key": 7, "value": {"polymorphic_id": 1073741824, "ptr_wrapper": {"id": 2147483651, "data": {"local_path": "", "filename": "075416_15357.766602.jpg", "width": 1920, "height": 1080, "id_view": 7, "id_intrinsic": 0, "id_pose": 7}}}}, {"key": 6, "value": {"polymorphic_id": 1073741824, "ptr_wrapper": {"id": 2147483652, "data": {"local_path": "", "filename": "075415_15357.666016.jpg", "width": 1920, "height": 1080, "id_view": 6, "id_intrinsic": 0, "id_pose": 6}}}}, {"key": 5, "value": {"polymorphic_id": 1073741824, "ptr_wrapper": {"id": 2147483653, "data": {"local_path": "", "filename": "075414_15357.566406.jpg", "width": 1920, "height": 1080, "id_view": 5, "id_intrinsic": 0, "id_pose": 5}}}}, {"key": 4, "value": {"polymorphic_id": 1073741824, "ptr_wrapper": {"id": 2147483654, "data": {"local_path": "", "filename": "075413_15357.497820.jpg", "width": 1920, "height": 1080, "id_view": 4, "id_intrinsic": 0, "id_pose": 4}}}}, {"key": 3, "value": {"polymorphic_id": 1073741824, "ptr_wrapper": {"id": 2147483655, "data": {"local_path": "", "filename": "075412_15357.398211.jpg", "width": 1920, "height": 1080, "id_view": 3, "id_intrinsic": 0, "id_pose": 3}}}}, {"key": 2, "value": {"polymorphic_id": 1073741824, "ptr_wrapper": {"id": 2147483656, "data": {"local_path": "", "filename": "075411_15357.299602.jpg", "width": 1920, "height": 1080, "id_view": 2, "id_intrinsic": 0, "id_pose": 2}}}}, {"key": 1, "value": {"polymorphic_id": 1073741824, "ptr_wrapper": {"id": 2147483657, "data": {"local_path": "", "filename": "075410_15357.198016.jpg", "width": 1920, "height": 1080, "id_view": 1, "id_intrinsic": 0, "id_pose": 1}}}}, {"key": 0, "value": {"polymorphic_id": 1073741824, "ptr_wrapper": {"id": 2147483658, "data": {"local_path": "", "filename": "075409_15357.099406.jpg", "width": 1920, "height": 1080, "id_view": 0, "id_intrinsic": 0, "id_pose": 0}}}}], "intrinsics": [{"key": 0, "value": {"polymorphic_id": 2147483649, "polymorphic_name": "pinhole_radial_k3", "ptr_wrapper": {"id": 2147483659, "data": {"width": 1920, "height": 1080, "focal_length": 1739.13, "principal_point": [960.0, 540.0], "disto_k3": [0.0, 0.0, 0.0]}}}}], "extrinsics": [{"key": 0, "value": {"rotation": [[0.9999998589745288, -0.0004298892106271656, 0.00031184321242258686], [0.0004299337498833047, 0.99999989738644, -0.00014277282693661282], [-0.00031178180392538326, 0.00014290687872367964, 0.9999999411848637]], "center": [0.00023916766990151792, -0.0004976749110054456, 0.000258117999453558]}}, {"key": 1, "value": {"rotation": [[0.9999995337655718, 7.007242131685184e-05, 0.0009630983826867946], [-7.01319432903827e-05, 0.9999999956330533, 6.176895598727412e-05], [-0.0009630940501806875, -6.183647114961258e-05, 0.9999995343129423]], "center": [-8.587515888948333e-05, -0.01135943390778305, 0.0009635605506420835]}}, {"key": 2, "value": {"rotation": [[0.9999987250860899, -0.0010918040524978624, 0.0011652425094710011], [0.0010921411556931479, 0.9999993619393203, -0.0002887016598093404], [-0.0011649265603334302, 0.00028997390104052047, 0.9999992794303632]], "center": [0.0008607703059404874, -0.02253327861269241, 0.0016858100265824834]}}, {"key": 3, "value": {"rotation": [[0.9999987291217343, -0.0015942851857276585, 3.1085418114065294e-06], [0.0015942870738489962, 0.9999984458665189, -0.0007526707598925595], [-1.9085651380938993e-06, 0.0007526747592476678, 0.999999716738492]], "center": [0.0009719713429890865, -0.0328742073373656, 0.00261761420020851]}}, {"key": 4, "value": {"rotation": [[0.9999965537384643, -0.0019884432822380774, 0.0017142358380336615], [0.001986966711772163, 0.9999976539127516, 0.0008626310211666657], [-0.001715947109145929, -0.0008592219187682627, 0.9999981586299111]], "center": [0.0004670297824395852, -0.045367097119886, 0.001703650466464593]}}, {"key": 5, "value": {"rotation": [[0.9999952635964631, -0.00274724761172479, 0.0013875933125204027], [0.0027460378844061414, 0.9999958485901743, 0.0008729709927216352], [-0.0013899858195267948, -0.0008691564741744563, 0.9999986562523198]], "center": [0.000900446790953605, -0.05655035164936097, 0.002362636221225708]}}, {"key": 6, "value": {"rotation": [[0.9999923236578939, -0.0033318720531623548, 0.002061856907721848], [0.0033284303341255123, 0.9999930656021162, 0.0016704188672819291], [-0.0020674082319266742, -0.0016635432974990215, 0.9999964792172522]], "center": [-0.00019503179184380756, -0.06827465282056747, 0.0022548049150876276]}}, {"key": 7, "value": {"rotation": [[0.9999880494600747, -0.004674774023011451, 0.0014308825492498085], [0.004674443541312692, 0.9999890472991226, 0.00023422077625250552], [-0.001431961806421742, -0.0002275293974971255, 0.9999989488573269]], "center": [0.0007705384911709003, -0.07835640030222023, 0.0038633465610274564]}}, {"key": 8, "value": {"rotation": [[0.999982309996258, -0.005833844432885067, 0.0011601524389490132], [0.0058343558961552015, 0.9999828840929177, -0.000437964024925439], [-0.0011575775678990625, 0.00044472501956279294, 0.9999992311166201]], "center": [0.000855149456883328, -0.08870743350666531, 0.004818022236590002]}}, {"key": 9, "value": {"rotation": [[0.9999766634367542, -0.006831674020287796, 2.8495223616035364e-05], [0.006831710461355698, 0.9999754203375637, -0.0015768490367950607], [-1.7722004614479233e-05, 0.0015770069096750386, 0.9999987563667955]], "center": [0.0015886310390730678, -0.09891934199163285, 0.006436019635469301]}}], "structure": [], "control_points": []}