{"sfm_data_version": "0.3", "root_path": "/mnt/ST8000/jialei/SFM_E/ex_sea_12/1-5/images", "views": [{"key": 9, "value": {"polymorphic_id": 1073741824, "ptr_wrapper": {"id": 2147483649, "data": {"local_path": "", "filename": "075418_15357.965820.jpg", "width": 1920, "height": 1080, "id_view": 9, "id_intrinsic": 0, "id_pose": 9}}}}, {"key": 8, "value": {"polymorphic_id": 1073741824, "ptr_wrapper": {"id": 2147483650, "data": {"local_path": "", "filename": "075417_15357.866211.jpg", "width": 1920, "height": 1080, "id_view": 8, "id_intrinsic": 0, "id_pose": 8}}}}, {"key": 7, "value": {"polymorphic_id": 1073741824, "ptr_wrapper": {"id": 2147483651, "data": {"local_path": "", "filename": "075416_15357.766602.jpg", "width": 1920, "height": 1080, "id_view": 7, "id_intrinsic": 0, "id_pose": 7}}}}, {"key": 6, "value": {"polymorphic_id": 1073741824, "ptr_wrapper": {"id": 2147483652, "data": {"local_path": "", "filename": "075415_15357.666016.jpg", "width": 1920, "height": 1080, "id_view": 6, "id_intrinsic": 0, "id_pose": 6}}}}, {"key": 5, "value": {"polymorphic_id": 1073741824, "ptr_wrapper": {"id": 2147483653, "data": {"local_path": "", "filename": "075414_15357.566406.jpg", "width": 1920, "height": 1080, "id_view": 5, "id_intrinsic": 0, "id_pose": 5}}}}, {"key": 4, "value": {"polymorphic_id": 1073741824, "ptr_wrapper": {"id": 2147483654, "data": {"local_path": "", "filename": "075413_15357.497820.jpg", "width": 1920, "height": 1080, "id_view": 4, "id_intrinsic": 0, "id_pose": 4}}}}, {"key": 3, "value": {"polymorphic_id": 1073741824, "ptr_wrapper": {"id": 2147483655, "data": {"local_path": "", "filename": "075412_15357.398211.jpg", "width": 1920, "height": 1080, "id_view": 3, "id_intrinsic": 0, "id_pose": 3}}}}, {"key": 2, "value": {"polymorphic_id": 1073741824, "ptr_wrapper": {"id": 2147483656, "data": {"local_path": "", "filename": "075411_15357.299602.jpg", "width": 1920, "height": 1080, "id_view": 2, "id_intrinsic": 0, "id_pose": 2}}}}, {"key": 1, "value": {"polymorphic_id": 1073741824, "ptr_wrapper": {"id": 2147483657, "data": {"local_path": "", "filename": "075410_15357.198016.jpg", "width": 1920, "height": 1080, "id_view": 1, "id_intrinsic": 0, "id_pose": 1}}}}, {"key": 0, "value": {"polymorphic_id": 1073741824, "ptr_wrapper": {"id": 2147483658, "data": {"local_path": "", "filename": "075409_15357.099406.jpg", "width": 1920, "height": 1080, "id_view": 0, "id_intrinsic": 0, "id_pose": 0}}}}], "intrinsics": [{"key": 0, "value": {"polymorphic_id": 2147483649, "polymorphic_name": "pinhole_radial_k3", "ptr_wrapper": {"id": 2147483659, "data": {"width": 1920, "height": 1080, "focal_length": 1739.13, "principal_point": [960.0, 540.0], "disto_k3": [0.0, 0.0, 0.0]}}}}], "extrinsics": [{"key": 0, "value": {"rotation": [[0.9999999962617508, 7.199075278736048e-05, 4.789394559745801e-05], [-7.198886378109665e-05, 0.9999999966309664, -3.944199654863758e-05], [-4.789678489512483e-05, 3.943854857046806e-05, 0.9999999980752494]], "center": [102655.28827445579, -59731.17478746069, 609.3316321673979]}}, {"key": 1, "value": {"rotation": [[0.9999995920328177, 0.0005718848734990909, 0.0006992008937023194], [-0.0005720005356867945, 0.9999998227569111, 0.0001652317580689042], [-0.0006991062762307232, -0.00016563163394549404, 0.9999997419082549]], "center": [102655.0921114347, -59737.845691263115, 609.7642430006642]}}, {"key": 2, "value": {"rotation": [[0.9999994198390336, -0.0005900127375333467, 0.000901225036285288], [0.0005901801853971137, 0.9999998086300641, -0.00018554563867539137], [-0.0009011153895276885, 0.0001860774161880598, 0.9999995766830352]], "center": [102655.67705579514, -59744.70787184654, 610.2069498836344]}}, {"key": 3, "value": {"rotation": [[0.9999993693093202, -0.0010923737405772013, -0.0002609608645601571], [0.0010922040148247318, 0.9999991925240399, -0.0006496473336110879], [0.000261670311528411, 0.0006493619013805954, 0.9999997549288545]], "center": [102655.74868847852, -59751.05878716925, 610.7785433025227]}}, {"key": 4, "value": {"rotation": [[0.9999978434119278, -0.0014867096568811629, 0.0014501261636075615], [0.0014853103568215063, 0.999998430781292, 0.0009655506705832104], [-0.0014515593815486306, -0.0009633947008786309, 0.9999984824218545]], "center": [102655.44228074396, -59758.73140408341, 610.2165197809799]}}, {"key": 5, "value": {"rotation": [[0.9999968478830913, -0.0022454807882417776, 0.0011234054977109706], [0.002244385042780406, 0.9999970053777887, 0.0009756901324298208], [-0.001125593026983598, -0.0009731657024444447, 0.999998892993814]], "center": [102655.71201805028, -59765.59951790745, 610.6204557752865]}}, {"key": 6, "value": {"rotation": [[0.9999943793355786, -0.002830176287918506, 0.0017976093656247578], [0.002826989287317114, 0.9999944323141692, 0.0017729839908940722], [-0.0018026172143504732, -0.0017678922031266777, 0.9999968125590887]], "center": [102655.04282527149, -59772.80033863076, 610.5536637802841]}}, {"key": 7, "value": {"rotation": [[0.9999906125707669, -0.004173015039607937, 0.001166497244932398], [0.0041726252006977875, 0.9999912379683997, 0.00033643032251509604], [-0.001167890952842314, -0.00033155980849855737, 0.9999992630491364]], "center": [102655.63919938101, -59778.991857144094, 611.5407541432737]}}, {"key": 8, "value": {"rotation": [[0.9999853833667932, -0.005332060208385513, 0.0008956487609563279], [0.0053323630345820635, 0.999985726381802, -0.0003360611956709959], [-0.0008938440782788566, 0.00034083220793264973, 0.9999995424379803]], "center": [102655.69450857135, -59785.348987789504, 612.1263977841954]}}, {"key": 9, "value": {"rotation": [[0.9999799388952979, -0.006329775585277403, -0.00023611013854008496], [0.006329420569035615, 0.999978880872142, -0.0014752101405497695], [0.0002454429012306852, 0.001473686105837247, 0.9999988840028992]], "center": [102656.14838685797, -59791.620516938856, 613.1193247538556]}}], "structure": [], "control_points": []}