{"sfm_data_version": "0.3", "root_path": "/mnt/ST8000/jialei/SFM_E/ex_sea_12/6-1/images", "views": [{"key": 9, "value": {"polymorphic_id": 1073741824, "ptr_wrapper": {"id": 2147483649, "data": {"local_path": "", "filename": "104926_15025.847656.jpg", "width": 1920, "height": 1080, "id_view": 9, "id_intrinsic": 0, "id_pose": 9}}}}, {"key": 8, "value": {"polymorphic_id": 1073741824, "ptr_wrapper": {"id": 2147483650, "data": {"local_path": "", "filename": "104925_15025.748047.jpg", "width": 1920, "height": 1080, "id_view": 8, "id_intrinsic": 0, "id_pose": 8}}}}, {"key": 7, "value": {"polymorphic_id": 1073741824, "ptr_wrapper": {"id": 2147483651, "data": {"local_path": "", "filename": "104924_15025.647461.jpg", "width": 1920, "height": 1080, "id_view": 7, "id_intrinsic": 0, "id_pose": 7}}}}, {"key": 6, "value": {"polymorphic_id": 1073741824, "ptr_wrapper": {"id": 2147483652, "data": {"local_path": "", "filename": "104923_15025.547852.jpg", "width": 1920, "height": 1080, "id_view": 6, "id_intrinsic": 0, "id_pose": 6}}}}, {"key": 5, "value": {"polymorphic_id": 1073741824, "ptr_wrapper": {"id": 2147483653, "data": {"local_path": "", "filename": "104922_15025.447266.jpg", "width": 1920, "height": 1080, "id_view": 5, "id_intrinsic": 0, "id_pose": 5}}}}, {"key": 4, "value": {"polymorphic_id": 1073741824, "ptr_wrapper": {"id": 2147483654, "data": {"local_path": "", "filename": "104921_15025.347656.jpg", "width": 1920, "height": 1080, "id_view": 4, "id_intrinsic": 0, "id_pose": 4}}}}, {"key": 3, "value": {"polymorphic_id": 1073741824, "ptr_wrapper": {"id": 2147483655, "data": {"local_path": "", "filename": "104920_15025.280047.jpg", "width": 1920, "height": 1080, "id_view": 3, "id_intrinsic": 0, "id_pose": 3}}}}, {"key": 2, "value": {"polymorphic_id": 1073741824, "ptr_wrapper": {"id": 2147483656, "data": {"local_path": "", "filename": "104919_15025.248047.jpg", "width": 1920, "height": 1080, "id_view": 2, "id_intrinsic": 0, "id_pose": 2}}}}, {"key": 1, "value": {"polymorphic_id": 1073741824, "ptr_wrapper": {"id": 2147483657, "data": {"local_path": "", "filename": "104918_15025.147461.jpg", "width": 1920, "height": 1080, "id_view": 1, "id_intrinsic": 0, "id_pose": 1}}}}, {"key": 0, "value": {"polymorphic_id": 1073741824, "ptr_wrapper": {"id": 2147483658, "data": {"local_path": "", "filename": "104917_15025.047852.jpg", "width": 1920, "height": 1080, "id_view": 0, "id_intrinsic": 0, "id_pose": 0}}}}], "intrinsics": [{"key": 0, "value": {"polymorphic_id": 2147483649, "polymorphic_name": "pinhole_radial_k3", "ptr_wrapper": {"id": 2147483659, "data": {"width": 1920, "height": 1080, "focal_length": 1739.13, "principal_point": [960.0, 540.0], "disto_k3": [0.0, 0.0, 0.0]}}}}], "extrinsics": [{"key": 0, "value": {"rotation": [[0.9999999527913157, 0.00014689314537787976, 0.00026988844011766527], [-0.00014691371504441366, 0.9999999863051737, 7.61971968779241e-05], [-0.0002698772435756713, -7.623684359414001e-05, 0.9999999606771077]], "center": [102655.28827500937, -59731.174788047705, 609.3316322768251]}}, {"key": 1, "value": {"rotation": [[0.9999992390020686, 0.0011487459211893683, -0.0004498645263912384], [-0.001148309643355009, 0.9999988713482515, 0.0009688587028886001], [0.00045097699113400333, -0.0009683413818152594, 0.999999429467198]], "center": [102655.65385033387, -59737.40355622193, 609.427344590187]}}, {"key": 2, "value": {"rotation": [[0.9999990965360416, 0.0011754097910204298, 0.0006521801311057716], [-0.0011772292800509615, 0.9999953967872693, 0.0027965220353284694], [-0.0006488900696007934, -0.002797287274317808, 0.9999958770542919]], "center": [102656.13287860941, -59744.99761474775, 609.010820424825]}}, {"key": 3, "value": {"rotation": [[0.9999986199117786, 0.0008655806551162489, 0.001418077807156245], [-0.0008697943679404207, 0.9999952008408008, 0.002973508554547781], [-0.0014154971900924881, -0.0029747378869336167, 0.9999945736363819]], "center": [102656.28401389385, -59751.59557699346, 608.8889632238484]}}, {"key": 4, "value": {"rotation": [[0.9999960343140527, -0.0003308624745986154, 0.002796763520683668], [0.00032443246129982124, 0.999997304134464, 0.002299231911385778], [-0.0027975167105451773, -0.002298315432481373, 0.9999934458017348]], "center": [102656.90264013576, -59757.82380631604, 608.677887193006]}}, {"key": 5, "value": {"rotation": [[0.9999937431198223, -0.00035393577882437743, 0.0035197230958062286], [0.00034411751343193153, 0.9999960495320719, 0.002789713853996605], [-0.003520696570798655, -0.002788485200731546, 0.9999899144721118]], "center": [102656.97671218077, -59764.50629405505, 608.4164595464634]}}, {"key": 6, "value": {"rotation": [[0.9999894864299824, -0.0009134354318613723, 0.0044936249522580934], [0.0008998292957216713, 0.999995007824095, 0.0030289658510201708], [-0.004496369284022102, -0.003024890510399528, 0.9999853162425244]], "center": [102657.06314840683, -59770.93815043044, 608.2459090978316]}}, {"key": 7, "value": {"rotation": [[0.9999861183472508, -0.0008213397432880292, 0.005204662700296723], [0.0008022312449734078, 0.9999929347655504, 0.0036724438744674026], [-0.00520764225224361, -0.003668217551838973, 0.9999797121152835]], "center": [102657.13828248116, -59777.736262541584, 607.9263453404278]}}, {"key": 8, "value": {"rotation": [[0.9999806992317273, -0.0014871986274953195, 0.006032363074949773], [0.0014589948295467116, 0.9999879978521307, 0.0046771236646962235], [-0.0060392464855309365, -0.004668232206079801, 0.9999708671306166]], "center": [102658.10392821416, -59784.75693795422, 607.8324862908565]}}, {"key": 9, "value": {"rotation": [[0.9999756724679786, -0.0018917167608003412, 0.006713857304953879], [0.0018592191731139874, 0.99998654268637, 0.004843320165678842], [-0.006722929144405829, -0.004830719807425399, 0.9999657325978032]], "center": [102658.62247997014, -59791.510419641694, 607.7452762184805]}}], "structure": [], "control_points": []}