{"sfm_data_version": "0.3", "root_path": "/mnt/ST8000/jialei/SFM_E/ex_sea_12/6-1/images", "views": [{"key": 9, "value": {"polymorphic_id": 1073741824, "ptr_wrapper": {"id": 2147483649, "data": {"local_path": "", "filename": "104926_15025.847656.jpg", "width": 1920, "height": 1080, "id_view": 9, "id_intrinsic": 0, "id_pose": 9}}}}, {"key": 8, "value": {"polymorphic_id": 1073741824, "ptr_wrapper": {"id": 2147483650, "data": {"local_path": "", "filename": "104925_15025.748047.jpg", "width": 1920, "height": 1080, "id_view": 8, "id_intrinsic": 0, "id_pose": 8}}}}, {"key": 7, "value": {"polymorphic_id": 1073741824, "ptr_wrapper": {"id": 2147483651, "data": {"local_path": "", "filename": "104924_15025.647461.jpg", "width": 1920, "height": 1080, "id_view": 7, "id_intrinsic": 0, "id_pose": 7}}}}, {"key": 6, "value": {"polymorphic_id": 1073741824, "ptr_wrapper": {"id": 2147483652, "data": {"local_path": "", "filename": "104923_15025.547852.jpg", "width": 1920, "height": 1080, "id_view": 6, "id_intrinsic": 0, "id_pose": 6}}}}, {"key": 5, "value": {"polymorphic_id": 1073741824, "ptr_wrapper": {"id": 2147483653, "data": {"local_path": "", "filename": "104922_15025.447266.jpg", "width": 1920, "height": 1080, "id_view": 5, "id_intrinsic": 0, "id_pose": 5}}}}, {"key": 4, "value": {"polymorphic_id": 1073741824, "ptr_wrapper": {"id": 2147483654, "data": {"local_path": "", "filename": "104921_15025.347656.jpg", "width": 1920, "height": 1080, "id_view": 4, "id_intrinsic": 0, "id_pose": 4}}}}, {"key": 3, "value": {"polymorphic_id": 1073741824, "ptr_wrapper": {"id": 2147483655, "data": {"local_path": "", "filename": "104920_15025.280047.jpg", "width": 1920, "height": 1080, "id_view": 3, "id_intrinsic": 0, "id_pose": 3}}}}, {"key": 2, "value": {"polymorphic_id": 1073741824, "ptr_wrapper": {"id": 2147483656, "data": {"local_path": "", "filename": "104919_15025.248047.jpg", "width": 1920, "height": 1080, "id_view": 2, "id_intrinsic": 0, "id_pose": 2}}}}, {"key": 1, "value": {"polymorphic_id": 1073741824, "ptr_wrapper": {"id": 2147483657, "data": {"local_path": "", "filename": "104918_15025.147461.jpg", "width": 1920, "height": 1080, "id_view": 1, "id_intrinsic": 0, "id_pose": 1}}}}, {"key": 0, "value": {"polymorphic_id": 1073741824, "ptr_wrapper": {"id": 2147483658, "data": {"local_path": "", "filename": "104917_15025.047852.jpg", "width": 1920, "height": 1080, "id_view": 0, "id_intrinsic": 0, "id_pose": 0}}}}], "intrinsics": [{"key": 0, "value": {"polymorphic_id": 2147483649, "polymorphic_name": "pinhole_radial_k3", "ptr_wrapper": {"id": 2147483659, "data": {"width": 1920, "height": 1080, "focal_length": 1739.13, "principal_point": [960.0, 540.0], "disto_k3": [0.0, 0.0, 0.0]}}}}], "extrinsics": [{"key": 0, "value": {"rotation": [[0.9999989697303486, -0.0007852871896314392, 0.0012016082020328428], [0.0007860533221055596, 0.9999994880162522, -0.0006372498791405238], [-0.0012011071626622908, 0.0006381937507203865, 0.9999990750247324]], "center": [0.00034748057831016267, -0.0016293242362750504, 0.0015833580171354359]}}, {"key": 1, "value": {"rotation": [[0.9999998609128001, 0.0002160515283210642, 0.0004811404342474159], [-0.00021617398632779494, 0.9999999442547025, 0.0002544786820013384], [-0.000481085426917933, -0.00025458265665225584, 0.9999998518722305]], "center": [0.0008811592973459512, -0.01087186676537886, 0.0017324722575901156]}}, {"key": 2, "value": {"rotation": [[0.9999987171464318, 0.00024350256968315854, 0.0015831651805645166], [-0.0002467986850626494, 0.9999978019386739, 0.0020821162864008776], [-0.0015826547000042785, -0.0020825043384353746, 0.9999965791840396]], "center": [0.0015819950893541743, -0.022140903208148963, 0.0011231407763785395]}}, {"key": 3, "value": {"rotation": [[0.9999972382677059, -6.577892015152197e-05, 0.0023492828893852237], [6.04709745196845e-05, 0.9999974457483665, 0.002259389298992822], [-0.0023494255089138937, -0.0022592409957386916, 0.9999946880008421]], "center": [0.0017972809330502426, -0.03193118338895556, 0.0009495234077901347]}}, {"key": 4, "value": {"rotation": [[0.9999922525697815, -0.0012612341856486496, 0.003728818679299178], [0.0012553265874618717, 0.9999979540215154, 0.0015862244299494272], [-0.0037308116506935725, -0.0015815312555583644, 0.9999917898679543]], "center": [0.002706856764521911, -0.04117360155970986, 0.0006437797272288886]}}, {"key": 5, "value": {"rotation": [[0.9999892666589177, -0.0012837890152077888, 0.004451792080054809], [0.001274553735196086, 0.9999970313580524, 0.0020767252727764683], [-0.004454444941370916, -0.002071028934351788, 0.9999879343069182]], "center": [0.0028078733469935123, -0.05108934049034927, 0.00026305306353129184]}}, {"key": 6, "value": {"rotation": [[0.9999835810808738, -0.0018425887733440895, 0.005426088396206326], [0.0018300412810612896, 0.9999956423888563, 0.0023164956741277155], [-0.005430333100345716, -0.0023065276740127844, 0.9999825955547967]], "center": [0.002927457104844471, -0.06063311775359092, 1.692023765230248e-05]}}, {"key": 7, "value": {"rotation": [[0.9999796368405941, -0.0017499821997906183, 0.006137056823405616], [0.0017318422004745778, 0.9999941198879864, 0.0029598837889574592], [-0.006142200480768188, -0.0029491951023784633, 0.9999767875413421]], "center": [0.003029969757406962, -0.0707204811978858, -0.00044994393430312473]}}, {"key": 8, "value": {"rotation": [[0.9999728257375197, -0.002415244445948233, 0.0069652265423665715], [0.0023876650914313176, 0.9999892881504718, 0.003965178397537278], [-0.006974728807009796, -0.003948440018469519, 0.9999678809739287]], "center": [0.004453187965048097, -0.08113907300239484, -0.0005804445689230124]}}, {"key": 9, "value": {"rotation": [[0.9999667869678736, -0.0028192709046147096, 0.007647004165946169], [0.00278773297417804, 0.9999875785213739, 0.004131748761026751], [-0.007658557697914543, -0.004110293727455232, 0.999962225276266]], "center": [0.005213376725095136, -0.09116058181749996, -0.0007019805276905457]}}], "structure": [], "control_points": []}