{"sfm_data_version": "0.3", "root_path": "/mnt/ST8000/jialei/SFM_E/ex_sea_12/6-1/images", "views": [{"key": 9, "value": {"polymorphic_id": 1073741824, "ptr_wrapper": {"id": 2147483649, "data": {"local_path": "", "filename": "104926_15025.847656.jpg", "width": 1920, "height": 1080, "id_view": 9, "id_intrinsic": 0, "id_pose": 9}}}}, {"key": 8, "value": {"polymorphic_id": 1073741824, "ptr_wrapper": {"id": 2147483650, "data": {"local_path": "", "filename": "104925_15025.748047.jpg", "width": 1920, "height": 1080, "id_view": 8, "id_intrinsic": 0, "id_pose": 8}}}}, {"key": 7, "value": {"polymorphic_id": 1073741824, "ptr_wrapper": {"id": 2147483651, "data": {"local_path": "", "filename": "104924_15025.647461.jpg", "width": 1920, "height": 1080, "id_view": 7, "id_intrinsic": 0, "id_pose": 7}}}}, {"key": 6, "value": {"polymorphic_id": 1073741824, "ptr_wrapper": {"id": 2147483652, "data": {"local_path": "", "filename": "104923_15025.547852.jpg", "width": 1920, "height": 1080, "id_view": 6, "id_intrinsic": 0, "id_pose": 6}}}}, {"key": 5, "value": {"polymorphic_id": 1073741824, "ptr_wrapper": {"id": 2147483653, "data": {"local_path": "", "filename": "104922_15025.447266.jpg", "width": 1920, "height": 1080, "id_view": 5, "id_intrinsic": 0, "id_pose": 5}}}}, {"key": 4, "value": {"polymorphic_id": 1073741824, "ptr_wrapper": {"id": 2147483654, "data": {"local_path": "", "filename": "104921_15025.347656.jpg", "width": 1920, "height": 1080, "id_view": 4, "id_intrinsic": 0, "id_pose": 4}}}}, {"key": 3, "value": {"polymorphic_id": 1073741824, "ptr_wrapper": {"id": 2147483655, "data": {"local_path": "", "filename": "104920_15025.280047.jpg", "width": 1920, "height": 1080, "id_view": 3, "id_intrinsic": 0, "id_pose": 3}}}}, {"key": 2, "value": {"polymorphic_id": 1073741824, "ptr_wrapper": {"id": 2147483656, "data": {"local_path": "", "filename": "104919_15025.248047.jpg", "width": 1920, "height": 1080, "id_view": 2, "id_intrinsic": 0, "id_pose": 2}}}}, {"key": 1, "value": {"polymorphic_id": 1073741824, "ptr_wrapper": {"id": 2147483657, "data": {"local_path": "", "filename": "104918_15025.147461.jpg", "width": 1920, "height": 1080, "id_view": 1, "id_intrinsic": 0, "id_pose": 1}}}}, {"key": 0, "value": {"polymorphic_id": 1073741824, "ptr_wrapper": {"id": 2147483658, "data": {"local_path": "", "filename": "104917_15025.047852.jpg", "width": 1920, "height": 1080, "id_view": 0, "id_intrinsic": 0, "id_pose": 0}}}}], "intrinsics": [{"key": 0, "value": {"polymorphic_id": 2147483649, "polymorphic_name": "pinhole_radial_k3", "ptr_wrapper": {"id": 2147483659, "data": {"width": 1920, "height": 1080, "focal_length": 1739.13, "principal_point": [960.0, 540.0], "disto_k3": [0.0, 0.0, 0.0]}}}}], "extrinsics": [{"key": 0, "value": {"rotation": [[0.9999999469126384, 0.00019555501386573704, 0.00026063951586909935], [-0.00019560309230127625, 0.9999999638586997, 0.00018445061540124264], [-0.00026060343620659617, -0.00018450158750452599, 0.9999999490225052]], "center": [102655.28827514553, -59731.174788289296, 609.331632276281]}}, {"key": 1, "value": {"rotation": [[0.9999991279352655, 0.0012499536814832002, -0.00042631502812181247], [-0.0012495080229170423, 0.999998674351085, 0.0010440429939274464], [0.00042761946836164847, -0.0010435093994064619, 0.9999993641146596]], "center": [102655.6889708652, -59737.75200812708, 609.3990073164441]}}, {"key": 2, "value": {"rotation": [[0.9999988562170767, 0.0013738995493636633, 0.0006324275189214345], [-0.001375667650448142, 0.9999951229865929, 0.0028038440655519694], [-0.0006285722344658368, -0.002804710868642072, 0.9999958692384131]], "center": [102656.27401257264, -59745.599246345984, 608.8668936977671]}}, {"key": 3, "value": {"rotation": [[0.9999984968153705, 0.001069688782635321, 0.0013645999078498933], [-0.0010737365959243045, 0.9999950159790763, 0.002969024541619755], [-0.0013614171744078943, -0.0029704852994876163, 0.999994661365931]], "center": [102656.47527491776, -59752.49490575068, 608.6905478765667]}}, {"key": 4, "value": {"rotation": [[0.999996405824374, -0.00017663895157394037, 0.0026752826047962077], [0.00017045812495064433, 0.999997316500949, 0.0023103971364153934], [-0.002675683531805808, -0.0023099328087858553, 0.9999937524445123]], "center": [102657.19905549755, -59759.04199816526, 608.4022197800704]}}, {"key": 5, "value": {"rotation": [[0.9999950045525159, 0.0017061064107293166, 0.0026608402675971244], [-0.001682555282082567, 0.9999596144615803, -0.008828275798218689], [-0.002675794786065359, 0.008823754686183474, 0.9999574898341934]], "center": [102658.56360167652, -59759.458385955455, 616.2154306016779]}}, {"key": 6, "value": {"rotation": [[0.9999928760496647, 0.0011582718759065775, 0.0035925278262049034], [-0.0011273435756947127, 0.9999623909491325, -0.008599173434447943], [-0.003602352895388381, 0.008595062161198038, 0.9999565730370805]], "center": [102658.70452465252, -59766.17823261226, 615.975956021962]}}, {"key": 7, "value": {"rotation": [[0.9999900357201648, 0.0012835101290849876, 0.004275635874632011], [-0.0012493491925011702, 0.9999673565922805, -0.007982786258020815], [-0.004285742290327494, 0.007977364953077281, 0.999958996190057]], "center": [102658.82958331678, -59773.26275014517, 615.6028249593736]}}, {"key": 8, "value": {"rotation": [[0.9999869738792528, 0.0006704752660872151, 0.005059894735310172], [-0.0006349671658086939, 0.9999751866474359, -0.00701590379945866], [-0.005064473172325064, 0.007012599542429256, 0.9999625865796902]], "center": [102659.88864274019, -59780.57573899505, 615.4367531933837]}}, {"key": 9, "value": {"rotation": [[0.9999836739394758, 0.0002716968969916216, 0.005707717171014975], [-0.00023255303864459876, 0.9999764593221689, -0.006857603122250482], [-0.005709445996973111, 0.006856163817635001, 0.9999601968299107]], "center": [102660.46908145874, -59787.65299644238, 615.3027161057474]}}], "structure": [], "control_points": []}