{"sfm_data_version": "0.3", "root_path": "/mnt/ST8000/jialei/SFM_E/ex_sea_12/6-1/images", "views": [{"key": 9, "value": {"polymorphic_id": 1073741824, "ptr_wrapper": {"id": 2147483649, "data": {"local_path": "", "filename": "104926_15025.847656.jpg", "width": 1920, "height": 1080, "id_view": 9, "id_intrinsic": 0, "id_pose": 9}}}}, {"key": 8, "value": {"polymorphic_id": 1073741824, "ptr_wrapper": {"id": 2147483650, "data": {"local_path": "", "filename": "104925_15025.748047.jpg", "width": 1920, "height": 1080, "id_view": 8, "id_intrinsic": 0, "id_pose": 8}}}}, {"key": 7, "value": {"polymorphic_id": 1073741824, "ptr_wrapper": {"id": 2147483651, "data": {"local_path": "", "filename": "104924_15025.647461.jpg", "width": 1920, "height": 1080, "id_view": 7, "id_intrinsic": 0, "id_pose": 7}}}}, {"key": 6, "value": {"polymorphic_id": 1073741824, "ptr_wrapper": {"id": 2147483652, "data": {"local_path": "", "filename": "104923_15025.547852.jpg", "width": 1920, "height": 1080, "id_view": 6, "id_intrinsic": 0, "id_pose": 6}}}}, {"key": 5, "value": {"polymorphic_id": 1073741824, "ptr_wrapper": {"id": 2147483653, "data": {"local_path": "", "filename": "104922_15025.447266.jpg", "width": 1920, "height": 1080, "id_view": 5, "id_intrinsic": 0, "id_pose": 5}}}}, {"key": 4, "value": {"polymorphic_id": 1073741824, "ptr_wrapper": {"id": 2147483654, "data": {"local_path": "", "filename": "104921_15025.347656.jpg", "width": 1920, "height": 1080, "id_view": 4, "id_intrinsic": 0, "id_pose": 4}}}}, {"key": 3, "value": {"polymorphic_id": 1073741824, "ptr_wrapper": {"id": 2147483655, "data": {"local_path": "", "filename": "104920_15025.280047.jpg", "width": 1920, "height": 1080, "id_view": 3, "id_intrinsic": 0, "id_pose": 3}}}}, {"key": 2, "value": {"polymorphic_id": 1073741824, "ptr_wrapper": {"id": 2147483656, "data": {"local_path": "", "filename": "104919_15025.248047.jpg", "width": 1920, "height": 1080, "id_view": 2, "id_intrinsic": 0, "id_pose": 2}}}}, {"key": 1, "value": {"polymorphic_id": 1073741824, "ptr_wrapper": {"id": 2147483657, "data": {"local_path": "", "filename": "104918_15025.147461.jpg", "width": 1920, "height": 1080, "id_view": 1, "id_intrinsic": 0, "id_pose": 1}}}}, {"key": 0, "value": {"polymorphic_id": 1073741824, "ptr_wrapper": {"id": 2147483658, "data": {"local_path": "", "filename": "104917_15025.047852.jpg", "width": 1920, "height": 1080, "id_view": 0, "id_intrinsic": 0, "id_pose": 0}}}}], "intrinsics": [{"key": 0, "value": {"polymorphic_id": 2147483649, "polymorphic_name": "pinhole_radial_k3", "ptr_wrapper": {"id": 2147483659, "data": {"width": 1920, "height": 1080, "focal_length": 1739.13, "principal_point": [960.0, 540.0], "disto_k3": [0.0, 0.0, 0.0]}}}}], "extrinsics": [{"key": 0, "value": {"rotation": [[0.9999989941136707, -0.0007609286483530335, 0.0011969792140734013], [0.0007616270933124236, 0.9999995399249005, -0.0005831587760424152], [-0.0011965349211538379, 0.0005840698412505515, 0.9999991135829086]], "center": [0.00021154265578228452, -0.0016785637021024052, 0.001628141377168813]}}, {"key": 1, "value": {"rotation": [[0.9999998274423398, 0.00029294220673618164, 0.0005092152335800662], [-0.0002930824954190753, 0.9999999191157999, 0.00027544699058074313], [-0.0005091345023433326, -0.00027559618512163137, 0.9999998324143866]], "center": [0.0007896300412540883, -0.011321111452820085, 0.0017348614076981136]}}, {"key": 2, "value": {"rotation": [[0.9999986836667332, 0.00041770169646686007, 0.0015678616308320193], [-0.00042089215285039187, 0.9999978405427591, 0.002035131350487589], [-0.001567008167284272, -0.0020357885722336864, 0.9999967000197015]], "center": [0.0016370044739922405, -0.02282641238492145, 0.0009644259393417445]}}, {"key": 3, "value": {"rotation": [[0.9999973478790916, 0.00011405404674099958, 0.0023002666058011796], [-0.00011911603982189473, 0.9999975715945643, 0.002200594543019178], [-0.0023000100331084135, -0.002200862705425054, 0.9999949330657629]], "center": [0.001922614293942788, -0.03293578044866195, 0.0007139409217719802]}}, {"key": 4, "value": {"rotation": [[0.9999928371744494, -0.001131263722469053, 0.003611902848290054], [0.0011256960825887805, 0.9999981757758113, 0.0015431310310242844], [-0.0036136419475239563, -0.0015390540729589527, 0.9999922864224682]], "center": [0.002974867248718851, -0.042535015814054514, 0.00029961751707522505]}}, {"key": 5, "value": {"rotation": [[0.9999932519637289, 0.0007514704667466344, 0.003596014341462256], [-0.0007169286896655896, 0.9999536884251485, -0.009597240134222983], [-0.003603059846898118, 0.009594597285848556, 0.9999474794521271]], "center": [0.004963959514539047, -0.04313854466801652, 0.01175595719822724]}}, {"key": 6, "value": {"rotation": [[0.9999897271331454, 0.00020435421668929193, 0.004528119646363965], [-0.00016192920631338725, 0.9999561097729436, -0.009367620118910232], [-0.004529835218836258, 0.009366790651775531, 0.9999458704478837]], "center": [0.0051614464991773055, -0.052990161535452204, 0.011412646154450291]}}, {"key": 7, "value": {"rotation": [[0.9999863674877693, 0.0003301199398394339, 0.005211128423042718], [-0.00028450674712580276, 0.99996166571699, -0.008751351462087465], [-0.00521381765378923, 0.008749749557985142, 0.9999481276487024]], "center": [0.00533534827230236, -0.06337650629409965, 0.010873786087198828]}}, {"key": 8, "value": {"rotation": [[0.9999819848541541, -0.0002823089691160178, 0.005995854300448902], [0.0003289774603017711, 0.999969650873984, -0.007783900358585883], [-0.005993474866625338, 0.007785732631405791, 0.9999517291481702]], "center": [0.0068778700001088915, -0.07409886174577855, 0.010640009768846876]}}, {"key": 9, "value": {"rotation": [[0.9999776969227052, -0.0006805861447811175, 0.006643979203883184], [0.000731244314643186, 0.9999706601905693, -0.007625223917281328], [-0.0066385946490506165, 0.007629912223342353, 0.9999488554423921]], "center": [0.007719031164510705, -0.08447493273512229, 0.010452273303748674]}}], "structure": [], "control_points": []}