{"sfm_data_version": "0.3", "root_path": "/mnt/ST8000/jialei/SFM_E/ex_sea_12/6-1/images", "views": [{"key": 9, "value": {"polymorphic_id": 1073741824, "ptr_wrapper": {"id": 2147483649, "data": {"local_path": "", "filename": "104926_15025.847656.jpg", "width": 1920, "height": 1080, "id_view": 9, "id_intrinsic": 0, "id_pose": 9}}}}, {"key": 8, "value": {"polymorphic_id": 1073741824, "ptr_wrapper": {"id": 2147483650, "data": {"local_path": "", "filename": "104925_15025.748047.jpg", "width": 1920, "height": 1080, "id_view": 8, "id_intrinsic": 0, "id_pose": 8}}}}, {"key": 7, "value": {"polymorphic_id": 1073741824, "ptr_wrapper": {"id": 2147483651, "data": {"local_path": "", "filename": "104924_15025.647461.jpg", "width": 1920, "height": 1080, "id_view": 7, "id_intrinsic": 0, "id_pose": 7}}}}, {"key": 6, "value": {"polymorphic_id": 1073741824, "ptr_wrapper": {"id": 2147483652, "data": {"local_path": "", "filename": "104923_15025.547852.jpg", "width": 1920, "height": 1080, "id_view": 6, "id_intrinsic": 0, "id_pose": 6}}}}, {"key": 5, "value": {"polymorphic_id": 1073741824, "ptr_wrapper": {"id": 2147483653, "data": {"local_path": "", "filename": "104922_15025.447266.jpg", "width": 1920, "height": 1080, "id_view": 5, "id_intrinsic": 0, "id_pose": 5}}}}, {"key": 4, "value": {"polymorphic_id": 1073741824, "ptr_wrapper": {"id": 2147483654, "data": {"local_path": "", "filename": "104921_15025.347656.jpg", "width": 1920, "height": 1080, "id_view": 4, "id_intrinsic": 0, "id_pose": 4}}}}, {"key": 3, "value": {"polymorphic_id": 1073741824, "ptr_wrapper": {"id": 2147483655, "data": {"local_path": "", "filename": "104920_15025.280047.jpg", "width": 1920, "height": 1080, "id_view": 3, "id_intrinsic": 0, "id_pose": 3}}}}, {"key": 2, "value": {"polymorphic_id": 1073741824, "ptr_wrapper": {"id": 2147483656, "data": {"local_path": "", "filename": "104919_15025.248047.jpg", "width": 1920, "height": 1080, "id_view": 2, "id_intrinsic": 0, "id_pose": 2}}}}, {"key": 1, "value": {"polymorphic_id": 1073741824, "ptr_wrapper": {"id": 2147483657, "data": {"local_path": "", "filename": "104918_15025.147461.jpg", "width": 1920, "height": 1080, "id_view": 1, "id_intrinsic": 0, "id_pose": 1}}}}, {"key": 0, "value": {"polymorphic_id": 1073741824, "ptr_wrapper": {"id": 2147483658, "data": {"local_path": "", "filename": "104917_15025.047852.jpg", "width": 1920, "height": 1080, "id_view": 0, "id_intrinsic": 0, "id_pose": 0}}}}], "intrinsics": [{"key": 0, "value": {"polymorphic_id": 2147483649, "polymorphic_name": "pinhole_radial_k3", "ptr_wrapper": {"id": 2147483659, "data": {"width": 1920, "height": 1080, "focal_length": 1739.13, "principal_point": [960.0, 540.0], "disto_k3": [0.0, 0.0, 0.0]}}}}], "extrinsics": [{"key": 0, "value": {"rotation": [[0.9999999913756756, 7.628425917454358e-05, 0.00010690818665453043], [-7.629051700960496e-05, 0.9999999953768919, 5.853181101817977e-05], [-0.00010690372110443988, -5.853996659421524e-05, 0.9999999925723334]], "center": [102655.28827466616, -59731.17478770928, 609.3316322083673]}}, {"key": 1, "value": {"rotation": [[0.9999993062311491, 0.000980593992274652, -0.0006526657974250272], [-0.000979994525054733, 0.9999990982802255, 0.0009181772523869512], [0.0006535655680008932, -0.0009175370064760223, 0.9999993654887438]], "center": [102655.69938980901, -59737.519192232845, 609.4777211084573]}}, {"key": 2, "value": {"rotation": [[0.9999995369401382, 0.0008196606963210848, 0.0005042577236203767], [-0.0008210236048596692, 0.9999959948090854, 0.002708557924039703], [-0.000502035605497932, -0.002708970677309271, 0.9999962047118582]], "center": [102656.15466003063, -59745.250235707485, 609.2694487408297]}}, {"key": 3, "value": {"rotation": [[0.99999900499731, 0.0004975937263186123, 0.0013200018460217482], [-0.0005014335398364556, 0.9999956396077784, 0.002910211304250822], [-0.0013185479874087535, -0.002910870301781, 0.9999948941196106]], "center": [102656.30412635123, -59752.00284917775, 609.2394252554556]}}, {"key": 4, "value": {"rotation": [[0.9999959402962465, -0.0006056164262327683, 0.0027843526661765396], [0.000599222106215434, 0.999997182862407, 0.0022967803807507838], [-0.002785735790198037, -0.002295102610833762, 0.9999934860688409]], "center": [102656.93719796109, -59758.36565050473, 609.1806268650039]}}, {"key": 5, "value": {"rotation": [[0.9999935152459991, -0.0006812766195788574, 0.0035362873352063296], [0.0006714196544067199, 0.9999958886305289, 0.0027878159349161804], [-0.0035381720700387097, -0.0027854235237951015, 0.9999898613257017]], "center": [102656.99062282589, -59765.20276647227, 609.0247230536529]}}, {"key": 6, "value": {"rotation": [[0.9999887546075691, -0.0012643578196131868, 0.004570783051796193], [0.0012504365175398408, 0.9999945751991403, 0.0030472907323386544], [-0.00457461112207444, -0.003041540990316748, 0.999984910866902]], "center": [102657.07630048346, -59771.78028879582, 608.981377791792]}}, {"key": 7, "value": {"rotation": [[0.9999851832457275, -0.001241758299736552, 0.005300125030011888], [0.0012222538926402455, 0.999992475768037, 0.0036816440261070284], [-0.005304656862667863, -0.003675111377642672, 0.9999791768691643]], "center": [102657.14489457806, -59778.72722321748, 608.7751314070632]}}, {"key": 8, "value": {"rotation": [[0.9999787770962102, -0.002008498771129798, 0.006197684233143783], [0.001979632755229153, 0.9999871818361257, 0.004660173558895413], [-0.006206964743078007, -0.0046478055177657475, 0.9999699352943303]], "center": [102658.12639784838, -59785.836366018215, 608.8361469915932]}}, {"key": 9, "value": {"rotation": [[0.9999731903384154, -0.002425369091648883, 0.0069091380924037465], [0.002391978673104108, 0.9999854410141833, 0.0048369616184077355], [-0.006920768919567125, -0.004820305430137027, 0.9999644331740614]], "center": [102658.66133072015, -59792.698485353234, 608.8450339065457]}}], "structure": [], "control_points": []}