{"sfm_data_version": "0.3", "root_path": "/mnt/ST8000/jialei/SFM_E/ex_sea_12/6-1/images", "views": [{"key": 9, "value": {"polymorphic_id": 1073741824, "ptr_wrapper": {"id": 2147483649, "data": {"local_path": "", "filename": "104926_15025.847656.jpg", "width": 1920, "height": 1080, "id_view": 9, "id_intrinsic": 0, "id_pose": 9}}}}, {"key": 8, "value": {"polymorphic_id": 1073741824, "ptr_wrapper": {"id": 2147483650, "data": {"local_path": "", "filename": "104925_15025.748047.jpg", "width": 1920, "height": 1080, "id_view": 8, "id_intrinsic": 0, "id_pose": 8}}}}, {"key": 7, "value": {"polymorphic_id": 1073741824, "ptr_wrapper": {"id": 2147483651, "data": {"local_path": "", "filename": "104924_15025.647461.jpg", "width": 1920, "height": 1080, "id_view": 7, "id_intrinsic": 0, "id_pose": 7}}}}, {"key": 6, "value": {"polymorphic_id": 1073741824, "ptr_wrapper": {"id": 2147483652, "data": {"local_path": "", "filename": "104923_15025.547852.jpg", "width": 1920, "height": 1080, "id_view": 6, "id_intrinsic": 0, "id_pose": 6}}}}, {"key": 5, "value": {"polymorphic_id": 1073741824, "ptr_wrapper": {"id": 2147483653, "data": {"local_path": "", "filename": "104922_15025.447266.jpg", "width": 1920, "height": 1080, "id_view": 5, "id_intrinsic": 0, "id_pose": 5}}}}, {"key": 4, "value": {"polymorphic_id": 1073741824, "ptr_wrapper": {"id": 2147483654, "data": {"local_path": "", "filename": "104921_15025.347656.jpg", "width": 1920, "height": 1080, "id_view": 4, "id_intrinsic": 0, "id_pose": 4}}}}, {"key": 3, "value": {"polymorphic_id": 1073741824, "ptr_wrapper": {"id": 2147483655, "data": {"local_path": "", "filename": "104920_15025.280047.jpg", "width": 1920, "height": 1080, "id_view": 3, "id_intrinsic": 0, "id_pose": 3}}}}, {"key": 2, "value": {"polymorphic_id": 1073741824, "ptr_wrapper": {"id": 2147483656, "data": {"local_path": "", "filename": "104919_15025.248047.jpg", "width": 1920, "height": 1080, "id_view": 2, "id_intrinsic": 0, "id_pose": 2}}}}, {"key": 1, "value": {"polymorphic_id": 1073741824, "ptr_wrapper": {"id": 2147483657, "data": {"local_path": "", "filename": "104918_15025.147461.jpg", "width": 1920, "height": 1080, "id_view": 1, "id_intrinsic": 0, "id_pose": 1}}}}, {"key": 0, "value": {"polymorphic_id": 1073741824, "ptr_wrapper": {"id": 2147483658, "data": {"local_path": "", "filename": "104917_15025.047852.jpg", "width": 1920, "height": 1080, "id_view": 0, "id_intrinsic": 0, "id_pose": 0}}}}], "intrinsics": [{"key": 0, "value": {"polymorphic_id": 2147483649, "polymorphic_name": "pinhole_radial_k3", "ptr_wrapper": {"id": 2147483659, "data": {"width": 1920, "height": 1080, "focal_length": 1739.13, "principal_point": [960.0, 540.0], "disto_k3": [0.0, 0.0, 0.0]}}}}], "extrinsics": [{"key": 0, "value": {"rotation": [[0.9999990358719724, -0.0008206807516556147, 0.0011201509851399476], [0.0008214047073959249, 0.9999994539922553, -0.000645994967322246], [-0.001119620217893476, 0.0006469144417925991, 0.9999991639757868]], "center": [0.0005294955697372373, -0.00144538891093315, 0.001337153374263653]}}, {"key": 1, "value": {"rotation": [[0.9999999317694089, 8.30932352953428e-05, 0.0003599398447508729], [-8.316981050854037e-05, 0.999999973913358, 0.00021273473115412497], [-0.0003599221585441819, -0.00021276465276778739, 0.9999999125936173]], "center": [0.0011504621492803605, -0.011166845806014056, 0.001568480576981297]}}, {"key": 2, "value": {"rotation": [[0.9999988464247516, -7.702411701422256e-05, 0.0015169760879332377], [7.398512381985905e-05, 0.999997990701091, 0.0020032773103501296], [-0.0015171273405408467, -0.0020031627657552927, 0.9999968428267995]], "center": [0.0018377266177938942, -0.02301338803732728, 0.0012584122122451815]}}, {"key": 3, "value": {"rotation": [[0.9999971992706158, -0.0003985150081096232, 0.0023329459300156937], [0.00039337037017430515, 0.9999974910527442, 0.0022052546267565015], [-0.0023338189038429043, -0.0022043307386309763, 0.9999948470943831]], "center": [0.0020575004081536527, -0.03336014324046715, 0.0012199301726734837]}}, {"key": 4, "value": {"rotation": [[0.9999916612651265, -0.001500688800926833, 0.0037980696853671604], [0.0014946475932326724, 0.9999976142851088, 0.001592938373898964], [-0.003800451129034055, -0.001587248315093995, 0.9999915185710336]], "center": [0.0030188465560288197, -0.0431103146693496, 0.001137688625336893]}}, {"key": 5, "value": {"rotation": [[0.9999884068356204, -0.0015758163861479897, 0.004550054623276316], [0.001566346659356529, 0.9999966016460489, 0.0020840476233889393], [-0.004553323236974672, -0.002076896499823135, 0.9999874767957989]], "center": [0.003091542430198567, -0.05358655067961939, 0.0009062718298310273]}}, {"key": 6, "value": {"rotation": [[0.9999820751411986, -0.0021581632457249003, 0.005584955479368904], [0.002145099052331276, 0.9999949518367584, 0.0023441098642992147], [-0.005589986257355017, -0.0023320875637547053, 0.9999816565423774]], "center": [0.0032138392366842746, -0.06366495372462136, 0.0008470898178752741]}}, {"key": 7, "value": {"rotation": [[0.9999777854930467, -0.0021350460893590777, 0.00631427736311567], [0.0021162721816915375, 0.9999933251344486, 0.002978435596585624], [-0.006320594313436145, -0.0029650067025761987, 0.9999756291144192]], "center": [0.003309704815596472, -0.07430953147878137, 0.000538679012084222]}}, {"key": 8, "value": {"rotation": [[0.9999697820788039, -0.0029011472139541155, 0.007212369521307363], [0.002872654676400509, 0.9999880420206659, 0.003957735562968342], [-0.007223765249443814, -0.003936897321393572, 0.9999661584549256]], "center": [0.00480371367522365, -0.08520361474198525, 0.0006413658652966839]}}, {"key": 9, "value": {"rotation": [[0.9999631006152024, -0.0033175104214872887, 0.007924110841805948], [0.003284819626936975, 0.9999860560078758, 0.004134942542903607], [-0.007937718063045196, -0.004108760691248333, 0.9999600545609475]], "center": [0.005613897454732155, -0.09571864523203467, 0.0006632199462544785]}}], "structure": [], "control_points": []}