{"sfm_data_version": "0.3", "root_path": "/mnt/ST8000/jialei/SFM_E/ex_sea_12/1-3/images", "views": [{"key": 9, "value": {"polymorphic_id": 1073741824, "ptr_wrapper": {"id": 2147483649, "data": {"local_path": "", "filename": "051561_13000.366211.jpg", "width": 1920, "height": 1080, "id_view": 9, "id_intrinsic": 0, "id_pose": 9}}}}, {"key": 8, "value": {"polymorphic_id": 1073741824, "ptr_wrapper": {"id": 2147483650, "data": {"local_path": "", "filename": "051560_13000.298602.jpg", "width": 1920, "height": 1080, "id_view": 8, "id_intrinsic": 0, "id_pose": 8}}}}, {"key": 7, "value": {"polymorphic_id": 1073741824, "ptr_wrapper": {"id": 2147483651, "data": {"local_path": "", "filename": "051559_13000.166016.jpg", "width": 1920, "height": 1080, "id_view": 7, "id_intrinsic": 0, "id_pose": 7}}}}, {"key": 6, "value": {"polymorphic_id": 1073741824, "ptr_wrapper": {"id": 2147483652, "data": {"local_path": "", "filename": "051558_13000.098406.jpg", "width": 1920, "height": 1080, "id_view": 6, "id_intrinsic": 0, "id_pose": 6}}}}, {"key": 5, "value": {"polymorphic_id": 1073741824, "ptr_wrapper": {"id": 2147483653, "data": {"local_path": "", "filename": "051557_12999.965820.jpg", "width": 1920, "height": 1080, "id_view": 5, "id_intrinsic": 0, "id_pose": 5}}}}, {"key": 4, "value": {"polymorphic_id": 1073741824, "ptr_wrapper": {"id": 2147483654, "data": {"local_path": "", "filename": "051556_12999.898211.jpg", "width": 1920, "height": 1080, "id_view": 4, "id_intrinsic": 0, "id_pose": 4}}}}, {"key": 3, "value": {"polymorphic_id": 1073741824, "ptr_wrapper": {"id": 2147483655, "data": {"local_path": "", "filename": "051555_12999.766602.jpg", "width": 1920, "height": 1080, "id_view": 3, "id_intrinsic": 0, "id_pose": 3}}}}, {"key": 2, "value": {"polymorphic_id": 1073741824, "ptr_wrapper": {"id": 2147483656, "data": {"local_path": "", "filename": "051554_12999.698016.jpg", "width": 1920, "height": 1080, "id_view": 2, "id_intrinsic": 0, "id_pose": 2}}}}, {"key": 1, "value": {"polymorphic_id": 1073741824, "ptr_wrapper": {"id": 2147483657, "data": {"local_path": "", "filename": "051553_12999.598406.jpg", "width": 1920, "height": 1080, "id_view": 1, "id_intrinsic": 0, "id_pose": 1}}}}, {"key": 0, "value": {"polymorphic_id": 1073741824, "ptr_wrapper": {"id": 2147483658, "data": {"local_path": "", "filename": "051552_12999.465820.jpg", "width": 1920, "height": 1080, "id_view": 0, "id_intrinsic": 0, "id_pose": 0}}}}], "intrinsics": [{"key": 0, "value": {"polymorphic_id": 2147483649, "polymorphic_name": "pinhole_radial_k3", "ptr_wrapper": {"id": 2147483659, "data": {"width": 1920, "height": 1080, "focal_length": 1739.13, "principal_point": [960.0, 540.0], "disto_k3": [0.0, 0.0, 0.0]}}}}], "extrinsics": [{"key": 0, "value": {"rotation": [[0.9999999958203428, -8.325399692296197e-05, 3.7790022518853063e-05], [8.3254626728108e-05, 0.9999999963954785, -1.6664643739666023e-05], [-3.778863498443884e-05, 1.6667789864232635e-05, 0.9999999991471019]], "center": [102655.28827439772, -59731.17478745494, 609.331632146451]}}, {"key": 1, "value": {"rotation": [[0.9999991062229797, 0.001184125779932665, 0.0006208054271076928], [-0.0011855520359404421, 0.9999966473576652, 0.0023021163739707744], [-0.0006180773504222965, -0.0023028503135300534, 0.9999971574263711]], "center": [102655.62503540119, -59736.9978615242, 610.3271621411452]}}, {"key": 2, "value": {"rotation": [[0.9999999286794179, -0.00030305784263415155, 0.00022538212571146003], [0.0003030185368810468, 0.9999999388804998, 0.00017440975699458064], [-0.00022543496818087293, -0.00017434144959355325, 0.9999999593920661]], "center": [102655.60384659993, -59743.105692303005, 610.9729481241739]}}, {"key": 3, "value": {"rotation": [[0.9999982563112352, -0.0018665356625491597, -5.847314301061751e-05], [0.0018664010825335693, 0.9999957879086793, -0.002222771220648021], [6.262177846948948e-05, 0.0022226582104894637, 0.9999975279314403]], "center": [102655.84907737003, -59749.03721075362, 611.8675796289249]}}, {"key": 4, "value": {"rotation": [[0.9999944580217863, -0.0033166343514795973, 0.0002895898678766609], [0.0033179131583321794, 0.999984220904901, -0.004533143886093218], [-0.00027455051767769247, 0.004534079597541774, 0.999989683318891]], "center": [102655.41354483973, -59754.85082902198, 612.2523616503488]}}, {"key": 5, "value": {"rotation": [[0.9999890467635064, -0.004617961369838832, 0.0007620930385782832], [0.004622249780919436, 0.999972930690465, -0.0057247439493194035], [-0.0007356357628356752, 0.005728203829225728, 0.9999833231213983]], "center": [102655.42821987902, -59761.364072329154, 612.691178848976]}}, {"key": 6, "value": {"rotation": [[0.9999807382947401, -0.0061516068871861375, 0.0008250892137240762], [0.006157485455155961, 0.9999542340656686, -0.007322236476022911], [-0.0007800079324096907, 0.007327175912094843, 0.9999728516718731]], "center": [102655.4058075146, -59767.704280069076, 613.3240135693052]}}, {"key": 7, "value": {"rotation": [[0.9999724475648691, -0.007331137258743358, 0.001165563218586903], [0.0073412874668890415, 0.9999329395140925, -0.008956671984297811], [-0.0010998224636525281, 0.008964981940822505, 0.9999592089127178]], "center": [102654.83074123113, -59773.94315697661, 613.8251988426914]}}, {"key": 8, "value": {"rotation": [[0.9999652283766801, -0.008214254459036093, 0.0014380755385341518], [0.008229058608459175, 0.9999098469771764, -0.010610396434525174], [-0.001350789395452675, 0.01062186150170711, 0.9999426740699925]], "center": [102654.70042030702, -59777.571139600885, 614.1904127754557]}}, {"key": 9, "value": {"rotation": [[0.9999555709705316, -0.009412192216958873, 0.0005164519993485769], [0.00941798058223562, 0.9998753962397802, -0.012668608293530472], [-0.00039714827110724456, 0.012672909374460842, 0.9999196165898722]], "center": [102654.5821056771, -59783.603849108746, 615.1957527323357]}}], "structure": [], "control_points": []}