{"sfm_data_version": "0.3", "root_path": "/mnt/ST8000/jialei/SFM_E/ex_sea_12/1-3/images", "views": [{"key": 9, "value": {"polymorphic_id": 1073741824, "ptr_wrapper": {"id": 2147483649, "data": {"local_path": "", "filename": "051561_13000.366211.jpg", "width": 1920, "height": 1080, "id_view": 9, "id_intrinsic": 0, "id_pose": 9}}}}, {"key": 8, "value": {"polymorphic_id": 1073741824, "ptr_wrapper": {"id": 2147483650, "data": {"local_path": "", "filename": "051560_13000.298602.jpg", "width": 1920, "height": 1080, "id_view": 8, "id_intrinsic": 0, "id_pose": 8}}}}, {"key": 7, "value": {"polymorphic_id": 1073741824, "ptr_wrapper": {"id": 2147483651, "data": {"local_path": "", "filename": "051559_13000.166016.jpg", "width": 1920, "height": 1080, "id_view": 7, "id_intrinsic": 0, "id_pose": 7}}}}, {"key": 6, "value": {"polymorphic_id": 1073741824, "ptr_wrapper": {"id": 2147483652, "data": {"local_path": "", "filename": "051558_13000.098406.jpg", "width": 1920, "height": 1080, "id_view": 6, "id_intrinsic": 0, "id_pose": 6}}}}, {"key": 5, "value": {"polymorphic_id": 1073741824, "ptr_wrapper": {"id": 2147483653, "data": {"local_path": "", "filename": "051557_12999.965820.jpg", "width": 1920, "height": 1080, "id_view": 5, "id_intrinsic": 0, "id_pose": 5}}}}, {"key": 4, "value": {"polymorphic_id": 1073741824, "ptr_wrapper": {"id": 2147483654, "data": {"local_path": "", "filename": "051556_12999.898211.jpg", "width": 1920, "height": 1080, "id_view": 4, "id_intrinsic": 0, "id_pose": 4}}}}, {"key": 3, "value": {"polymorphic_id": 1073741824, "ptr_wrapper": {"id": 2147483655, "data": {"local_path": "", "filename": "051555_12999.766602.jpg", "width": 1920, "height": 1080, "id_view": 3, "id_intrinsic": 0, "id_pose": 3}}}}, {"key": 2, "value": {"polymorphic_id": 1073741824, "ptr_wrapper": {"id": 2147483656, "data": {"local_path": "", "filename": "051554_12999.698016.jpg", "width": 1920, "height": 1080, "id_view": 2, "id_intrinsic": 0, "id_pose": 2}}}}, {"key": 1, "value": {"polymorphic_id": 1073741824, "ptr_wrapper": {"id": 2147483657, "data": {"local_path": "", "filename": "051553_12999.598406.jpg", "width": 1920, "height": 1080, "id_view": 1, "id_intrinsic": 0, "id_pose": 1}}}}, {"key": 0, "value": {"polymorphic_id": 1073741824, "ptr_wrapper": {"id": 2147483658, "data": {"local_path": "", "filename": "051552_12999.465820.jpg", "width": 1920, "height": 1080, "id_view": 0, "id_intrinsic": 0, "id_pose": 0}}}}], "intrinsics": [{"key": 0, "value": {"polymorphic_id": 2147483649, "polymorphic_name": "pinhole_radial_k3", "ptr_wrapper": {"id": 2147483659, "data": {"width": 1920, "height": 1080, "focal_length": 1739.13, "principal_point": [960.0, 540.0], "disto_k3": [0.0, 0.0, 0.0]}}}}], "extrinsics": [{"key": 0, "value": {"rotation": [[0.9999987180693349, -0.001314063189033993, 0.0009149303918799366], [0.001314427205959042, 0.9999990571865086, -0.0003973754071875049], [-0.0009144073528764234, 0.00039857750717839293, 0.9999995024974582]], "center": [-3.6885151380956934e-05, -0.0013965942556647402, 0.0015429102516509303]}}, {"key": 1, "value": {"rotation": [[0.9999988777236218, -4.646073749964726e-05, 0.001497462151982852], [4.358513470245668e-05, 0.9999981552859704, 0.0019202929443848972], [-0.0014975486078198242, -0.0019202255221958794, 0.99999703503666]], "center": [0.0004716156954364469, -0.010404455490368784, 0.003086799341909147]}}, {"key": 2, "value": {"rotation": [[0.9999982158646015, -0.0015337951350625982, 0.0011026060481661097], [0.001534023290978762, 0.9999988021452353, -0.00020610831506867196], [-0.0011022885994732363, 0.00020779937070220374, 0.9999993708894345]], "center": [0.0004263302967665828, -0.019852336584230034, 0.0040893455841421265]}}, {"key": 3, "value": {"rotation": [[0.9999948674486729, -0.003097377992203548, 0.0008193447893810071], [0.0030995004035643814, 0.9999918115333291, -0.0026019153597835265], [-0.0008112789648304916, 0.0026044415648247606, 0.9999962793483664]], "center": [0.0007931718739784044, -0.029027837528522903, 0.005477092787347437]}}, {"key": 4, "value": {"rotation": [[0.9999889787371511, -0.0045473378895234525, 0.0011679564837188392], [0.004553021944181924, 0.9999775757373502, -0.0049110094306423985], [-0.0011455982738960474, 0.004916273036616856, 0.9999872588508435]], "center": [0.0001078458845400049, -0.03801996177270394, 0.006075152108728157]}}, {"key": 5, "value": {"rotation": [[0.9999815511309507, -0.005848476735407795, 0.0016409502163917877], [0.005858387780440886, 0.9999642250956278, -0.006101460605003839], [-0.0016052072611542855, 0.0061109613626521685, 0.999980039531226]], "center": [0.00011754738747969315, -0.04809517265250131, 0.006757822313236322]}}, {"key": 6, "value": {"rotation": [[0.9999712992866968, -0.007382086697073811, 0.0017045230626697267], [0.00739499910744984, 0.9999430288582677, -0.007697598713480159], [-0.001647601612982456, 0.007709982733433455, 0.9999689203046135]], "center": [6.994424076727356e-05, -0.05790252677303259, 0.007740469248227911]}}, {"key": 7, "value": {"rotation": [[0.9999612579050721, -0.008561475870253434, 0.0020454387860630446], [0.008580206360546495, 0.9999196531419986, -0.00933098704290949], [-0.0019653874210696994, 0.009348175827806, 0.9999543733895947]], "center": [-0.0008321964749739749, -0.06755215610178983, 0.008518655896497243]}}, {"key": 8, "value": {"rotation": [[0.9999527125732558, -0.009444479389248996, 0.002318280926136059], [0.009469397777424227, 0.9998948364379554, -0.010983923272077799], [-0.0022142996904996434, 0.011005356594860106, 0.9999369875162636]], "center": [-0.0010411967277656293, -0.07316387764747138, 0.009085571697843652]}}, {"key": 9, "value": {"rotation": [[0.9999423882587974, -0.010642756200004167, 0.0013971054929698785], [0.010660080288368312, 0.9998581364204182, -0.013041078258079179], [-0.0012581142780975262, 0.013055220195579956, 0.9999139854878057]], "center": [-0.0012370721244697987, -0.08249515510544009, 0.010644142014570271]}}], "structure": [], "control_points": []}