view_pair,residuals,rmse,a_R,b_R,a_t,b_t,distance
0 1,0.012009249999999999,0.0190397,"[[ 9.99998718e-01 -1.31406319e-03  9.14930392e-04]
 [ 1.31442721e-03  9.99999057e-01 -3.97375407e-04]
 [-9.14407353e-04  3.98577507e-04  9.99999502e-01]]","[[ 9.99998878e-01 -4.64607375e-05  1.49746215e-03]
 [ 4.35851347e-05  9.99998155e-01  1.92029294e-03]
 [-1.49754861e-03 -1.92022552e-03  9.99997035e-01]]",[-3.68851514e-05 -1.39659426e-03  1.54291025e-03],[ 0.00047162 -0.01040446  0.0030868 ],0.9425858094094228
1 2,0.00912575,0.0159996,"[[ 9.99996558e-01  2.52213302e-03  7.23391963e-04]
 [-2.52167770e-03  9.99996622e-01 -6.29654244e-04]
 [-7.24977591e-04  6.27827915e-04  9.99999540e-01]]","[[ 0.99999132  0.00401205  0.00112057]
 [-0.00401372  0.99999083  0.00149506]
 [-0.00111456 -0.00149955  0.99999825]]",[ 0.00128577  0.00176805 -0.00013482],[ 0.00125224 -0.00845325  0.00092541],1.0191114827869197
2 3,0.012542000000000001,0.0194145,"[[ 9.99998817e-01 -9.43723514e-04  1.21494008e-03]
 [ 9.44693314e-04  9.99999235e-01 -7.97901878e-04]
 [-1.21418615e-03  7.99048680e-04  9.99998944e-01]]","[[ 9.99998675e-01  6.22049600e-04  1.50437218e-03]
 [-6.24449160e-04  9.99998533e-01  1.59511409e-03]
 [-1.50337774e-03 -1.59605138e-03  9.99997596e-01]]",[ 5.92228404e-06 -1.63995533e-03  2.18425469e-03],[ 0.00039195 -0.01057689  0.00348842],0.9171575431121878
3 4,0.008926625,0.0157785,"[[ 9.99992546e-01 -3.82531254e-03  5.23763469e-04]
 [ 3.82561944e-03  9.99992510e-01 -5.86206441e-04]
 [-5.21517123e-04  5.88205791e-04  9.99999691e-01]]","[[ 9.99997168e-01 -2.37286088e-03  1.84806603e-04]
 [ 2.37253884e-03  9.99995700e-01  1.72370648e-03]
 [-1.88895924e-04 -1.72326314e-03  9.99998497e-01]]",[-0.00050201 -0.0034954   0.00131487],[-0.00111902 -0.01215797  0.0018255 ],0.9068700621782758
4 5,0.0106511,0.0204456,"[[ 9.99992502e-01  3.86725788e-03  2.00065225e-04]
 [-3.86719617e-03  9.99992475e-01 -3.07927265e-04]
 [-2.01254553e-04  3.07151265e-04  9.99999933e-01]]","[[ 9.99986599e-01  5.17021201e-03 -2.66358669e-04]
 [-5.16997444e-03  9.99986244e-01  8.85031535e-04]
 [ 2.70930806e-04 -8.83642607e-04  9.99999573e-01]]",[ 0.00198689  0.00332157 -0.00183095],[ 0.0020576  -0.00816335 -0.00110501],1.0737068987283878
5 6,0.009622954999999999,0.0183407,"[[ 9.99999860e-01 -1.31151948e-04  5.12962874e-04]
 [ 1.31381557e-04  9.99999891e-01 -4.47604837e-04]
 [-5.12904114e-04  4.47672168e-04  9.99999768e-01]]","[[ 9.99998907e-01  1.40518210e-03  4.60488697e-04]
 [-1.40571006e-03  9.99998353e-01  1.14821005e-03]
 [-4.58874495e-04 -1.14885610e-03  9.99999235e-01]]",[-2.36654082e-05 -5.73172185e-04  9.58080563e-04],[ 3.00042776e-06 -1.04013953e-02  1.86488055e-03],0.943559488213857
6 7,0.012166449999999999,0.0205424,"[[ 9.99999683e-01  3.25696520e-04  7.26817011e-04]
 [-3.25339686e-04  9.99999827e-01 -4.91019073e-04]
 [-7.26976808e-04  4.90782455e-04  9.99999615e-01]]","[[ 9.99998783e-01  1.50829936e-03  3.99319533e-04]
 [-1.50875549e-03  9.99998207e-01  1.14443386e-03]
 [-3.97592668e-04 -1.14503494e-03  9.99999265e-01]]",[ 0.00050328 -0.00029002  0.00050822],[-0.00034804 -0.01018712  0.00120828],0.9654881363932503
7 8,0.0105101,0.0178884,"[[ 9.99998637e-01 -1.62687747e-03  2.82463802e-04]
 [ 1.62690098e-03  9.99998673e-01 -8.30209023e-05]
 [-2.82328362e-04  8.34803297e-05  9.99999957e-01]]","[[ 9.99999726e-01 -7.40033163e-04  2.51746392e-05]
 [ 7.39992667e-04  9.99998490e-01  1.57225938e-03]
 [-2.63381252e-05 -1.57224032e-03  9.99998764e-01]]",[-0.00057551 -0.00125379  0.00087305],[-0.00072172 -0.00685414  0.00132625],0.9381744568739462
8 9,0.01157915,0.0240794,"[[ 9.99998734e-01 -1.58081602e-03  1.82709188e-04]
 [ 1.58084151e-03  9.99998741e-01 -1.39445738e-04]
 [-1.82488520e-04  1.39734395e-04  9.99999974e-01]]","[[ 9.99999295e-01 -3.79505951e-04  1.12556431e-03]
 [ 3.77358266e-04  9.99998109e-01  1.90769438e-03]
 [-1.12628616e-03 -1.90726830e-03  9.99997547e-01]]",[-0.00037073 -0.00160007  0.00086132],[-0.00048663 -0.01089852  0.0022611 ],0.9372547991994762
