{"sfm_data_version": "0.3", "root_path": "/mnt/ST8000/jialei/SFM_E/ex_sea_12/6-1/images", "views": [{"key": 9, "value": {"polymorphic_id": 1073741824, "ptr_wrapper": {"id": 2147483649, "data": {"local_path": "", "filename": "104926_15025.847656.jpg", "width": 1920, "height": 1080, "id_view": 9, "id_intrinsic": 0, "id_pose": 9}}}}, {"key": 8, "value": {"polymorphic_id": 1073741824, "ptr_wrapper": {"id": 2147483650, "data": {"local_path": "", "filename": "104925_15025.748047.jpg", "width": 1920, "height": 1080, "id_view": 8, "id_intrinsic": 0, "id_pose": 8}}}}, {"key": 7, "value": {"polymorphic_id": 1073741824, "ptr_wrapper": {"id": 2147483651, "data": {"local_path": "", "filename": "104924_15025.647461.jpg", "width": 1920, "height": 1080, "id_view": 7, "id_intrinsic": 0, "id_pose": 7}}}}, {"key": 6, "value": {"polymorphic_id": 1073741824, "ptr_wrapper": {"id": 2147483652, "data": {"local_path": "", "filename": "104923_15025.547852.jpg", "width": 1920, "height": 1080, "id_view": 6, "id_intrinsic": 0, "id_pose": 6}}}}, {"key": 5, "value": {"polymorphic_id": 1073741824, "ptr_wrapper": {"id": 2147483653, "data": {"local_path": "", "filename": "104922_15025.447266.jpg", "width": 1920, "height": 1080, "id_view": 5, "id_intrinsic": 0, "id_pose": 5}}}}, {"key": 4, "value": {"polymorphic_id": 1073741824, "ptr_wrapper": {"id": 2147483654, "data": {"local_path": "", "filename": "104921_15025.347656.jpg", "width": 1920, "height": 1080, "id_view": 4, "id_intrinsic": 0, "id_pose": 4}}}}, {"key": 3, "value": {"polymorphic_id": 1073741824, "ptr_wrapper": {"id": 2147483655, "data": {"local_path": "", "filename": "104920_15025.280047.jpg", "width": 1920, "height": 1080, "id_view": 3, "id_intrinsic": 0, "id_pose": 3}}}}, {"key": 2, "value": {"polymorphic_id": 1073741824, "ptr_wrapper": {"id": 2147483656, "data": {"local_path": "", "filename": "104919_15025.248047.jpg", "width": 1920, "height": 1080, "id_view": 2, "id_intrinsic": 0, "id_pose": 2}}}}, {"key": 1, "value": {"polymorphic_id": 1073741824, "ptr_wrapper": {"id": 2147483657, "data": {"local_path": "", "filename": "104918_15025.147461.jpg", "width": 1920, "height": 1080, "id_view": 1, "id_intrinsic": 0, "id_pose": 1}}}}, {"key": 0, "value": {"polymorphic_id": 1073741824, "ptr_wrapper": {"id": 2147483658, "data": {"local_path": "", "filename": "104917_15025.047852.jpg", "width": 1920, "height": 1080, "id_view": 0, "id_intrinsic": 0, "id_pose": 0}}}}], "intrinsics": [{"key": 0, "value": {"polymorphic_id": 2147483649, "polymorphic_name": "pinhole_radial_k3", "ptr_wrapper": {"id": 2147483659, "data": {"width": 1920, "height": 1080, "focal_length": 1739.13, "principal_point": [960.0, 540.0], "disto_k3": [0.0, 0.0, 0.0]}}}}], "extrinsics": [{"key": 0, "value": {"rotation": [[0.9999990256379242, -0.0008776054710573947, 0.0010856020631113666], [0.0008783770846836352, 0.9999993618231099, -0.0007104977621762083], [-0.001084977833581961, 0.0007114506378694519, 0.999999158330191]], "center": [0.0006746452569375628, -0.0013954088521468662, 0.0011616433871272543]}}, {"key": 1, "value": {"rotation": [[0.9999999561632168, -2.6941055754282882e-05, 0.00029486902851252715], [2.6887264446405747e-05, 0.9999999829987593, 0.00018242685161299826], [-0.00029487393827136704, -0.00018241891539444715, 0.9999999398863482]], "center": [0.0012485282573989063, -0.010671001273694178, 0.0014432117810701229]}}, {"key": 2, "value": {"rotation": [[0.9999988390939324, -0.00028635704765262024, 0.001496599622025051], [0.00028331188859523777, 0.9999978901993246, 0.0020345346576216795], [-0.0014971790678360852, -0.0020341082912526684, 0.9999968104240625]], "center": [0.0018157922000424955, -0.02221499739804533, 0.0013142856112481156]}}, {"key": 3, "value": {"rotation": [[0.999997064090619, -0.0006170107896071713, 0.002343311295503978], [0.0006117523129840337, 0.999997294903868, 0.0022440909191605227], [-0.0023446895849316765, -0.0022426508046078653, 0.9999947364602072]], "center": [0.001975931976536553, -0.03218889288694658, 0.0013670803201080303]}}, {"key": 4, "value": {"rotation": [[0.9999910936893854, -0.0016745588892936793, 0.0038740669112023542], [0.0016683320385403185, 0.9999973122967033, 0.0016099899310455567], [-0.003876752521810698, -0.0016035123620277401, 0.9999911997302726]], "center": [0.002804155962883302, -0.04152860226470995, 0.0014140145182717592]}}, {"key": 5, "value": {"rotation": [[0.9999876067195764, -0.0017745532656372252, 0.004651598430733263], [0.00176469727378962, 0.9999961912847427, 0.0021220884852051103], [-0.004655346473170783, -0.0021138535224979912, 0.9999869296008327]], "center": [0.002811473435534491, -0.05165625097310268, 0.0012737606894868754]}}, {"key": 6, "value": {"rotation": [[0.9999807970007085, -0.0023709166877720696, 0.005725764917183541], [0.0023573128539452633, 0.9999943858005169, 0.0023814792786270265], [-0.005731379060560432, -0.002367936127844243, 0.9999807719014199]], "center": [0.002866557536591812, -0.06137173059590085, 0.0013321542491130855]}}, {"key": 7, "value": {"rotation": [[0.9999761409837882, -0.0023812639892801094, 0.006484369281879723], [0.002361591675243047, 0.9999925913019138, 0.003039774011665207], [-0.006491559745535005, -0.0030243880531325637, 0.9999743560356812]], "center": [0.0028626356426814195, -0.07166872520753408, 0.0011270725296198937]}}, {"key": 8, "value": {"rotation": [[0.9999672889879307, -0.00319893403766704, 0.0074288474981380245], [0.0031688887731262435, 0.9999867669593098, 0.004052659646451415], [-0.007441713382782964, -0.0040289858884187835, 0.9999641934462657]], "center": [0.00424615434532984, -0.08221790511183831, 0.0013596355140243796]}}, {"key": 9, "value": {"rotation": [[0.9999600205034909, -0.0036216792764090025, 0.00817562437225522], [0.0035871513336681203, 0.9999846026774162, 0.004233999692841667], [-0.008190832678473378, -0.004204503217795299, 0.999957615308132]], "center": [0.004975794116759052, -0.09232825097086407, 0.0014586013237381766]}}], "structure": [], "control_points": []}