{"sfm_data_version": "0.3", "root_path": "/mnt/ST8000/jialei/SFM_E/ex_sea_12/6-1/images", "views": [{"key": 9, "value": {"polymorphic_id": 1073741824, "ptr_wrapper": {"id": 2147483649, "data": {"local_path": "", "filename": "104926_15025.847656.jpg", "width": 1920, "height": 1080, "id_view": 9, "id_intrinsic": 0, "id_pose": 9}}}}, {"key": 8, "value": {"polymorphic_id": 1073741824, "ptr_wrapper": {"id": 2147483650, "data": {"local_path": "", "filename": "104925_15025.748047.jpg", "width": 1920, "height": 1080, "id_view": 8, "id_intrinsic": 0, "id_pose": 8}}}}, {"key": 7, "value": {"polymorphic_id": 1073741824, "ptr_wrapper": {"id": 2147483651, "data": {"local_path": "", "filename": "104924_15025.647461.jpg", "width": 1920, "height": 1080, "id_view": 7, "id_intrinsic": 0, "id_pose": 7}}}}, {"key": 6, "value": {"polymorphic_id": 1073741824, "ptr_wrapper": {"id": 2147483652, "data": {"local_path": "", "filename": "104923_15025.547852.jpg", "width": 1920, "height": 1080, "id_view": 6, "id_intrinsic": 0, "id_pose": 6}}}}, {"key": 5, "value": {"polymorphic_id": 1073741824, "ptr_wrapper": {"id": 2147483653, "data": {"local_path": "", "filename": "104922_15025.447266.jpg", "width": 1920, "height": 1080, "id_view": 5, "id_intrinsic": 0, "id_pose": 5}}}}, {"key": 4, "value": {"polymorphic_id": 1073741824, "ptr_wrapper": {"id": 2147483654, "data": {"local_path": "", "filename": "104921_15025.347656.jpg", "width": 1920, "height": 1080, "id_view": 4, "id_intrinsic": 0, "id_pose": 4}}}}, {"key": 3, "value": {"polymorphic_id": 1073741824, "ptr_wrapper": {"id": 2147483655, "data": {"local_path": "", "filename": "104920_15025.280047.jpg", "width": 1920, "height": 1080, "id_view": 3, "id_intrinsic": 0, "id_pose": 3}}}}, {"key": 2, "value": {"polymorphic_id": 1073741824, "ptr_wrapper": {"id": 2147483656, "data": {"local_path": "", "filename": "104919_15025.248047.jpg", "width": 1920, "height": 1080, "id_view": 2, "id_intrinsic": 0, "id_pose": 2}}}}, {"key": 1, "value": {"polymorphic_id": 1073741824, "ptr_wrapper": {"id": 2147483657, "data": {"local_path": "", "filename": "104918_15025.147461.jpg", "width": 1920, "height": 1080, "id_view": 1, "id_intrinsic": 0, "id_pose": 1}}}}, {"key": 0, "value": {"polymorphic_id": 1073741824, "ptr_wrapper": {"id": 2147483658, "data": {"local_path": "", "filename": "104917_15025.047852.jpg", "width": 1920, "height": 1080, "id_view": 0, "id_intrinsic": 0, "id_pose": 0}}}}], "intrinsics": [{"key": 0, "value": {"polymorphic_id": 2147483649, "polymorphic_name": "pinhole_radial_k3", "ptr_wrapper": {"id": 2147483659, "data": {"width": 1920, "height": 1080, "focal_length": 1739.13, "principal_point": [960.0, 540.0], "disto_k3": [0.0, 0.0, 0.0]}}}}], "extrinsics": [{"key": 0, "value": {"rotation": [[0.9999999985871885, -3.742397466385116e-05, 3.7750090621288505e-05], [3.742664289554142e-05, 0.9999999968015634, -7.06832346060958e-05], [-3.7747445252965536e-05, 7.06846473653941e-05, 0.9999999967894057]], "center": [102655.28827440417, -59731.17478741883, 609.331632163593]}}, {"key": 1, "value": {"rotation": [[0.999999385826287, 0.0008137467017550783, -0.000752438272666108], [-0.0008131272997972819, 0.9999993306379198, 0.0008231328608705486], [0.0007531075906631049, -0.0008225205272230641, 0.9999993781442764]], "center": [102655.66499684866, -59737.17888115613, 609.5096611644476]}}, {"key": 2, "value": {"rotation": [[0.999999745927839, 0.0005535609834703728, 0.00044912636829495627], [-0.0005547604580244502, 0.9999962683828648, 0.002674969379147458], [-0.00044764393364705096, -0.0026752178570619944, 0.9999963214053972]], "center": [102656.03838995301, -59744.651194737766, 609.421031942076]}}, {"key": 3, "value": {"rotation": [[0.9999991359515347, 0.0002223641618611158, 0.0012956274013691212], [-0.00022610025076996024, 0.9999958151801892, 0.0028841811289950217], [-0.0012949806408825346, -0.0028844715786030843, 0.9999950014119333]], "center": [102656.14751226828, -59751.10744544716, 609.450961730687]}}, {"key": 4, "value": {"rotation": [[0.999995658082316, -0.0008361678276230893, 0.0028257105087518075], [0.0008298140783898905, 0.9999971267579527, 0.002248974084696744], [-0.002827582909576384, -0.0022466195054747784, 0.9999934787165804]], "center": [102656.68875074372, -59757.15280783672, 609.476908005195]}}, {"key": 5, "value": {"rotation": [[0.9999930698508387, -0.0009366625867533185, 0.0036031810243136553], [0.000926716759836459, 0.9999957591096694, 0.00276097061229377], [-0.003605751841493788, -0.0027576123501116784, 0.9999896970108166]], "center": [102656.69890062751, -59763.708589520546, 609.3819132007087]}}, {"key": 6, "value": {"rotation": [[0.9999878867478449, -0.0015337187116123117, 0.00467697172242763], [0.0015196051194145265, 0.9999942859707535, 0.0030197394130930793], [-0.004681576428916519, -0.003012595684055427, 0.9999845034346211]], "center": [102656.73988142854, -59769.99762161191, 609.4156456461939]}}, {"key": 7, "value": {"rotation": [[0.999984034315923, -0.0015445553183641566, 0.005435573761708142], [0.0015245752242917712, 0.999992073858726, 0.003678028019025638], [-0.005441211596320517, -0.003669682355705416, 0.9999784630919676]], "center": [102656.74280396517, -59776.66300378984, 609.2786237502422]}}, {"key": 8, "value": {"rotation": [[0.9999768589898638, -0.0023628366817025036, 0.0063795366274795075], [0.0023329378176694514, 0.999986280257771, 0.004690063684498623], [-0.006390530956394738, -0.004675072089429995, 0.9999686519161766]], "center": [102657.64428019087, -59783.491056965184, 609.4238533929583]}}, {"key": 9, "value": {"rotation": [[0.9999707281987023, -0.0027860656243675593, 0.007126049683595511], [0.0027513918325918667, 0.9999843516531062, 0.004870964165347452], [-0.007139508998516729, -0.00485121502855426, 0.999962745868069]], "center": [102658.12215744458, -59790.03534405424, 609.4832280399902]}}], "structure": [], "control_points": []}