{"sfm_data_version": "0.3", "root_path": "/mnt/ST8000/jialei/SFM_E/ex_sea_12/1-2/images", "views": [{"key": 9, "value": {"polymorphic_id": 1073741824, "ptr_wrapper": {"id": 2147483649, "data": {"local_path": "", "filename": "038735_11734.566406.jpg", "width": 1920, "height": 1080, "id_view": 9, "id_intrinsic": 0, "id_pose": 9}}}}, {"key": 8, "value": {"polymorphic_id": 1073741824, "ptr_wrapper": {"id": 2147483650, "data": {"local_path": "", "filename": "038734_11734.465820.jpg", "width": 1920, "height": 1080, "id_view": 8, "id_intrinsic": 0, "id_pose": 8}}}}, {"key": 7, "value": {"polymorphic_id": 1073741824, "ptr_wrapper": {"id": 2147483651, "data": {"local_path": "", "filename": "038733_11734.399211.jpg", "width": 1920, "height": 1080, "id_view": 7, "id_intrinsic": 0, "id_pose": 7}}}}, {"key": 6, "value": {"polymorphic_id": 1073741824, "ptr_wrapper": {"id": 2147483652, "data": {"local_path": "", "filename": "038732_11734.299602.jpg", "width": 1920, "height": 1080, "id_view": 6, "id_intrinsic": 0, "id_pose": 6}}}}, {"key": 5, "value": {"polymorphic_id": 1073741824, "ptr_wrapper": {"id": 2147483653, "data": {"local_path": "", "filename": "038731_11734.198016.jpg", "width": 1920, "height": 1080, "id_view": 5, "id_intrinsic": 0, "id_pose": 5}}}}, {"key": 4, "value": {"polymorphic_id": 1073741824, "ptr_wrapper": {"id": 2147483654, "data": {"local_path": "", "filename": "038730_11734.100406.jpg", "width": 1920, "height": 1080, "id_view": 4, "id_intrinsic": 0, "id_pose": 4}}}}, {"key": 3, "value": {"polymorphic_id": 1073741824, "ptr_wrapper": {"id": 2147483655, "data": {"local_path": "", "filename": "038729_11733.998820.jpg", "width": 1920, "height": 1080, "id_view": 3, "id_intrinsic": 0, "id_pose": 3}}}}, {"key": 2, "value": {"polymorphic_id": 1073741824, "ptr_wrapper": {"id": 2147483656, "data": {"local_path": "", "filename": "038728_11733.899211.jpg", "width": 1920, "height": 1080, "id_view": 2, "id_intrinsic": 0, "id_pose": 2}}}}, {"key": 1, "value": {"polymorphic_id": 1073741824, "ptr_wrapper": {"id": 2147483657, "data": {"local_path": "", "filename": "038727_11733.798602.jpg", "width": 1920, "height": 1080, "id_view": 1, "id_intrinsic": 0, "id_pose": 1}}}}, {"key": 0, "value": {"polymorphic_id": 1073741824, "ptr_wrapper": {"id": 2147483658, "data": {"local_path": "", "filename": "038726_11733.699016.jpg", "width": 1920, "height": 1080, "id_view": 0, "id_intrinsic": 0, "id_pose": 0}}}}], "intrinsics": [{"key": 0, "value": {"polymorphic_id": 2147483649, "polymorphic_name": "pinhole_radial_k3", "ptr_wrapper": {"id": 2147483659, "data": {"width": 1920, "height": 1080, "focal_length": 1739.13, "principal_point": [960.0, 540.0], "disto_k3": [0.0, 0.0, 0.0]}}}}], "extrinsics": [{"key": 0, "value": {"rotation": [[0.9999991732940118, -0.001285581563597526, -2.6293274847231844e-05], [0.001285584611917295, 0.9999991668788516, 0.0001162489069409145], [2.6143805490202028e-05, -0.00011628261306678637, 0.9999999928974277]], "center": [-0.00033082782965806665, -0.001062220012217733, 0.0005872565930905211]}}, {"key": 1, "value": {"rotation": [[0.9999998696081842, 7.370615777078357e-05, 0.0005053226858144242], [-7.419611000444058e-05, 0.9999995271535501, 0.0009696327209492822], [-0.0005052509789720787, -0.0009696700874946942, 0.9999994022305062]], "center": [-0.00027906306152375313, -0.01100887629846785, 0.002236760673462693]}}, {"key": 2, "value": {"rotation": [[0.9999995218381109, -0.000801568832138, 0.0005601883224027177], [0.0008008020480812052, 0.9999987440783278, 0.0013676833869836625], [-0.0005612839112253098, -0.0013672341330536778, 0.9999989078150019]], "center": [-0.00023639929038068443, -0.02196477443572961, 0.003051675400910714]}}, {"key": 3, "value": {"rotation": [[0.9999942357630506, -0.002347355826052187, 0.0024532348640103033], [0.002344613617176574, 0.9999966241072973, 0.0011200718703896712], [-0.0024558557893831954, -0.001114313526161697, 0.9999963635322417]], "center": [-0.002022752598831389, -0.032013614452538884, 0.002173745157132094]}}, {"key": 4, "value": {"rotation": [[0.9999910642846417, -0.0032997938168469305, 0.002642482097513802], [0.003296851778703778, 0.999993941583103, 0.0011169446893669302], [-0.0026461517754353533, -0.0011082228368637045, 0.9999958848529955]], "center": [-0.0014039737945645368, -0.042488421072749076, 0.0031302242055534064]}}, {"key": 5, "value": {"rotation": [[0.9999857821112614, -0.004683383739476222, 0.002549802360479531], [0.004683122310511764, 0.9999890282374808, 0.00010849001729975245], [-0.002550282485036472, -9.654743847897444e-05, 0.9999967433636167]], "center": [-0.001030319150869651, -0.05204282891677922, 0.0047474845114748865]}}, {"key": 6, "value": {"rotation": [[0.9999788511627998, -0.00594976972735324, 0.002626302975375241], [0.00594926114275283, 0.9999822827039085, 0.00020142029642480604], [-0.0026274548487699367, -0.00018579147437921477, 0.9999965309752559]], "center": [-0.0003514609536857872, -0.06291362723485489, 0.005953731397208865]}}, {"key": 7, "value": {"rotation": [[0.9999653874051149, -0.007741471489227854, 0.0030485424254567332], [0.0077411756238674094, 0.9999700307279036, 0.00010883931544920818], [-0.003049293639316719, -8.523624592571022e-05, 0.999995347260718]], "center": [-0.0005604146870903915, -0.0739313788703544, 0.006853165166363463]}}, {"key": 8, "value": {"rotation": [[0.9999592932091287, -0.008219205703058839, 0.0037224430567083587], [0.008217995787367104, 0.9999661738284243, 0.00034021196454684657], [-0.0037251134128300587, -0.0003096070942507408, 0.9999930138123511]], "center": [-0.0017671268584154608, -0.0843058530107637, 0.00683437004372581]}}, {"key": 9, "value": {"rotation": [[0.9999447298443486, -0.009551773587726409, 0.004393276435815918], [0.009551334289810967, 0.999954377649826, 0.00012096377193936588], [-0.004394231422781796, -7.89954343867515e-05, 0.9999903421983258]], "center": [-0.0016658440205939461, -0.09493713915714973, 0.007360473976345098]}}], "structure": [], "control_points": []}