{"sfm_data_version": "0.3", "root_path": "/mnt/ST8000/jialei/SFM_E/ex_sea_12/1-2/images", "views": [{"key": 9, "value": {"polymorphic_id": 1073741824, "ptr_wrapper": {"id": 2147483649, "data": {"local_path": "", "filename": "038735_11734.566406.jpg", "width": 1920, "height": 1080, "id_view": 9, "id_intrinsic": 0, "id_pose": 9}}}}, {"key": 8, "value": {"polymorphic_id": 1073741824, "ptr_wrapper": {"id": 2147483650, "data": {"local_path": "", "filename": "038734_11734.465820.jpg", "width": 1920, "height": 1080, "id_view": 8, "id_intrinsic": 0, "id_pose": 8}}}}, {"key": 7, "value": {"polymorphic_id": 1073741824, "ptr_wrapper": {"id": 2147483651, "data": {"local_path": "", "filename": "038733_11734.399211.jpg", "width": 1920, "height": 1080, "id_view": 7, "id_intrinsic": 0, "id_pose": 7}}}}, {"key": 6, "value": {"polymorphic_id": 1073741824, "ptr_wrapper": {"id": 2147483652, "data": {"local_path": "", "filename": "038732_11734.299602.jpg", "width": 1920, "height": 1080, "id_view": 6, "id_intrinsic": 0, "id_pose": 6}}}}, {"key": 5, "value": {"polymorphic_id": 1073741824, "ptr_wrapper": {"id": 2147483653, "data": {"local_path": "", "filename": "038731_11734.198016.jpg", "width": 1920, "height": 1080, "id_view": 5, "id_intrinsic": 0, "id_pose": 5}}}}, {"key": 4, "value": {"polymorphic_id": 1073741824, "ptr_wrapper": {"id": 2147483654, "data": {"local_path": "", "filename": "038730_11734.100406.jpg", "width": 1920, "height": 1080, "id_view": 4, "id_intrinsic": 0, "id_pose": 4}}}}, {"key": 3, "value": {"polymorphic_id": 1073741824, "ptr_wrapper": {"id": 2147483655, "data": {"local_path": "", "filename": "038729_11733.998820.jpg", "width": 1920, "height": 1080, "id_view": 3, "id_intrinsic": 0, "id_pose": 3}}}}, {"key": 2, "value": {"polymorphic_id": 1073741824, "ptr_wrapper": {"id": 2147483656, "data": {"local_path": "", "filename": "038728_11733.899211.jpg", "width": 1920, "height": 1080, "id_view": 2, "id_intrinsic": 0, "id_pose": 2}}}}, {"key": 1, "value": {"polymorphic_id": 1073741824, "ptr_wrapper": {"id": 2147483657, "data": {"local_path": "", "filename": "038727_11733.798602.jpg", "width": 1920, "height": 1080, "id_view": 1, "id_intrinsic": 0, "id_pose": 1}}}}, {"key": 0, "value": {"polymorphic_id": 1073741824, "ptr_wrapper": {"id": 2147483658, "data": {"local_path": "", "filename": "038726_11733.699016.jpg", "width": 1920, "height": 1080, "id_view": 0, "id_intrinsic": 0, "id_pose": 0}}}}], "intrinsics": [{"key": 0, "value": {"polymorphic_id": 2147483649, "polymorphic_name": "pinhole_radial_k3", "ptr_wrapper": {"id": 2147483659, "data": {"width": 1920, "height": 1080, "focal_length": 1739.13, "principal_point": [960.0, 540.0], "disto_k3": [0.0, 0.0, 0.0]}}}}], "extrinsics": [{"key": 0, "value": {"rotation": [[0.9999999804228712, -0.00015840513041058942, 0.00011858360736496931], [0.00015838479692913314, 0.9999999727579753, 0.00017145933869455252], [-0.0001186107641734177, -0.00017144055349729942, 0.9999999782698111]], "center": [102655.28827449083, -59731.174787521246, 609.3316320437573]}}, {"key": 1, "value": {"rotation": [[0.999999067546961, 0.0012008531717047797, 0.00065027445619943], [-0.0012015190960344298, 0.9999987532253743, 0.0010246460651279305], [-0.0006490431959765623, -0.0010254264268703805, 0.999999263621515]], "center": [102655.32786798834, -59737.4521221432, 610.372290603274]}}, {"key": 2, "value": {"rotation": [[0.9999996984230302, 0.000325575319263695, 0.0007050918804693809], [-0.0003265782921443307, 0.9999989344593684, 0.0014228235122954928], [-0.0007046278929460748, -0.001423053350906798, 0.9999987392085515]], "center": [102655.36251211577, -59744.36636459455, 610.8862053581724]}}, {"key": 3, "value": {"rotation": [[0.9999958804610974, -0.001220321121123677, 0.0025980525775258657], [0.00121727054495347, 0.9999985683006969, 0.0011754356540254335], [-0.0025994832668509472, -0.0011722682788956461, 0.9999959342286484]], "center": [102654.24237693794, -59750.70940668853, 610.3316327085763]}}, {"key": 4, "value": {"rotation": [[0.9999937551375216, -0.0021727725243103663, 0.0027872469419782954], [0.0021695115683361783, 0.9999969592899324, 0.0011724463502059083], [-0.002789785925984428, -0.0011663920639552287, 0.9999954283015698]], "center": [102654.6402508804, -59757.31962839517, 610.9349578734756]}}, {"key": 5, "value": {"rotation": [[0.9999900459546662, -0.0035563624050633383, 0.0026944903095781902], [0.0035559328537625415, 0.9999936641711336, 0.00016419235668675187], [-0.002695057165273226, -0.00015460929569259172, 0.9999963563747827]], "center": [102654.88271232096, -59763.34918574294, 611.9553105079726]}}, {"key": 6, "value": {"rotation": [[0.9999845313757005, -0.004822759620793825, 0.0027709202371338014], [0.0048220650075626445, 0.9999883406734273, 0.0002573057874896713], [-0.002772128854031951, -0.00024394024980884838, 0.9999961278898888]], "center": [102655.31876109836, -59770.20928294366, 612.7162554762747]}}, {"key": 7, "value": {"rotation": [[0.9999730260261955, -0.006614498720084891, 0.0031930591437571085], [0.006614005555391431, 0.9999781136159117, 0.00016498386742622845], [-0.0031940805448181777, -0.00014386050624011514, 0.9999948885637505]], "center": [102655.19464621808, -59777.16274294236, 613.283484890152]}}, {"key": 8, "value": {"rotation": [[0.9999673726895533, -0.007092276689807872, 0.0038669325966568064], [0.007090796235837236, 0.9999747814098274, 0.0003964254155254554], [-0.003869646636802176, -0.00036899285012967505, 0.9999924448110508]], "center": [102654.4404744346, -59783.710909641275, 613.2711526743407]}}, {"key": 9, "value": {"rotation": [[0.999954214188038, -0.008424897162984498, 0.004537690533377918], [0.008424178939619607, 0.9999645002444504, 0.00017736984088076246], [-0.004539023769142427, -0.00013913540283270377, 0.999989688899122]], "center": [102654.51190842313, -59790.42023838549, 613.602816060935]}}], "structure": [], "control_points": []}