{"sfm_data_version": "0.3", "root_path": "/mnt/ST8000/jialei/SFM_E/ex_sea_12/6-5/images", "views": [{"key": 9, "value": {"polymorphic_id": 1073741824, "ptr_wrapper": {"id": 2147483649, "data": {"local_path": "", "filename": "128880_17395.546875.jpg", "width": 1920, "height": 1080, "id_view": 9, "id_intrinsic": 0, "id_pose": 9}}}}, {"key": 8, "value": {"polymorphic_id": 1073741824, "ptr_wrapper": {"id": 2147483650, "data": {"local_path": "", "filename": "128879_17395.479266.jpg", "width": 1920, "height": 1080, "id_view": 8, "id_intrinsic": 0, "id_pose": 8}}}}, {"key": 7, "value": {"polymorphic_id": 1073741824, "ptr_wrapper": {"id": 2147483651, "data": {"local_path": "", "filename": "128878_17395.379656.jpg", "width": 1920, "height": 1080, "id_view": 7, "id_intrinsic": 0, "id_pose": 7}}}}, {"key": 6, "value": {"polymorphic_id": 1073741824, "ptr_wrapper": {"id": 2147483652, "data": {"local_path": "", "filename": "128877_17395.280047.jpg", "width": 1920, "height": 1080, "id_view": 6, "id_intrinsic": 0, "id_pose": 6}}}}, {"key": 5, "value": {"polymorphic_id": 1073741824, "ptr_wrapper": {"id": 2147483653, "data": {"local_path": "", "filename": "128876_17395.180437.jpg", "width": 1920, "height": 1080, "id_view": 5, "id_intrinsic": 0, "id_pose": 5}}}}, {"key": 4, "value": {"polymorphic_id": 1073741824, "ptr_wrapper": {"id": 2147483654, "data": {"local_path": "", "filename": "128875_17395.078875.jpg", "width": 1920, "height": 1080, "id_view": 4, "id_intrinsic": 0, "id_pose": 4}}}}, {"key": 3, "value": {"polymorphic_id": 1073741824, "ptr_wrapper": {"id": 2147483655, "data": {"local_path": "", "filename": "128874_17394.979266.jpg", "width": 1920, "height": 1080, "id_view": 3, "id_intrinsic": 0, "id_pose": 3}}}}, {"key": 2, "value": {"polymorphic_id": 1073741824, "ptr_wrapper": {"id": 2147483656, "data": {"local_path": "", "filename": "128873_17394.879656.jpg", "width": 1920, "height": 1080, "id_view": 2, "id_intrinsic": 0, "id_pose": 2}}}}, {"key": 1, "value": {"polymorphic_id": 1073741824, "ptr_wrapper": {"id": 2147483657, "data": {"local_path": "", "filename": "128872_17394.780047.jpg", "width": 1920, "height": 1080, "id_view": 1, "id_intrinsic": 0, "id_pose": 1}}}}, {"key": 0, "value": {"polymorphic_id": 1073741824, "ptr_wrapper": {"id": 2147483658, "data": {"local_path": "", "filename": "128871_17394.680437.jpg", "width": 1920, "height": 1080, "id_view": 0, "id_intrinsic": 0, "id_pose": 0}}}}], "intrinsics": [{"key": 0, "value": {"polymorphic_id": 2147483649, "polymorphic_name": "pinhole_radial_k3", "ptr_wrapper": {"id": 2147483659, "data": {"width": 1920, "height": 1080, "focal_length": 1739.13, "principal_point": [960.0, 540.0], "disto_k3": [0.0, 0.0, 0.0]}}}}], "extrinsics": [{"key": 0, "value": {"rotation": [[0.9999999235273724, -0.0003179902445137115, 0.0002276564378574627], [0.00031802557871846594, 0.9999999373880375, -0.00015518908589708723], [-0.00022760707498806722, 0.00015526147459978166, 0.9999999620444462]], "center": [9.228422708315123e-05, -0.0003743617059975515, 0.0002963890366770813]}}, {"key": 1, "value": {"rotation": [[0.9999989086860094, 0.0003849770834399848, -0.0014263307594873393], [-0.0003863716436787922, 0.9999994475277829, -0.0009775791946608555], [0.0014259536258920328, 0.0009781292215749722, 0.9999985049586237]], "center": [-0.00010106501104470436, -0.01202739564757619, 0.0003595887903703848]}}, {"key": 2, "value": {"rotation": [[0.9999995948842385, -0.00022766384958029505, -0.0008708619469078407], [0.0002271416105844157, 0.9999997943637969, -0.0005997324839612382], [0.000870998305233123, 0.0005995344320149394, 0.9999994409600522]], "center": [0.0005800666007125476, -0.02293086292280916, 0.0008713926351277871]}}, {"key": 3, "value": {"rotation": [[0.9999998256214248, -0.0004994418651739074, -0.00031514273520714465], [0.0004994712960930555, 0.999999870910137, 9.331738172817705e-05], [0.0003150960879182598, -9.34747702060622e-05, 0.9999999459884599]], "center": [0.0009201740212913875, -0.030604377826578422, 0.00106441147468386]}}, {"key": 4, "value": {"rotation": [[0.999999216783595, -0.0012150218623728744, -0.0003002566739847241], [0.0012153186849664535, 0.9999987710874462, 0.0009903656351956643], [0.0002990529890970649, -0.0009907297670712536, 0.9999994645107758]], "center": [0.0031531966863808047, -0.042200916004235485, 0.0023688302195834254]}}, {"key": 5, "value": {"rotation": [[0.9999974383893881, -0.0018389282319510403, 0.001319680877879473], [0.001835403145197123, 0.999994758057822, 0.002667424258120267], [-0.001324579161963437, -0.002664995278784117, 0.9999955716352986]], "center": [0.003065828648856125, -0.054391145559856226, 0.0024779738173309964]}}, {"key": 6, "value": {"rotation": [[0.9999964232653199, -0.002156692105547122, -0.0015818140627183244], [0.002156560186770522, 0.9999976710005296, -8.509804571802118e-05], [0.0015819939089575983, 8.168646411432749e-05, 0.9999987453105097]], "center": [0.005942336925501562, -0.06260401121188786, 0.00594816698161502]}}, {"key": 7, "value": {"rotation": [[0.999995466759634, -0.002614356896636932, -0.001493853472946278], [0.0026166150527375024, 0.9999954340612317, 0.0015116819621203011], [0.0014898945759395483, -0.0015155839487865377, 0.9999977416071731]], "center": [0.00776946398574577, -0.07479359823405334, 0.007079866908342029]}}, {"key": 8, "value": {"rotation": [[0.999994992940533, -0.0030255783570809643, -0.0009273453877268366], [0.003027706515523635, 0.9999927665336539, 0.0023021454396393846], [0.0009203733583880927, -0.002304941642332894, 0.99999692007371]], "center": [0.007618584248335801, -0.0859598309115954, 0.007398709955748071]}}, {"key": 9, "value": {"rotation": [[0.9999924647437012, -0.003590482139633873, -0.0014761076593578872], [0.0035940301272616598, 0.9999906421364562, 0.002408025531896483], [0.0014674478734797408, -0.002413312562205789, 0.9999960112516525]], "center": [0.009268714918224128, -0.0966466449496908, 0.008779525744508462]}}], "structure": [], "control_points": []}