{"sfm_data_version": "0.3", "root_path": "/mnt/ST8000/jialei/SFM_E/ex_sea_12/6-5/images", "views": [{"key": 9, "value": {"polymorphic_id": 1073741824, "ptr_wrapper": {"id": 2147483649, "data": {"local_path": "", "filename": "128880_17395.546875.jpg", "width": 1920, "height": 1080, "id_view": 9, "id_intrinsic": 0, "id_pose": 9}}}}, {"key": 8, "value": {"polymorphic_id": 1073741824, "ptr_wrapper": {"id": 2147483650, "data": {"local_path": "", "filename": "128879_17395.479266.jpg", "width": 1920, "height": 1080, "id_view": 8, "id_intrinsic": 0, "id_pose": 8}}}}, {"key": 7, "value": {"polymorphic_id": 1073741824, "ptr_wrapper": {"id": 2147483651, "data": {"local_path": "", "filename": "128878_17395.379656.jpg", "width": 1920, "height": 1080, "id_view": 7, "id_intrinsic": 0, "id_pose": 7}}}}, {"key": 6, "value": {"polymorphic_id": 1073741824, "ptr_wrapper": {"id": 2147483652, "data": {"local_path": "", "filename": "128877_17395.280047.jpg", "width": 1920, "height": 1080, "id_view": 6, "id_intrinsic": 0, "id_pose": 6}}}}, {"key": 5, "value": {"polymorphic_id": 1073741824, "ptr_wrapper": {"id": 2147483653, "data": {"local_path": "", "filename": "128876_17395.180437.jpg", "width": 1920, "height": 1080, "id_view": 5, "id_intrinsic": 0, "id_pose": 5}}}}, {"key": 4, "value": {"polymorphic_id": 1073741824, "ptr_wrapper": {"id": 2147483654, "data": {"local_path": "", "filename": "128875_17395.078875.jpg", "width": 1920, "height": 1080, "id_view": 4, "id_intrinsic": 0, "id_pose": 4}}}}, {"key": 3, "value": {"polymorphic_id": 1073741824, "ptr_wrapper": {"id": 2147483655, "data": {"local_path": "", "filename": "128874_17394.979266.jpg", "width": 1920, "height": 1080, "id_view": 3, "id_intrinsic": 0, "id_pose": 3}}}}, {"key": 2, "value": {"polymorphic_id": 1073741824, "ptr_wrapper": {"id": 2147483656, "data": {"local_path": "", "filename": "128873_17394.879656.jpg", "width": 1920, "height": 1080, "id_view": 2, "id_intrinsic": 0, "id_pose": 2}}}}, {"key": 1, "value": {"polymorphic_id": 1073741824, "ptr_wrapper": {"id": 2147483657, "data": {"local_path": "", "filename": "128872_17394.780047.jpg", "width": 1920, "height": 1080, "id_view": 1, "id_intrinsic": 0, "id_pose": 1}}}}, {"key": 0, "value": {"polymorphic_id": 1073741824, "ptr_wrapper": {"id": 2147483658, "data": {"local_path": "", "filename": "128871_17394.680437.jpg", "width": 1920, "height": 1080, "id_view": 0, "id_intrinsic": 0, "id_pose": 0}}}}], "intrinsics": [{"key": 0, "value": {"polymorphic_id": 2147483649, "polymorphic_name": "pinhole_radial_k3", "ptr_wrapper": {"id": 2147483659, "data": {"width": 1920, "height": 1080, "focal_length": 1739.13, "principal_point": [960.0, 540.0], "disto_k3": [0.0, 0.0, 0.0]}}}}], "extrinsics": [{"key": 0, "value": {"rotation": [[0.9999999997617854, -1.4920936492029343e-05, -1.593092253673959e-05], [1.4920839435397337e-05, 0.9999999998701251, -6.0924436789213564e-06], [1.5931013439635957e-05, 6.092205974732723e-06, 0.9999999998545439]], "center": [102655.28827440481, -59731.17478745829, 609.3316321526837]}}, {"key": 1, "value": {"rotation": [[0.9999983689876525, 0.0006882926537040335, -0.0016698129407572522], [-0.0006896765032606086, 0.9999994191233993, -0.0008283110431252556], [0.001669241850396016, 0.0008294613228897804, 0.9999982628112705]], "center": [102655.17039105935, -59738.41235748341, 609.369834183731]}}, {"key": 2, "value": {"rotation": [[0.9999993761609837, 7.556914307078698e-05, -0.0011144357081057893], [-7.607136264633578e-05, 0.9999998955802097, -0.00045061371107349413], [0.0011144015392446454, 0.00045069820660596457, 0.9999992774899069]], "center": [102655.59556165851, -59745.18425960937, 609.6865947880196]}}, {"key": 3, "value": {"rotation": [[0.9999998246300212, -0.000196291644968748, -0.0005587571175024267], [0.00019642709572294638, 0.9999999513366331, 0.00024236981461689283], [0.0005587095151418446, -0.00024247952715035118, 0.9999998145236612]], "center": [102655.80827095515, -59749.95012056101, 609.805713554484]}}, {"key": 4, "value": {"rotation": [[0.9999994362868955, -0.000911874005399569, -0.0005439776546107955], [0.0009124932714241521, 0.9999989347395368, 0.0011392435300099106], [0.0005429382285721052, -0.0011397392637530763, 0.9999992031059278]], "center": [102657.1975485854, -59757.152260069226, 610.6144566583904]}}, {"key": 5, "value": {"rotation": [[0.99999824157092, -0.0015360224115578529, 0.0010758671936292273], [0.0015329874075494087, 0.9999948596098557, 0.002816150470571713], [-0.001080187333489205, -0.0028144962277108685, 0.9999954558928299]], "center": [102657.14559666898, -59764.72345868257, 610.6811279331508]}}, {"key": 6, "value": {"rotation": [[0.9999966159896139, -0.0018533539610132213, -0.00182567478355462], [0.0018534730685121979, 0.9999982802979803, 6.355049895857769e-05], [0.0018255538623690199, -6.69341229462529e-05, 0.9999983314350674]], "center": [102658.93422447267, -59769.82412843568, 612.8352178204632]}}, {"key": 7, "value": {"rotation": [[0.9999958196129569, -0.0023110321308609746, -0.0017377822361544894], [0.002313917529519119, 0.9999959447225967, 0.0016602180662515147], [0.0017339383716700508, -0.0016642322106761919, 0.9999971118902655]], "center": [102660.07149182449, -59777.394662264356, 613.5366942576951]}}, {"key": 8, "value": {"rotation": [[0.9999956084144666, -0.002722338177972843, -0.0011713354022347753], [0.0027252023148225243, 0.9999932839400087, 0.0024505809964200133], [0.0011646562252711013, -0.002453762360433644, 0.9999963113062742]], "center": [102659.97993270475, -59784.32990287178, 613.7337112545097]}}, {"key": 9, "value": {"rotation": [[0.9999931177511504, -0.003287160873995286, -0.0017201813047808892], [0.0032915523184023337, 0.9999913154107122, 0.002556322845039116], [0.0017117633212751975, -0.0025619673185510424, 0.9999952530836285]], "center": [102661.00702502753, -59790.96714291969, 614.5900758915776]}}], "structure": [], "control_points": []}