{"sfm_data_version": "0.3", "root_path": "/mnt/ST8000/jialei/SFM_E/ex_sea_12/1-3/images", "views": [{"key": 9, "value": {"polymorphic_id": 1073741824, "ptr_wrapper": {"id": 2147483649, "data": {"local_path": "", "filename": "051561_13000.366211.jpg", "width": 1920, "height": 1080, "id_view": 9, "id_intrinsic": 0, "id_pose": 9}}}}, {"key": 8, "value": {"polymorphic_id": 1073741824, "ptr_wrapper": {"id": 2147483650, "data": {"local_path": "", "filename": "051560_13000.298602.jpg", "width": 1920, "height": 1080, "id_view": 8, "id_intrinsic": 0, "id_pose": 8}}}}, {"key": 7, "value": {"polymorphic_id": 1073741824, "ptr_wrapper": {"id": 2147483651, "data": {"local_path": "", "filename": "051559_13000.166016.jpg", "width": 1920, "height": 1080, "id_view": 7, "id_intrinsic": 0, "id_pose": 7}}}}, {"key": 6, "value": {"polymorphic_id": 1073741824, "ptr_wrapper": {"id": 2147483652, "data": {"local_path": "", "filename": "051558_13000.098406.jpg", "width": 1920, "height": 1080, "id_view": 6, "id_intrinsic": 0, "id_pose": 6}}}}, {"key": 5, "value": {"polymorphic_id": 1073741824, "ptr_wrapper": {"id": 2147483653, "data": {"local_path": "", "filename": "051557_12999.965820.jpg", "width": 1920, "height": 1080, "id_view": 5, "id_intrinsic": 0, "id_pose": 5}}}}, {"key": 4, "value": {"polymorphic_id": 1073741824, "ptr_wrapper": {"id": 2147483654, "data": {"local_path": "", "filename": "051556_12999.898211.jpg", "width": 1920, "height": 1080, "id_view": 4, "id_intrinsic": 0, "id_pose": 4}}}}, {"key": 3, "value": {"polymorphic_id": 1073741824, "ptr_wrapper": {"id": 2147483655, "data": {"local_path": "", "filename": "051555_12999.766602.jpg", "width": 1920, "height": 1080, "id_view": 3, "id_intrinsic": 0, "id_pose": 3}}}}, {"key": 2, "value": {"polymorphic_id": 1073741824, "ptr_wrapper": {"id": 2147483656, "data": {"local_path": "", "filename": "051554_12999.698016.jpg", "width": 1920, "height": 1080, "id_view": 2, "id_intrinsic": 0, "id_pose": 2}}}}, {"key": 1, "value": {"polymorphic_id": 1073741824, "ptr_wrapper": {"id": 2147483657, "data": {"local_path": "", "filename": "051553_12999.598406.jpg", "width": 1920, "height": 1080, "id_view": 1, "id_intrinsic": 0, "id_pose": 1}}}}, {"key": 0, "value": {"polymorphic_id": 1073741824, "ptr_wrapper": {"id": 2147483658, "data": {"local_path": "", "filename": "051552_12999.465820.jpg", "width": 1920, "height": 1080, "id_view": 0, "id_intrinsic": 0, "id_pose": 0}}}}], "intrinsics": [{"key": 0, "value": {"polymorphic_id": 2147483649, "polymorphic_name": "pinhole_radial_k3", "ptr_wrapper": {"id": 2147483659, "data": {"width": 1920, "height": 1080, "focal_length": 1739.13, "principal_point": [960.0, 540.0], "disto_k3": [0.0, 0.0, 0.0]}}}}], "extrinsics": [{"key": 0, "value": {"rotation": [[0.9999987890202326, -0.0012724434731858892, 0.0008960165599936135], [0.0012727925155667519, 0.9999991143050163, -0.0003890866165298796], [-0.0008955206756705383, 0.00039022658852523216, 0.9999995228828508]], "center": [-4.1378963884905556e-05, -0.0013722284191797544, 0.0014882708350808574]}}, {"key": 1, "value": {"rotation": [[0.9999989085077893, -4.162854766448393e-06, 0.001477486345372305], [1.3942681637045603e-06, 0.9999982443494183, 0.0018738452810021483], [-0.001477491551968303, -0.0018738411757024463, 0.999997152864928]], "center": [0.00046485787918640597, -0.010660318783855975, 0.003028060677588639]}}, {"key": 2, "value": {"rotation": [[0.9999983001093212, -0.001490871845898901, 0.0010849329967018042], [0.0014910963745618344, 0.9999988670616702, -0.00020617220481786985], [-0.0010846243912040294, 0.00020778959400569356, 0.9999993902065213]], "center": [0.00040794989730886134, -0.020393033230649744, 0.004029492912210919]}}, {"key": 3, "value": {"rotation": [[0.999995018261578, -0.003053594489644534, 0.0007993827116500766], [0.0030556222534034103, 0.9999920857819463, -0.002547851274626171], [-0.0007915962805483626, 0.0025502811935002633, 0.9999964347142256]], "center": [0.0007782116709844937, -0.02984578336330998, 0.005413199611179194]}}, {"key": 4, "value": {"rotation": [[0.9999891993770939, -0.004503963342454821, 0.0011469277959715906], [0.004509434930446379, 0.9999782468598779, -0.00481360609664894], [-0.0011252225412862013, 0.004818726102970513, 0.9999877568015406]], "center": [8.62021425985204e-05, -0.039113823557239115, 0.006012969261887625]}}, {"key": 5, "value": {"rotation": [[0.9999818448419666, -0.00580459828436902, 0.001617598594839368], [0.005814175781118593, 0.9999652146008338, -0.005980380280173195], [-0.001582828620912384, 0.00598967670799778, 0.9999808090290985]], "center": [0.00010636958490449841, -0.049449124865589986, 0.00669570258759458]}}, {"key": 6, "value": {"rotation": [[0.9999716659557638, -0.007337939992179477, 0.001679857829063699], [0.0073504142377858375, 0.9999445273630728, -0.007544110761026918], [-0.0016244064108614498, 0.007556244656763073, 0.9999701317891945]], "center": [8.113850324618357e-05, -0.05952081822600094, 0.0076798588452612]}}, {"key": 7, "value": {"rotation": [[0.9999617044462672, -0.008509544123398466, 0.0020438443503101003], [0.008527837638856558, 0.9999220922046499, -0.009115125138024111], [-0.0019661195593504073, 0.009132205642038137, 0.9999563676451035]], "center": [-0.0008539145347053839, -0.06946624857128704, 0.008438362492721285]}}, {"key": 8, "value": {"rotation": [[0.9999532333773378, -0.009391605784633154, 0.0023084191546107434], [0.009415871161705553, 0.9998980372698578, -0.010735754941009304], [-0.0022073578036850574, 0.010756988643355999, 0.999939705565717]], "center": [-0.0010544007201115561, -0.07525612644000826, 0.009012119195277021]}}, {"key": 9, "value": {"rotation": [[0.9999429704913733, -0.010588196680475333, 0.0013949394051205278], [0.01060511667930683, 0.9998626181048677, -0.01273877610679704], [-0.001259867098814187, 0.012752843115807034, 0.9999178854922819]], "center": [-0.0012719953745838931, -0.08487514107353071, 0.01056718374929858]}}], "structure": [], "control_points": []}