{"sfm_data_version": "0.3", "root_path": "/mnt/ST8000/jialei/SFM_E/ex_sea_12/1-3/images", "views": [{"key": 9, "value": {"polymorphic_id": 1073741824, "ptr_wrapper": {"id": 2147483649, "data": {"local_path": "", "filename": "051561_13000.366211.jpg", "width": 1920, "height": 1080, "id_view": 9, "id_intrinsic": 0, "id_pose": 9}}}}, {"key": 8, "value": {"polymorphic_id": 1073741824, "ptr_wrapper": {"id": 2147483650, "data": {"local_path": "", "filename": "051560_13000.298602.jpg", "width": 1920, "height": 1080, "id_view": 8, "id_intrinsic": 0, "id_pose": 8}}}}, {"key": 7, "value": {"polymorphic_id": 1073741824, "ptr_wrapper": {"id": 2147483651, "data": {"local_path": "", "filename": "051559_13000.166016.jpg", "width": 1920, "height": 1080, "id_view": 7, "id_intrinsic": 0, "id_pose": 7}}}}, {"key": 6, "value": {"polymorphic_id": 1073741824, "ptr_wrapper": {"id": 2147483652, "data": {"local_path": "", "filename": "051558_13000.098406.jpg", "width": 1920, "height": 1080, "id_view": 6, "id_intrinsic": 0, "id_pose": 6}}}}, {"key": 5, "value": {"polymorphic_id": 1073741824, "ptr_wrapper": {"id": 2147483653, "data": {"local_path": "", "filename": "051557_12999.965820.jpg", "width": 1920, "height": 1080, "id_view": 5, "id_intrinsic": 0, "id_pose": 5}}}}, {"key": 4, "value": {"polymorphic_id": 1073741824, "ptr_wrapper": {"id": 2147483654, "data": {"local_path": "", "filename": "051556_12999.898211.jpg", "width": 1920, "height": 1080, "id_view": 4, "id_intrinsic": 0, "id_pose": 4}}}}, {"key": 3, "value": {"polymorphic_id": 1073741824, "ptr_wrapper": {"id": 2147483655, "data": {"local_path": "", "filename": "051555_12999.766602.jpg", "width": 1920, "height": 1080, "id_view": 3, "id_intrinsic": 0, "id_pose": 3}}}}, {"key": 2, "value": {"polymorphic_id": 1073741824, "ptr_wrapper": {"id": 2147483656, "data": {"local_path": "", "filename": "051554_12999.698016.jpg", "width": 1920, "height": 1080, "id_view": 2, "id_intrinsic": 0, "id_pose": 2}}}}, {"key": 1, "value": {"polymorphic_id": 1073741824, "ptr_wrapper": {"id": 2147483657, "data": {"local_path": "", "filename": "051553_12999.598406.jpg", "width": 1920, "height": 1080, "id_view": 1, "id_intrinsic": 0, "id_pose": 1}}}}, {"key": 0, "value": {"polymorphic_id": 1073741824, "ptr_wrapper": {"id": 2147483658, "data": {"local_path": "", "filename": "051552_12999.465820.jpg", "width": 1920, "height": 1080, "id_view": 0, "id_intrinsic": 0, "id_pose": 0}}}}], "intrinsics": [{"key": 0, "value": {"polymorphic_id": 2147483649, "polymorphic_name": "pinhole_radial_k3", "ptr_wrapper": {"id": 2147483659, "data": {"width": 1920, "height": 1080, "focal_length": 1739.13, "principal_point": [960.0, 540.0], "disto_k3": [0.0, 0.0, 0.0]}}}}], "extrinsics": [{"key": 0, "value": {"rotation": [[0.9999951560840472, -0.0025445346289862045, 0.0017925266981501467], [0.0025459307976113056, 0.9999964572223451, -0.0007770322596364029], [-0.0017905431621341302, 0.0007815921446838059, 0.9999980915326309]], "center": [102655.28827132542, -59731.17478682317, 609.3316326481294]}}, {"key": 1, "value": {"rotation": [[0.9999963691113227, -0.001276028380947028, 0.00237350284214783], [0.001272506480270964, 0.9999980881061139, 0.001484759702816069], [-0.0023753928997819317, -0.0014817340140712912, 0.9999960809787621]], "center": [102655.60597803158, -59737.159953630944, 610.3264770013591]}}, {"key": 2, "value": {"rotation": [[0.9999942199811548, -0.0027628884659101917, 0.0019815275942072857], [0.0027640702739177847, 0.9999960035779644, -0.0005939222351241486], [-0.0019798787342936385, 0.0005993958837625525, 0.9999978604000969]], "center": [102655.56074678668, -59743.43130472244, 610.9741960715576]}}, {"key": 3, "value": {"rotation": [[0.9999892048318851, -0.004325716978908066, 0.0016965825392726004], [0.004330682649010895, 0.9999863177480686, -0.0029341957080760432], [-0.001683866826009013, 0.002941511393505524, 0.9999942560351204]], "center": [102655.79078776637, -59749.52250415206, 611.8684249703019]}}, {"key": 4, "value": {"rotation": [[0.9999812287020181, -0.005775941521599739, 0.002044686563067196], [0.005786504981728816, 0.9999697447860304, -0.005198641424295208], [-0.0020145976517792195, 0.0052103754280311936, 0.9999843965703666]], "center": [102655.3369174001, -59755.494004734566, 612.2568339704596]}}, {"key": 5, "value": {"rotation": [[0.9999717972419457, -0.007076382285057713, 0.0025158566072334887], [0.00709227253542967, 0.9999545970232401, -0.00636424091104521], [-0.0024707065782136497, 0.006381904562617157, 0.9999765831774051]], "center": [102655.34104234217, -59762.153799226166, 612.6993826193603]}}, {"key": 6, "value": {"rotation": [[0.9999596109877884, -0.008609685387529223, 0.0025787032940393475], [0.008629883154158616, 0.9999313448179934, -0.007926586101591686], [-0.0025102808401634446, 0.007948519862725623, 0.9999652591575843]], "center": [102655.31595526962, -59768.643614759676, 613.3360725231707]}}, {"key": 7, "value": {"rotation": [[0.99994783232393, -0.009781133768388114, 0.0029431365714313942], [0.00980868344994807, 0.9999067984231383, -0.009496536008945611], [-0.0028499753774221927, 0.009524908891710452, 0.9999505756540931]], "center": [102654.70482332686, -59775.05137858904, 613.8267974403499]}}, {"key": 8, "value": {"rotation": [[0.9999380016515708, -0.01066308062530555, 0.00320804685766816], [0.010698136587961652, 0.9998809811243523, -0.011116359986505042], [-0.0030891303967421225, 0.011149990914009252, 0.999933065247874]], "center": [102654.57055257092, -59778.78200082315, 614.1978557296653]}}, {"key": 9, "value": {"rotation": [[0.9999270338061004, -0.011860013866477245, 0.0022950239258020546], [0.011889129331030332, 0.9998432671109195, -0.013118300831816294], [-0.0021390809903017237, 0.013144629475605856, 0.9999113175919477]], "center": [102654.42155048314, -59784.97981408896, 615.2022079779997]}}], "structure": [], "control_points": []}