{"sfm_data_version": "0.3", "root_path": "/mnt/ST8000/jialei/SFM_E/ex_sea_12/6-1/images", "views": [{"key": 9, "value": {"polymorphic_id": 1073741824, "ptr_wrapper": {"id": 2147483649, "data": {"local_path": "", "filename": "104926_15025.847656.jpg", "width": 1920, "height": 1080, "id_view": 9, "id_intrinsic": 0, "id_pose": 9}}}}, {"key": 8, "value": {"polymorphic_id": 1073741824, "ptr_wrapper": {"id": 2147483650, "data": {"local_path": "", "filename": "104925_15025.748047.jpg", "width": 1920, "height": 1080, "id_view": 8, "id_intrinsic": 0, "id_pose": 8}}}}, {"key": 7, "value": {"polymorphic_id": 1073741824, "ptr_wrapper": {"id": 2147483651, "data": {"local_path": "", "filename": "104924_15025.647461.jpg", "width": 1920, "height": 1080, "id_view": 7, "id_intrinsic": 0, "id_pose": 7}}}}, {"key": 6, "value": {"polymorphic_id": 1073741824, "ptr_wrapper": {"id": 2147483652, "data": {"local_path": "", "filename": "104923_15025.547852.jpg", "width": 1920, "height": 1080, "id_view": 6, "id_intrinsic": 0, "id_pose": 6}}}}, {"key": 5, "value": {"polymorphic_id": 1073741824, "ptr_wrapper": {"id": 2147483653, "data": {"local_path": "", "filename": "104922_15025.447266.jpg", "width": 1920, "height": 1080, "id_view": 5, "id_intrinsic": 0, "id_pose": 5}}}}, {"key": 4, "value": {"polymorphic_id": 1073741824, "ptr_wrapper": {"id": 2147483654, "data": {"local_path": "", "filename": "104921_15025.347656.jpg", "width": 1920, "height": 1080, "id_view": 4, "id_intrinsic": 0, "id_pose": 4}}}}, {"key": 3, "value": {"polymorphic_id": 1073741824, "ptr_wrapper": {"id": 2147483655, "data": {"local_path": "", "filename": "104920_15025.280047.jpg", "width": 1920, "height": 1080, "id_view": 3, "id_intrinsic": 0, "id_pose": 3}}}}, {"key": 2, "value": {"polymorphic_id": 1073741824, "ptr_wrapper": {"id": 2147483656, "data": {"local_path": "", "filename": "104919_15025.248047.jpg", "width": 1920, "height": 1080, "id_view": 2, "id_intrinsic": 0, "id_pose": 2}}}}, {"key": 1, "value": {"polymorphic_id": 1073741824, "ptr_wrapper": {"id": 2147483657, "data": {"local_path": "", "filename": "104918_15025.147461.jpg", "width": 1920, "height": 1080, "id_view": 1, "id_intrinsic": 0, "id_pose": 1}}}}, {"key": 0, "value": {"polymorphic_id": 1073741824, "ptr_wrapper": {"id": 2147483658, "data": {"local_path": "", "filename": "104917_15025.047852.jpg", "width": 1920, "height": 1080, "id_view": 0, "id_intrinsic": 0, "id_pose": 0}}}}], "intrinsics": [{"key": 0, "value": {"polymorphic_id": 2147483649, "polymorphic_name": "pinhole_radial_k3", "ptr_wrapper": {"id": 2147483659, "data": {"width": 1920, "height": 1080, "focal_length": 1739.13, "principal_point": [960.0, 540.0], "disto_k3": [0.0, 0.0, 0.0]}}}}], "extrinsics": [{"key": 0, "value": {"rotation": [[0.9999990101149558, -0.0008109860856239426, 0.0011498133227987148], [0.0008117353452512681, 0.9999994584344748, -0.0006513190357872777], [-0.0011492844894241247, 0.0006522517351708768, 0.999999126856037]], "center": [0.0004888160560908058, -0.0014979772860231673, 0.001419890690177666]}}, {"key": 1, "value": {"rotation": [[0.9999999143511624, 0.00011657982030076199, 0.0003971231714115796], [-0.00011666848856824664, 0.9999999682715744, 0.00022326064109448766], [-0.000397097131126063, -0.00022330695373266543, 0.999999896223931]], "center": [0.0010716366073765444, -0.010991886137251035, 0.0016287338001527108]}}, {"key": 2, "value": {"rotation": [[0.9999988106268809, 3.147994684442729e-06, 0.001542314790664422], [-6.290072487597994e-06, 0.9999979247895041, 0.00203724743721366], [-0.0015423051767924367, -0.0020372547154381875, 0.9999967354386544]], "center": [0.0017388567448065671, -0.02260670224629549, 0.0012417755559843645]}}, {"key": 3, "value": {"rotation": [[0.999997194928306, -0.00031464770934294775, 0.00234758010258161], [0.0003094037103978535, 0.9999974571599571, 0.002233818023980441], [-0.0023482769987852137, -0.002233085407966592, 0.9999947494485648]], "center": [0.0019446104820900858, -0.03271406601604053, 0.0011680274590267488]}}, {"key": 4, "value": {"rotation": [[0.9999917599642325, -0.0014395160089232836, 0.0037957604371589198], [0.0014334514609917082, 0.9999976926810333, 0.0015999529740682284], [-0.0037980548370485302, -0.0015944987520543487, 0.9999915161406043]], "center": [0.00286309065276029, -0.0422350720075326, 0.0010249993919965684]}}, {"key": 5, "value": {"rotation": [[0.9999885562812062, -0.001500760389917607, 0.004542579100040933], [0.001491256625961469, 0.9999966939441055, 0.002094816110033918], [-0.004545707899062573, -0.0020880179863656096, 0.9999874882820209]], "center": [0.0029321825233068004, -0.05247433971668768, 0.0007550963575340965]}}, {"key": 6, "value": {"rotation": [[0.9999823613515161, -0.0020764715553374374, 0.005564643000678978], [0.00206341694254752, 0.9999951082291463, 0.0023507080420826585], [-0.005569496958104791, -0.002339184400123065, 0.9999817542935349]], "center": [0.003038416255840075, -0.06232361089743923, 0.0006465423184260393]}}, {"key": 7, "value": {"rotation": [[0.9999781288519026, -0.002035432210736239, 0.006292760408776139], [0.0020166322461769655, 0.9999934891749578, 0.002992457531435888], [-0.006298810382162775, -0.0029797018993963477, 0.9999757228874907]], "center": [0.003099167641248902, -0.07273333110662515, 0.00030453281297752454]}}, {"key": 8, "value": {"rotation": [[0.9999704059073043, -0.0027762549831134692, 0.0071749367836329726], [0.0027476914712210947, 0.99998827371967, 0.003987808261883783], [-0.007185923820871586, -0.003967975733709583, 0.999966308266142]], "center": [0.00454764837206985, -0.08342263249439733, 0.000344793689423304]}}, {"key": 9, "value": {"rotation": [[0.9999638418414901, -0.0031891038952017673, 0.00788318628172082], [0.003156355220534849, 0.999986352501543, 0.0041631997768330495], [-0.007896355572572927, -0.004138167107020911, 0.99996026078123]], "center": [0.005325367514491942, -0.09371497634707132, 0.0003277219771982762]}}], "structure": [], "control_points": []}