{"sfm_data_version": "0.3", "root_path": "/mnt/ST8000/jialei/SFM_E/ex_sea_12/6-1/images", "views": [{"key": 9, "value": {"polymorphic_id": 1073741824, "ptr_wrapper": {"id": 2147483649, "data": {"local_path": "", "filename": "104926_15025.847656.jpg", "width": 1920, "height": 1080, "id_view": 9, "id_intrinsic": 0, "id_pose": 9}}}}, {"key": 8, "value": {"polymorphic_id": 1073741824, "ptr_wrapper": {"id": 2147483650, "data": {"local_path": "", "filename": "104925_15025.748047.jpg", "width": 1920, "height": 1080, "id_view": 8, "id_intrinsic": 0, "id_pose": 8}}}}, {"key": 7, "value": {"polymorphic_id": 1073741824, "ptr_wrapper": {"id": 2147483651, "data": {"local_path": "", "filename": "104924_15025.647461.jpg", "width": 1920, "height": 1080, "id_view": 7, "id_intrinsic": 0, "id_pose": 7}}}}, {"key": 6, "value": {"polymorphic_id": 1073741824, "ptr_wrapper": {"id": 2147483652, "data": {"local_path": "", "filename": "104923_15025.547852.jpg", "width": 1920, "height": 1080, "id_view": 6, "id_intrinsic": 0, "id_pose": 6}}}}, {"key": 5, "value": {"polymorphic_id": 1073741824, "ptr_wrapper": {"id": 2147483653, "data": {"local_path": "", "filename": "104922_15025.447266.jpg", "width": 1920, "height": 1080, "id_view": 5, "id_intrinsic": 0, "id_pose": 5}}}}, {"key": 4, "value": {"polymorphic_id": 1073741824, "ptr_wrapper": {"id": 2147483654, "data": {"local_path": "", "filename": "104921_15025.347656.jpg", "width": 1920, "height": 1080, "id_view": 4, "id_intrinsic": 0, "id_pose": 4}}}}, {"key": 3, "value": {"polymorphic_id": 1073741824, "ptr_wrapper": {"id": 2147483655, "data": {"local_path": "", "filename": "104920_15025.280047.jpg", "width": 1920, "height": 1080, "id_view": 3, "id_intrinsic": 0, "id_pose": 3}}}}, {"key": 2, "value": {"polymorphic_id": 1073741824, "ptr_wrapper": {"id": 2147483656, "data": {"local_path": "", "filename": "104919_15025.248047.jpg", "width": 1920, "height": 1080, "id_view": 2, "id_intrinsic": 0, "id_pose": 2}}}}, {"key": 1, "value": {"polymorphic_id": 1073741824, "ptr_wrapper": {"id": 2147483657, "data": {"local_path": "", "filename": "104918_15025.147461.jpg", "width": 1920, "height": 1080, "id_view": 1, "id_intrinsic": 0, "id_pose": 1}}}}, {"key": 0, "value": {"polymorphic_id": 1073741824, "ptr_wrapper": {"id": 2147483658, "data": {"local_path": "", "filename": "104917_15025.047852.jpg", "width": 1920, "height": 1080, "id_view": 0, "id_intrinsic": 0, "id_pose": 0}}}}], "intrinsics": [{"key": 0, "value": {"polymorphic_id": 2147483649, "polymorphic_name": "pinhole_radial_k3", "ptr_wrapper": {"id": 2147483659, "data": {"width": 1920, "height": 1080, "focal_length": 1739.13, "principal_point": [960.0, 540.0], "disto_k3": [0.0, 0.0, 0.0]}}}}], "extrinsics": [{"key": 0, "value": {"rotation": [[0.999999981607827, 9.561864401010056e-05, 0.0001662570918890574], [-9.562661528389105e-05, 0.9999999942787406, 4.7938178024058664e-05], [-0.00016625250715427835, -4.795407574533595e-05, 0.9999999850302552]], "center": [102655.28827476958, -59731.17478779181, 609.3316322349028]}}, {"key": 1, "value": {"rotation": [[0.9999993044361586, 0.0010237110150577364, -0.0005857840530717302], [-0.0010231698237398914, 0.9999990501996512, 0.0009234301853896747], [0.0005867288223462487, -0.0009228301865187199, 0.9999994020666892]], "center": [102655.6776027495, -59737.4220525765, 609.4643119208007]}}, {"key": 2, "value": {"rotation": [[0.9999994300009629, 0.0009094775865876569, 0.0005593284087111025], [-0.0009110053740217771, 0.9999958386046177, 0.0027373057293360943], [-0.0005568365629159437, -0.0027378137202606918, 0.9999960971469217]], "center": [102656.12335014669, -59745.06466703275, 609.2038897720789]}}, {"key": 3, "value": {"rotation": [[0.9999988945335571, 0.0005911176131600726, 0.0013643722479838969], [-0.0005951180982246789, 0.9999955200038531, 0.002933565522199526], [-0.0013626320533519178, -0.0029343742418588424, 0.9999947663271525]], "center": [102656.26473049987, -59751.715714196456, 609.1505701459427]}}, {"key": 4, "value": {"rotation": [[0.9999959039799465, -0.0005347673944023569, 0.002811769400816158], [0.0005283049486030183, 0.9999972186708908, 0.0022985961725674646], [-0.0028129907946460348, -0.0022971012857827522, 0.9999934051824904]], "center": [102656.87472941657, -59757.98044807421, 609.0514695593168]}}, {"key": 5, "value": {"rotation": [[0.9999934904195379, -0.0005965367903325973, 0.0035585477946317237], [0.0005865977262956327, 0.9999959263974901, 0.002793401427196764], [-0.003560199665243945, -0.00279129580728025, 0.9999897667706704]], "center": [102656.9261304667, -59764.71828667559, 608.8690967892773]}}, {"key": 6, "value": {"rotation": [[0.9999888228306248, -0.0011729677887453809, 0.004580214011070812], [0.0011590106699440172, 0.9999946809567914, 0.003048729635737609], [-0.004583765710373871, -0.0030433870426607268, 0.999984863329051]], "center": [102657.00184464628, -59771.19953806412, 608.793056203762]}}, {"key": 7, "value": {"rotation": [[0.9999852693167519, -0.0011324413845192516, 0.005308363779272421], [0.001112858723169466, 0.9999925707632338, 0.0036905235131843707], [-0.005312503643737888, -0.0036845616903140813, 0.9999791004366966]], "center": [102657.04781222896, -59778.04951563573, 608.563160266084]}}, {"key": 8, "value": {"rotation": [[0.9999790858278524, -0.0018738874638931906, 0.006190028486600292], [0.0018449010730972042, 0.9999873227685658, 0.0046851512448324376], [-0.006198729460360659, -0.004673633268575443, 0.9999698659985449]], "center": [102658.0073964514, -59785.08282030354, 608.5837928836768]}}, {"key": 9, "value": {"rotation": [[0.9999735927573743, -0.0022872372433299626, 0.006897994904398827], [0.0022537387179028708, 0.9999856497495854, 0.004860139575288249], [-0.006909012208688902, -0.004844464954211421, 0.9999643977210426]], "center": [102658.52530861965, -59791.85527912586, 608.5673142502831]}}], "structure": [], "control_points": []}