{"sfm_data_version": "0.3", "root_path": "/mnt/ST8000/jialei/SFM_E/ex_sea_12/1-5/images", "views": [{"key": 9, "value": {"polymorphic_id": 1073741824, "ptr_wrapper": {"id": 2147483649, "data": {"local_path": "", "filename": "075418_15357.965820.jpg", "width": 1920, "height": 1080, "id_view": 9, "id_intrinsic": 0, "id_pose": 9}}}}, {"key": 8, "value": {"polymorphic_id": 1073741824, "ptr_wrapper": {"id": 2147483650, "data": {"local_path": "", "filename": "075417_15357.866211.jpg", "width": 1920, "height": 1080, "id_view": 8, "id_intrinsic": 0, "id_pose": 8}}}}, {"key": 7, "value": {"polymorphic_id": 1073741824, "ptr_wrapper": {"id": 2147483651, "data": {"local_path": "", "filename": "075416_15357.766602.jpg", "width": 1920, "height": 1080, "id_view": 7, "id_intrinsic": 0, "id_pose": 7}}}}, {"key": 6, "value": {"polymorphic_id": 1073741824, "ptr_wrapper": {"id": 2147483652, "data": {"local_path": "", "filename": "075415_15357.666016.jpg", "width": 1920, "height": 1080, "id_view": 6, "id_intrinsic": 0, "id_pose": 6}}}}, {"key": 5, "value": {"polymorphic_id": 1073741824, "ptr_wrapper": {"id": 2147483653, "data": {"local_path": "", "filename": "075414_15357.566406.jpg", "width": 1920, "height": 1080, "id_view": 5, "id_intrinsic": 0, "id_pose": 5}}}}, {"key": 4, "value": {"polymorphic_id": 1073741824, "ptr_wrapper": {"id": 2147483654, "data": {"local_path": "", "filename": "075413_15357.497820.jpg", "width": 1920, "height": 1080, "id_view": 4, "id_intrinsic": 0, "id_pose": 4}}}}, {"key": 3, "value": {"polymorphic_id": 1073741824, "ptr_wrapper": {"id": 2147483655, "data": {"local_path": "", "filename": "075412_15357.398211.jpg", "width": 1920, "height": 1080, "id_view": 3, "id_intrinsic": 0, "id_pose": 3}}}}, {"key": 2, "value": {"polymorphic_id": 1073741824, "ptr_wrapper": {"id": 2147483656, "data": {"local_path": "", "filename": "075411_15357.299602.jpg", "width": 1920, "height": 1080, "id_view": 2, "id_intrinsic": 0, "id_pose": 2}}}}, {"key": 1, "value": {"polymorphic_id": 1073741824, "ptr_wrapper": {"id": 2147483657, "data": {"local_path": "", "filename": "075410_15357.198016.jpg", "width": 1920, "height": 1080, "id_view": 1, "id_intrinsic": 0, "id_pose": 1}}}}, {"key": 0, "value": {"polymorphic_id": 1073741824, "ptr_wrapper": {"id": 2147483658, "data": {"local_path": "", "filename": "075409_15357.099406.jpg", "width": 1920, "height": 1080, "id_view": 0, "id_intrinsic": 0, "id_pose": 0}}}}], "intrinsics": [{"key": 0, "value": {"polymorphic_id": 2147483649, "polymorphic_name": "pinhole_radial_k3", "ptr_wrapper": {"id": 2147483659, "data": {"width": 1920, "height": 1080, "focal_length": 1739.13, "principal_point": [960.0, 540.0], "disto_k3": [0.0, 0.0, 0.0]}}}}], "extrinsics": [{"key": 0, "value": {"rotation": [[0.9999999919911999, 0.00010911833020283303, 6.411544763988174e-05], [-0.00010911433136477835, 0.9999999921020527, -6.236952662443593e-05], [-6.412225279210234e-05, 6.236253021073152e-05, 0.9999999959996257]], "center": [102655.28827447223, -59731.17478745511, 609.331632174298]}}, {"key": 1, "value": {"rotation": [[0.9999995506237188, 0.0006162881268106714, 0.0007203758087130242], [-0.0006163974247139735, 0.9999997985492534, 0.00015151127968562785], [-0.0007202822889900236, -0.00015195524939334653, 0.9999997290514765]], "center": [102655.08969330597, -59737.73423359587, 609.7892729476476]}}, {"key": 2, "value": {"rotation": [[0.9999994182214809, -0.00055741385078196, 0.0009234968866021056], [0.0005576061376911165, 0.9999998229115682, -0.00020797169996233445], [-0.0009233807967553577, 0.00020848652650101192, 0.9999995519505358]], "center": [102655.64276650056, -59744.4939655139, 610.2306484475346]}}, {"key": 3, "value": {"rotation": [[0.9999993925073534, -0.0010752635518697972, -0.00024247313025637044], [0.0010750955706631906, 0.9999991827546998, -0.000691852185958414], [0.00024321685553521018, 0.000691591083874944, 0.9999997312736307]], "center": [102655.70914939285, -59750.73710152592, 610.8484904064758]}}, {"key": 4, "value": {"rotation": [[0.9999978894002486, -0.0014262854197450694, 0.001478818768712775], [0.0014249045727703592, 0.9999985482861867, 0.0009343834748008958], [-0.0014801493194176389, -0.0009322743270655541, 0.9999984700101151]], "center": [102655.39273411383, -59758.302462998436, 610.217520746506]}}, {"key": 5, "value": {"rotation": [[0.9999969480166739, -0.002183143348311749, 0.0011566513990480646], [0.0021820460532669017, 0.9999971689412469, 0.0009490966827602461], [-0.001158720138609823, -0.0009465699195127402, 0.9999988806858873]], "center": [102655.64358183456, -59765.065666282484, 610.6296836739083]}}, {"key": 6, "value": {"rotation": [[0.9999945486524974, -0.0027462027707933698, 0.0018333127475044498], [0.0027429731424311442, 0.9999946860101065, 0.0017618314020112467], [-0.0018381413515768824, -0.001756793070027978, 0.9999967674520154]], "center": [102654.97316509248, -59772.1587834863, 610.5356576897514]}}, {"key": 7, "value": {"rotation": [[0.999990732446234, -0.004127398303242067, 0.001224583558405152], [0.004127033443772991, 0.9999914386637984, 0.00030032326202532577], [-0.0012258126280556567, -0.0002952665814631395, 0.999999205100207]], "center": [102655.51938056172, -59778.25050776542, 611.5618234792341]}}, {"key": 8, "value": {"rotation": [[0.9999854706480549, -0.005304655411724219, 0.0009587094199217525], [0.005305025733306355, 0.9999858544685545, -0.00038414159544072354], [-0.0009566581196743128, 0.00038922199225569745, 0.9999994666555985]], "center": [102655.5484686653, -59784.501823194136, 612.1635783124259]}}, {"key": 9, "value": {"rotation": [[0.9999798256061784, -0.006349065899395381, -0.00019427517405739325], [0.006348742198728142, 0.9999785282026168, -0.001623762982683569], [0.00020458038080233337, 0.0016224968212539144, 0.9999986628245717]], "center": [102655.98371546115, -59790.62481547384, 613.2429269945723]}}], "structure": [], "control_points": []}