{"sfm_data_version": "0.3", "root_path": "/mnt/ST8000/jialei/SFM_E/ex_sea_12/1-5/images", "views": [{"key": 9, "value": {"polymorphic_id": 1073741824, "ptr_wrapper": {"id": 2147483649, "data": {"local_path": "", "filename": "075418_15357.965820.jpg", "width": 1920, "height": 1080, "id_view": 9, "id_intrinsic": 0, "id_pose": 9}}}}, {"key": 8, "value": {"polymorphic_id": 1073741824, "ptr_wrapper": {"id": 2147483650, "data": {"local_path": "", "filename": "075417_15357.866211.jpg", "width": 1920, "height": 1080, "id_view": 8, "id_intrinsic": 0, "id_pose": 8}}}}, {"key": 7, "value": {"polymorphic_id": 1073741824, "ptr_wrapper": {"id": 2147483651, "data": {"local_path": "", "filename": "075416_15357.766602.jpg", "width": 1920, "height": 1080, "id_view": 7, "id_intrinsic": 0, "id_pose": 7}}}}, {"key": 6, "value": {"polymorphic_id": 1073741824, "ptr_wrapper": {"id": 2147483652, "data": {"local_path": "", "filename": "075415_15357.666016.jpg", "width": 1920, "height": 1080, "id_view": 6, "id_intrinsic": 0, "id_pose": 6}}}}, {"key": 5, "value": {"polymorphic_id": 1073741824, "ptr_wrapper": {"id": 2147483653, "data": {"local_path": "", "filename": "075414_15357.566406.jpg", "width": 1920, "height": 1080, "id_view": 5, "id_intrinsic": 0, "id_pose": 5}}}}, {"key": 4, "value": {"polymorphic_id": 1073741824, "ptr_wrapper": {"id": 2147483654, "data": {"local_path": "", "filename": "075413_15357.497820.jpg", "width": 1920, "height": 1080, "id_view": 4, "id_intrinsic": 0, "id_pose": 4}}}}, {"key": 3, "value": {"polymorphic_id": 1073741824, "ptr_wrapper": {"id": 2147483655, "data": {"local_path": "", "filename": "075412_15357.398211.jpg", "width": 1920, "height": 1080, "id_view": 3, "id_intrinsic": 0, "id_pose": 3}}}}, {"key": 2, "value": {"polymorphic_id": 1073741824, "ptr_wrapper": {"id": 2147483656, "data": {"local_path": "", "filename": "075411_15357.299602.jpg", "width": 1920, "height": 1080, "id_view": 2, "id_intrinsic": 0, "id_pose": 2}}}}, {"key": 1, "value": {"polymorphic_id": 1073741824, "ptr_wrapper": {"id": 2147483657, "data": {"local_path": "", "filename": "075410_15357.198016.jpg", "width": 1920, "height": 1080, "id_view": 1, "id_intrinsic": 0, "id_pose": 1}}}}, {"key": 0, "value": {"polymorphic_id": 1073741824, "ptr_wrapper": {"id": 2147483658, "data": {"local_path": "", "filename": "075409_15357.099406.jpg", "width": 1920, "height": 1080, "id_view": 0, "id_intrinsic": 0, "id_pose": 0}}}}], "intrinsics": [{"key": 0, "value": {"polymorphic_id": 2147483649, "polymorphic_name": "pinhole_radial_k3", "ptr_wrapper": {"id": 2147483659, "data": {"width": 1920, "height": 1080, "focal_length": 1739.13, "principal_point": [960.0, 540.0], "disto_k3": [0.0, 0.0, 0.0]}}}}], "extrinsics": [{"key": 0, "value": {"rotation": [[0.9999998642220408, -0.0004113258391110279, 0.00031994836147433903], [0.00041137520604133033, 0.9999999034892928, -0.0001542460531545979], [-0.00031988488520866146, 0.00015437765103449016, 0.9999999369205985]], "center": [0.00023914608313100813, -0.0005058258723626868, 0.00027785236273996137]}}, {"key": 1, "value": {"rotation": [[0.999999518954922, 9.590448035431428e-05, 0.000976162002538013], [-9.596261240399095e-05, 0.9999999936251672, 5.950497823267636e-05], [-0.0009761562895211279, -5.959862466398727e-05, 0.9999995217833368]], "center": [-8.962507676548932e-05, -0.01117568376588819, 0.001023183152286278]}}, {"key": 2, "value": {"rotation": [[0.9999987237144718, -0.001077778580971386, 0.0011793908419476479], [0.0010781327192438558, 0.9999993739113829, -0.00029967762984780866], [-0.0011790671174138256, 0.00030094878722908644, 0.9999992596150059]], "center": [0.0008041391355888893, -0.022171980540335645, 0.0017423983500052089]}}, {"key": 3, "value": {"rotation": [[0.9999987267226861, -0.0015957354443224137, 1.3468425365202668e-05], [0.00159574550626757, 0.9999984199190222, -0.0007834256431507012], [-1.2218264017218143e-05, 0.000783446137811827, 0.9999996930313844]], "center": [0.0009065798161111156, -0.0323275046461297, 0.0027483876233187323]}}, {"key": 4, "value": {"rotation": [[0.9999966006201922, -0.0019465981534262408, 0.0017347921170521932], [0.0019451381362089219, 0.9999977529764973, 0.0008428995119646926], [-0.0017364290055669946, -0.0008395222363238819, 0.9999981400066318]], "center": [0.00038573203877013875, -0.04463372412634943, 0.001723002872517575]}}, {"key": 5, "value": {"rotation": [[0.9999953477210636, -0.0027034851198644927, 0.001412694034795202], [0.002702275007903958, 0.9999959809307711, 0.0008578065553742058], [-0.0014150074243382148, -0.0008539850768348555, 0.9999986342308059]], "center": [0.0007878825160624601, -0.055635416194726256, 0.0023945734112581214]}}, {"key": 6, "value": {"rotation": [[0.9999924822130843, -0.0032664809744574583, 0.002089406460618578], [0.003262992816880944, 0.9999932808222106, 0.0016706849818877466], [-0.002094849682232721, -0.00166385470376155, 0.999996421589764]], "center": [-0.00030863457430122595, -0.06717306715485645, 0.002242404329611022]}}, {"key": 7, "value": {"rotation": [[0.9999881028416392, -0.0046477303198381, 0.0014808031785544181], [0.004647425041942726, 0.9999891787100077, 0.0002095312962202901], [-0.0014817609993121555, -0.00020264688161911716, 0.9999988816586654]], "center": [0.0005742965747856364, -0.077082638541199, 0.0039127813726710465]}}, {"key": 8, "value": {"rotation": [[0.999982296322438, -0.00582500898096664, 0.001215035833133119], [0.005825589309714797, 0.9999829184711105, -0.0004746316420456244], [-0.0012122503448858048, 0.0004817015390804386, 0.9999991492060016]], "center": [0.0006160704830885075, -0.08725143874203604, 0.004892587800741565]}}, {"key": 9, "value": {"rotation": [[0.9999764026212685, -0.0068695224383577055, 6.214576516304415e-05], [0.006869618875574932, 0.9999749349813497, -0.0017139852830925003], [-5.036994711701308e-05, 0.0017143717552539526, 0.9999985291950942]], "center": [0.001318442942719788, -0.09721177113472358, 0.006649434684353297]}}], "structure": [], "control_points": []}