{"sfm_data_version": "0.3", "root_path": "/mnt/ST8000/jialei/SFM_E/ex_sea_12/1-2/images", "views": [{"key": 9, "value": {"polymorphic_id": 1073741824, "ptr_wrapper": {"id": 2147483649, "data": {"local_path": "", "filename": "038735_11734.566406.jpg", "width": 1920, "height": 1080, "id_view": 9, "id_intrinsic": 0, "id_pose": 9}}}}, {"key": 8, "value": {"polymorphic_id": 1073741824, "ptr_wrapper": {"id": 2147483650, "data": {"local_path": "", "filename": "038734_11734.465820.jpg", "width": 1920, "height": 1080, "id_view": 8, "id_intrinsic": 0, "id_pose": 8}}}}, {"key": 7, "value": {"polymorphic_id": 1073741824, "ptr_wrapper": {"id": 2147483651, "data": {"local_path": "", "filename": "038733_11734.399211.jpg", "width": 1920, "height": 1080, "id_view": 7, "id_intrinsic": 0, "id_pose": 7}}}}, {"key": 6, "value": {"polymorphic_id": 1073741824, "ptr_wrapper": {"id": 2147483652, "data": {"local_path": "", "filename": "038732_11734.299602.jpg", "width": 1920, "height": 1080, "id_view": 6, "id_intrinsic": 0, "id_pose": 6}}}}, {"key": 5, "value": {"polymorphic_id": 1073741824, "ptr_wrapper": {"id": 2147483653, "data": {"local_path": "", "filename": "038731_11734.198016.jpg", "width": 1920, "height": 1080, "id_view": 5, "id_intrinsic": 0, "id_pose": 5}}}}, {"key": 4, "value": {"polymorphic_id": 1073741824, "ptr_wrapper": {"id": 2147483654, "data": {"local_path": "", "filename": "038730_11734.100406.jpg", "width": 1920, "height": 1080, "id_view": 4, "id_intrinsic": 0, "id_pose": 4}}}}, {"key": 3, "value": {"polymorphic_id": 1073741824, "ptr_wrapper": {"id": 2147483655, "data": {"local_path": "", "filename": "038729_11733.998820.jpg", "width": 1920, "height": 1080, "id_view": 3, "id_intrinsic": 0, "id_pose": 3}}}}, {"key": 2, "value": {"polymorphic_id": 1073741824, "ptr_wrapper": {"id": 2147483656, "data": {"local_path": "", "filename": "038728_11733.899211.jpg", "width": 1920, "height": 1080, "id_view": 2, "id_intrinsic": 0, "id_pose": 2}}}}, {"key": 1, "value": {"polymorphic_id": 1073741824, "ptr_wrapper": {"id": 2147483657, "data": {"local_path": "", "filename": "038727_11733.798602.jpg", "width": 1920, "height": 1080, "id_view": 1, "id_intrinsic": 0, "id_pose": 1}}}}, {"key": 0, "value": {"polymorphic_id": 1073741824, "ptr_wrapper": {"id": 2147483658, "data": {"local_path": "", "filename": "038726_11733.699016.jpg", "width": 1920, "height": 1080, "id_view": 0, "id_intrinsic": 0, "id_pose": 0}}}}], "intrinsics": [{"key": 0, "value": {"polymorphic_id": 2147483649, "polymorphic_name": "pinhole_radial_k3", "ptr_wrapper": {"id": 2147483659, "data": {"width": 1920, "height": 1080, "focal_length": 1739.13, "principal_point": [960.0, 540.0], "disto_k3": [0.0, 0.0, 0.0]}}}}], "extrinsics": [{"key": 0, "value": {"rotation": [[0.999999977694835, 3.868166688951621e-05, 0.00020763925020759205], [-3.8733766064676704e-05, 0.9999999677709742, 0.0002509138220158193], [-0.0002076295377507001, -0.0002509218590692885, 0.9999999469640963]], "center": [102655.28827471276, -59731.17478758986, 609.3316319737821]}}, {"key": 1, "value": {"rotation": [[0.9999987125075409, 0.0014511486673557217, 0.0006849458414889445], [-0.0014518697285825057, 0.9999983912029822, 0.001053406730050613], [-0.00068341608977763, -0.00105439982593036, 0.999999210591416]], "center": [102655.167009648, -59737.63438722779, 610.4419349498795]}}, {"key": 2, "value": {"rotation": [[0.9999995533789187, 0.000608026420423836, 0.0007235646726089635], [-0.0006090766295188616, 0.9999987602095725, 0.0014521036387542506], [-0.0007226808581628584, -0.0014525436965461649, 0.9999986839237274]], "center": [102655.14563882776, -59744.66316630347, 610.9485555194185]}}, {"key": 3, "value": {"rotation": [[0.9999964090345731, -0.0009360584308115906, 0.0025111177936147982], [0.0009331208469233621, 0.9999988793168925, 0.0011707478142358846], [-0.0025122108678093443, -0.0011684004337586405, 0.9999961618111252]], "center": [102654.09748538156, -59751.04567183859, 610.2130778351676]}}, {"key": 4, "value": {"rotation": [[0.9999946157169347, -0.001892862009930978, 0.0026805989166945442], [0.001889756417073061, 0.9999975409068026, 0.0011606037359883352], [-0.002682789187572377, -0.0011555318079648261, 0.9999957336851072]], "center": [102654.43903202217, -59757.779623485, 610.8140877289404]}}, {"key": 5, "value": {"rotation": [[0.9999909661366632, -0.0033500581810931036, 0.002616248315284658], [0.0033495321656975548, 0.9999943692040557, 0.00020541288620091642], [-0.0026169217288441425, -0.00019664782264343456, 0.9999965565192208]], "center": [102654.54447781833, -59763.97779804387, 611.8734939866517]}}, {"key": 6, "value": {"rotation": [[0.9999857574702559, -0.004617194238300095, 0.0026770084058849067], [0.004616448972289176, 0.9999893036699873, 0.00028450747029490613], [-0.0026782933979721106, -0.00027214514548461557, 0.9999963763341817]], "center": [102654.89999761326, -59770.962374399074, 612.6419353375037]}}, {"key": 7, "value": {"rotation": [[0.9999747283491129, -0.006417738002597583, 0.0030586438250921684], [0.006417193448475849, 0.9999793919638628, 0.00018781860541095376], [-0.003059786163051201, -0.00016818594980912217, 0.9999953047000385]], "center": [102654.69926545525, -59778.05910984401, 613.1822445551493]}}, {"key": 8, "value": {"rotation": [[0.9999695380731448, -0.0068757914645908, 0.0036941057805815725], [0.006874323268672705, 0.9999762875113711, 0.0004099933823910489], [-0.0036968372131394294, -0.0003845864158782172, 0.9999930927200988]], "center": [102653.94677620385, -59784.69049112515, 613.1081409202923]}}, {"key": 9, "value": {"rotation": [[0.9999568032310024, -0.008226666201980802, 0.004325925939791157], [0.00822589129025794, 0.999966147399584, 0.0001968941717954441], [-0.004327399278577346, -0.00016130107009292873, 0.9999906237547673]], "center": [102653.98076402544, -59791.5141573963, 613.384287015249]}}], "structure": [], "control_points": []}