{"sfm_data_version": "0.3", "root_path": "/mnt/ST8000/jialei/SFM_E/ex_sea_12/1-2/images", "views": [{"key": 9, "value": {"polymorphic_id": 1073741824, "ptr_wrapper": {"id": 2147483649, "data": {"local_path": "", "filename": "038735_11734.566406.jpg", "width": 1920, "height": 1080, "id_view": 9, "id_intrinsic": 0, "id_pose": 9}}}}, {"key": 8, "value": {"polymorphic_id": 1073741824, "ptr_wrapper": {"id": 2147483650, "data": {"local_path": "", "filename": "038734_11734.465820.jpg", "width": 1920, "height": 1080, "id_view": 8, "id_intrinsic": 0, "id_pose": 8}}}}, {"key": 7, "value": {"polymorphic_id": 1073741824, "ptr_wrapper": {"id": 2147483651, "data": {"local_path": "", "filename": "038733_11734.399211.jpg", "width": 1920, "height": 1080, "id_view": 7, "id_intrinsic": 0, "id_pose": 7}}}}, {"key": 6, "value": {"polymorphic_id": 1073741824, "ptr_wrapper": {"id": 2147483652, "data": {"local_path": "", "filename": "038732_11734.299602.jpg", "width": 1920, "height": 1080, "id_view": 6, "id_intrinsic": 0, "id_pose": 6}}}}, {"key": 5, "value": {"polymorphic_id": 1073741824, "ptr_wrapper": {"id": 2147483653, "data": {"local_path": "", "filename": "038731_11734.198016.jpg", "width": 1920, "height": 1080, "id_view": 5, "id_intrinsic": 0, "id_pose": 5}}}}, {"key": 4, "value": {"polymorphic_id": 1073741824, "ptr_wrapper": {"id": 2147483654, "data": {"local_path": "", "filename": "038730_11734.100406.jpg", "width": 1920, "height": 1080, "id_view": 4, "id_intrinsic": 0, "id_pose": 4}}}}, {"key": 3, "value": {"polymorphic_id": 1073741824, "ptr_wrapper": {"id": 2147483655, "data": {"local_path": "", "filename": "038729_11733.998820.jpg", "width": 1920, "height": 1080, "id_view": 3, "id_intrinsic": 0, "id_pose": 3}}}}, {"key": 2, "value": {"polymorphic_id": 1073741824, "ptr_wrapper": {"id": 2147483656, "data": {"local_path": "", "filename": "038728_11733.899211.jpg", "width": 1920, "height": 1080, "id_view": 2, "id_intrinsic": 0, "id_pose": 2}}}}, {"key": 1, "value": {"polymorphic_id": 1073741824, "ptr_wrapper": {"id": 2147483657, "data": {"local_path": "", "filename": "038727_11733.798602.jpg", "width": 1920, "height": 1080, "id_view": 1, "id_intrinsic": 0, "id_pose": 1}}}}, {"key": 0, "value": {"polymorphic_id": 1073741824, "ptr_wrapper": {"id": 2147483658, "data": {"local_path": "", "filename": "038726_11733.699016.jpg", "width": 1920, "height": 1080, "id_view": 0, "id_intrinsic": 0, "id_pose": 0}}}}], "intrinsics": [{"key": 0, "value": {"polymorphic_id": 2147483649, "polymorphic_name": "pinhole_radial_k3", "ptr_wrapper": {"id": 2147483659, "data": {"width": 1920, "height": 1080, "focal_length": 1739.13, "principal_point": [960.0, 540.0], "disto_k3": [0.0, 0.0, 0.0]}}}}], "extrinsics": [{"key": 0, "value": {"rotation": [[0.9999992953034492, -0.0011870380090073782, 1.825842249659235e-05], [0.0011870351470894094, 0.9999992833109352, 0.00015596530217854555], [-1.8443546152761518e-05, -0.0001559435188811002, 0.9999999876707272]], "center": [-0.0003356032650791716, -0.0011905517265743762, 0.0006611411238575636]}}, {"key": 1, "value": {"rotation": [[0.9999998518545741, 0.0002254746870655493, 0.000495431120656439], [-0.0002259495938356977, 0.9999995148955421, 0.0009587259575767422], [-0.0004952147118853454, -0.0009588377580063536, 0.999999417696102]], "center": [-0.0005388205418128168, -0.0113683203506196, 0.0024116112064398033]}}, {"key": 2, "value": {"rotation": [[0.9999996666103578, -0.0006176442952868655, 0.0005341298510597843], [0.0006169188597260714, 0.9999988886232233, 0.0013572632165355207], [-0.0005349675633231825, -0.0013569332492593398, 0.999998936270366]], "center": [-0.0005859174209513141, -0.022443208433081268, 0.003210934378904295]}}, {"key": 3, "value": {"rotation": [[0.9999949683801441, -0.0021615548019362895, 0.0023218301473130944], [0.0021590619809061158, 0.9999970907472804, 0.0010756153300515458], [-0.0023241483940041104, -0.00107059694276689, 0.9999967260728552]], "center": [-0.0022500029755879508, -0.032497987872102556, 0.002053334393990569]}}, {"key": 4, "value": {"rotation": [[0.9999920344048399, -0.003118339405982825, 0.0024914024603026334], [0.003115693252505219, 0.9999945787914631, 0.0010652902141995968], [-0.0024947108903440587, -0.0010575192826941366, 0.9999963290285323]], "center": [-0.0017246657346188733, -0.04310901336946224, 0.0030012312763903985]}}, {"key": 5, "value": {"rotation": [[0.9999865865168645, -0.004575536098024564, 0.002427190920788687], [0.0045752829883545275, 0.9999895273073777, 0.00010982323884147124], [-0.002427668001757935, -9.871668039989286e-05, 0.9999970483371892]], "center": [-0.0015701728242101046, -0.05287530896136736, 0.004671398331399594]}}, {"key": 6, "value": {"rotation": [[0.9999798362123477, -0.005842659057765201, 0.0024880723184125095], [0.005842207599464753, 0.9999829163594921, 0.0001886783770631998], [-0.0024891321965081863, -0.0001741387375857961, 0.9999968869434589]], "center": [-0.0010232526129937182, -0.06388123717314442, 0.005883144712972396]}}, {"key": 7, "value": {"rotation": [[0.9999666724521008, -0.00764315179265287, 0.0028698807898875924], [0.007642920219715665, 0.9999707882587852, 9.164943565907986e-05], [-0.0028704974462210727, -6.971211129091364e-05, 0.9999958776838198]], "center": [-0.0013530841546943507, -0.07506285032594939, 0.006735613654367181]}}, {"key": 8, "value": {"rotation": [[0.9999610411500528, -0.00810113835328772, 0.0035053872088938215], [0.008100087983771436, 0.9999671445318417, 0.00031373793249501016], [-0.0035078136721538107, -0.0002853317648167315, 0.9999938068953356]], "center": [-0.0025515850214561497, -0.085510247022517, 0.006620067743384112]}}, {"key": 9, "value": {"rotation": [[0.9999467702474146, -0.009451936611902495, 0.004137338039075812], [0.009451602155951087, 0.999955327572083, 0.00010038373343867635], [-0.004138102034825812, -6.127391690732309e-05, 0.9999914361418586]], "center": [-0.0025111278720899434, -0.09626208724351529, 0.007056192754828877]}}], "structure": [], "control_points": []}