{"sfm_data_version": "0.3", "root_path": "/mnt/ST8000/jialei/SFM_E/ex_sea_12/6-3/images", "views": [{"key": 9, "value": {"polymorphic_id": 1073741824, "ptr_wrapper": {"id": 2147483649, "data": {"local_path": "", "filename": "087511_13303.979266.jpg", "width": 1920, "height": 1080, "id_view": 9, "id_intrinsic": 0, "id_pose": 9}}}}, {"key": 8, "value": {"polymorphic_id": 1073741824, "ptr_wrapper": {"id": 2147483650, "data": {"local_path": "", "filename": "087510_13303.879656.jpg", "width": 1920, "height": 1080, "id_view": 8, "id_intrinsic": 0, "id_pose": 8}}}}, {"key": 7, "value": {"polymorphic_id": 1073741824, "ptr_wrapper": {"id": 2147483651, "data": {"local_path": "", "filename": "087509_13303.781047.jpg", "width": 1920, "height": 1080, "id_view": 7, "id_intrinsic": 0, "id_pose": 7}}}}, {"key": 6, "value": {"polymorphic_id": 1073741824, "ptr_wrapper": {"id": 2147483652, "data": {"local_path": "", "filename": "087508_13303.679461.jpg", "width": 1920, "height": 1080, "id_view": 6, "id_intrinsic": 0, "id_pose": 6}}}}, {"key": 5, "value": {"polymorphic_id": 1073741824, "ptr_wrapper": {"id": 2147483653, "data": {"local_path": "", "filename": "087507_13303.580852.jpg", "width": 1920, "height": 1080, "id_view": 5, "id_intrinsic": 0, "id_pose": 5}}}}, {"key": 4, "value": {"polymorphic_id": 1073741824, "ptr_wrapper": {"id": 2147483654, "data": {"local_path": "", "filename": "087506_13303.479266.jpg", "width": 1920, "height": 1080, "id_view": 4, "id_intrinsic": 0, "id_pose": 4}}}}, {"key": 3, "value": {"polymorphic_id": 1073741824, "ptr_wrapper": {"id": 2147483655, "data": {"local_path": "", "filename": "087505_13303.379656.jpg", "width": 1920, "height": 1080, "id_view": 3, "id_intrinsic": 0, "id_pose": 3}}}}, {"key": 2, "value": {"polymorphic_id": 1073741824, "ptr_wrapper": {"id": 2147483656, "data": {"local_path": "", "filename": "087504_13303.248047.jpg", "width": 1920, "height": 1080, "id_view": 2, "id_intrinsic": 0, "id_pose": 2}}}}, {"key": 1, "value": {"polymorphic_id": 1073741824, "ptr_wrapper": {"id": 2147483657, "data": {"local_path": "", "filename": "087503_13303.179461.jpg", "width": 1920, "height": 1080, "id_view": 1, "id_intrinsic": 0, "id_pose": 1}}}}, {"key": 0, "value": {"polymorphic_id": 1073741824, "ptr_wrapper": {"id": 2147483658, "data": {"local_path": "", "filename": "087502_13303.047852.jpg", "width": 1920, "height": 1080, "id_view": 0, "id_intrinsic": 0, "id_pose": 0}}}}], "intrinsics": [{"key": 0, "value": {"polymorphic_id": 2147483649, "polymorphic_name": "pinhole_radial_k3", "ptr_wrapper": {"id": 2147483659, "data": {"width": 1920, "height": 1080, "focal_length": 1739.13, "principal_point": [960.0, 540.0], "disto_k3": [0.0, 0.0, 0.0]}}}}], "extrinsics": [{"key": 0, "value": {"rotation": [[0.9999999672420161, -0.00014718557111236024, 0.00020940958470738814], [0.00014717960402923073, 0.9999999887626743, 2.8509919756480387e-05], [-0.00020941377860301185, -2.8479098002753763e-05, 0.9999999776674049]], "center": [0.00021245914677789728, -5.823882068599316e-05, 0.00012046399343129956]}}, {"key": 1, "value": {"rotation": [[0.9999999707012606, 2.092643455458232e-05, -0.0002411629375187072], [-2.0995705865639347e-05, 0.9999999585262739, -0.0002872396751344993], [0.00024115691661452023, 0.00028724473010483925, 0.9999999296669009]], "center": [-0.0020588088561633087, -0.011391781623893031, 7.071828146291009e-05]}}, {"key": 2, "value": {"rotation": [[0.9999999785503961, -0.00020572193812400796, 2.4035223057610817e-05], [0.0002056998338678324, 0.9999995592496803, 0.000916072062458154], [-2.422366858426481e-05, -0.0009160670987673967, 0.9999995801170541]], "center": [-0.0031611869734625986, -0.023809380801133664, 0.0002456109734441139]}}, {"key": 3, "value": {"rotation": [[0.9999992239912028, -0.0012457696783809975, 8.654540937406127e-06], [0.0012457704568548853, 0.9999992199294454, -9.053435597606945e-05], [-8.54174923074585e-06, 9.054506729201859e-05, 0.9999999958643145]], "center": [-0.004024032906594968, -0.034246372605687546, 0.0009010350265922537]}}, {"key": 4, "value": {"rotation": [[0.999998087250566, -0.0018835979535312141, 0.0005268339009457907], [0.0018835071038135894, 0.999998211253812, 0.00017288772790401017], [-0.0005271586095441255, -0.00017189510181812805, 0.9999998462779252]], "center": [-0.005393906378116895, -0.045901317225079855, 0.0010358421588434565]}}, {"key": 5, "value": {"rotation": [[0.9999971861936444, -0.0022166694371101485, 0.0008449742011440282], [0.0022151647607980547, 0.9999959667040001, 0.001777532226144468], [-0.000848910994472148, -0.0017756554674388221, 0.9999980631970165]], "center": [-0.006424278510311426, -0.058723290367848964, 0.0012401931506956496]}}, {"key": 6, "value": {"rotation": [[0.9999954631669132, -0.002617390484383427, 0.0014909435411996222], [0.0026134299191025844, 0.9999930678900691, 0.002652198308191329], [-0.0014978750444296543, -0.002648289799152009, 0.9999953714550336]], "center": [-0.008339545769859475, -0.07075471526750032, 0.0011956967403025718]}}, {"key": 7, "value": {"rotation": [[0.9999944627753329, -0.0028138634917389297, 0.0017766797469634572], [0.002806104688036247, 0.9999865818821512, 0.0043545185878584814], [-0.0017889089281436976, -0.004349508926543633, 0.9999889407273186]], "center": [-0.009127278904744171, -0.08366058222642711, 0.0013133978602316203]}}, {"key": 8, "value": {"rotation": [[0.9999916803829798, -0.002892433061620348, 0.0028762815940646556], [0.00287550810173628, 0.999978630313535, 0.005871147198312848], [-0.00289320202909485, -0.005862827581590052, 0.9999786280890044]], "center": [-0.012010120624514028, -0.09613232368777673, 0.0009231734749504196]}}, {"key": 9, "value": {"rotation": [[0.9999881207510068, -0.0034147271604930227, 0.0034782172573008118], [0.0033880207296818903, 0.9999649577469066, 0.007655363725091068], [-0.0035042363511668738, -0.007643488512949107, 0.9999646480805946]], "center": [-0.013165887091867896, -0.10934416838728774, 0.0007142200888080749]}}], "structure": [], "control_points": []}