{"sfm_data_version": "0.3", "root_path": "/mnt/ST8000/jialei/SFM_E/ex_sea_12/6-3/images", "views": [{"key": 9, "value": {"polymorphic_id": 1073741824, "ptr_wrapper": {"id": 2147483649, "data": {"local_path": "", "filename": "087511_13303.979266.jpg", "width": 1920, "height": 1080, "id_view": 9, "id_intrinsic": 0, "id_pose": 9}}}}, {"key": 8, "value": {"polymorphic_id": 1073741824, "ptr_wrapper": {"id": 2147483650, "data": {"local_path": "", "filename": "087510_13303.879656.jpg", "width": 1920, "height": 1080, "id_view": 8, "id_intrinsic": 0, "id_pose": 8}}}}, {"key": 7, "value": {"polymorphic_id": 1073741824, "ptr_wrapper": {"id": 2147483651, "data": {"local_path": "", "filename": "087509_13303.781047.jpg", "width": 1920, "height": 1080, "id_view": 7, "id_intrinsic": 0, "id_pose": 7}}}}, {"key": 6, "value": {"polymorphic_id": 1073741824, "ptr_wrapper": {"id": 2147483652, "data": {"local_path": "", "filename": "087508_13303.679461.jpg", "width": 1920, "height": 1080, "id_view": 6, "id_intrinsic": 0, "id_pose": 6}}}}, {"key": 5, "value": {"polymorphic_id": 1073741824, "ptr_wrapper": {"id": 2147483653, "data": {"local_path": "", "filename": "087507_13303.580852.jpg", "width": 1920, "height": 1080, "id_view": 5, "id_intrinsic": 0, "id_pose": 5}}}}, {"key": 4, "value": {"polymorphic_id": 1073741824, "ptr_wrapper": {"id": 2147483654, "data": {"local_path": "", "filename": "087506_13303.479266.jpg", "width": 1920, "height": 1080, "id_view": 4, "id_intrinsic": 0, "id_pose": 4}}}}, {"key": 3, "value": {"polymorphic_id": 1073741824, "ptr_wrapper": {"id": 2147483655, "data": {"local_path": "", "filename": "087505_13303.379656.jpg", "width": 1920, "height": 1080, "id_view": 3, "id_intrinsic": 0, "id_pose": 3}}}}, {"key": 2, "value": {"polymorphic_id": 1073741824, "ptr_wrapper": {"id": 2147483656, "data": {"local_path": "", "filename": "087504_13303.248047.jpg", "width": 1920, "height": 1080, "id_view": 2, "id_intrinsic": 0, "id_pose": 2}}}}, {"key": 1, "value": {"polymorphic_id": 1073741824, "ptr_wrapper": {"id": 2147483657, "data": {"local_path": "", "filename": "087503_13303.179461.jpg", "width": 1920, "height": 1080, "id_view": 1, "id_intrinsic": 0, "id_pose": 1}}}}, {"key": 0, "value": {"polymorphic_id": 1073741824, "ptr_wrapper": {"id": 2147483658, "data": {"local_path": "", "filename": "087502_13303.047852.jpg", "width": 1920, "height": 1080, "id_view": 0, "id_intrinsic": 0, "id_pose": 0}}}}], "intrinsics": [{"key": 0, "value": {"polymorphic_id": 2147483649, "polymorphic_name": "pinhole_radial_k3", "ptr_wrapper": {"id": 2147483659, "data": {"width": 1920, "height": 1080, "focal_length": 1739.13, "principal_point": [960.0, 540.0], "disto_k3": [0.0, 0.0, 0.0]}}}}], "extrinsics": [{"key": 0, "value": {"rotation": [[0.9999999978522428, 6.459869933290687e-05, 1.1068993795858328e-05], [-6.459847772521995e-05, 0.9999999977131229, -2.001976904895122e-05], [-1.1070287021586442e-05, 2.0019053965804467e-05, 0.9999999997383432]], "center": [102655.28827440843, -59731.17478745178, 609.3316321566331]}}, {"key": 1, "value": {"rotation": [[0.9999998763426915, 0.00023268882984757466, -0.0004395116732389187], [-0.00023283639910848058, 0.9999999165342718, -0.000335735998699768], [0.00043943351453808925, 0.00033583829149887753, 0.9999998470554026]], "center": [102653.89498125791, -59738.13489024395, 609.3016980551447]}}, {"key": 2, "value": {"rotation": [[0.9999999847909934, 6.053337562577463e-06, -0.000174302527189565], [-5.902122568929878e-06, 0.9999996236776946, 0.0008675307686264118], [0.00017430771305219407, -0.0008675297266773083, 0.9999996085044207]], "center": [102653.21965906436, -59745.760541610725, 609.4096018785051]}}, {"key": 3, "value": {"rotation": [[0.999999447446459, -0.001033995284559743, -0.00018963261649274102], [0.0010339688807427957, 0.9999994557543039, -0.00013928190801461762], [0.00018977653012210386, 0.00013908575682962518, 0.99999997232001]], "center": [102652.69123193025, -59752.16987795751, 609.8125066437254]}}, {"key": 4, "value": {"rotation": [[0.9999985485618987, -0.0016717986316659693, 0.0003285778931707713], [0.00167175796094295, 0.999998594921971, 0.00012401372567786133], [-0.0003287847574700795, -0.00012346424297094146, 0.9999999383285799]], "center": [102651.85153967004, -59759.32722739926, 609.8958042259346]}}, {"key": 5, "value": {"rotation": [[0.9999977811432749, -0.002004854854878393, 0.0006467345195914773], [0.0020037343404326288, 0.9999964985021735, 0.0017285925157840413], [-0.0006501978321493459, -0.0017272927961188924, 0.9999982968497373]], "center": [102651.22049174999, -59767.201190198, 610.0218013455365]}}, {"key": 6, "value": {"rotation": [[0.9999962711027306, -0.002405544900618969, 0.0012927236231085096], [0.002402173574939177, 0.999993726489039, 0.0026031797251998673], [-0.0012989775789060368, -0.00260006467168299, 0.9999957761515558]], "center": [102650.04590619955, -59774.58980837637, 609.9950682067574]}}, {"key": 7, "value": {"rotation": [[0.9999953689931713, -0.0026020042448442918, 0.0015784695503792958], [0.002595187343266354, 0.999987363919685, 0.004305462067349889], [-0.001589652435286529, -0.004301345704526803, 0.9999894856598569]], "center": [102649.56386061515, -59782.51526048757, 610.0678275224197]}}, {"key": 8, "value": {"rotation": [[0.9999928213329249, -0.002680521024686407, 0.0026780757371013507], [0.002664893242317697, 0.999979500670048, 0.005822077265832355], [-0.0026936270388615915, -0.005814898685143773, 0.9999794654524947]], "center": [102647.79511323133, -59790.17440843674, 609.8289175445244]}}, {"key": 9, "value": {"rotation": [[0.9999894917008836, -0.003202786645607203, 0.003280037425356706], [0.0031777626212827494, 0.9999660232509795, 0.007606192762823991], [-0.0033042869929529933, -0.007595689654348569, 0.9999656930045865]], "center": [102647.08706237425, -59798.28781576528, 609.7011358046838]}}], "structure": [], "control_points": []}